1	729
1	805
1	904
1	1000
2	830
2	842
2	845
2	933
3	714
3	720
3	812
3	860
4	62
4	251
4	609
4	704
5	125
5	789
5	962
5	993
6	327
6	924
6	969
6	974
7	776
7	903
7	915
7	971
8	834
8	888
8	889
8	1000
9	515
9	932
9	945
9	985
10	172
10	295
10	947
10	963
11	812
11	860
11	900
11	912
12	751
12	856
12	906
12	948
13	720
13	812
13	860
13	970
14	830
14	845
14	987
14	988
15	384
15	837
15	899
15	964
16	158
16	699
16	716
16	877
17	106
17	815
17	902
17	968
18	888
18	966
18	970
18	1000
19	766
19	952
19	960
19	998
20	931
20	969
20	973
20	974
21	38
21	839
21	878
21	905
22	734
22	881
22	948
22	998
23	147
23	579
23	735
23	777
24	140
24	670
24	967
24	972
25	674
25	938
25	967
25	996
26	944
26	982
26	991
26	993
27	233
27	588
27	736
27	883
28	466
28	505
28	556
28	941
29	855
29	868
29	895
29	968
30	290
30	717
30	789
30	993
31	129
31	681
31	781
31	996
32	805
32	820
32	829
32	949
33	583
33	624
33	682
33	911
34	921
34	951
34	980
34	983
35	260
35	708
35	794
35	881
36	891
36	962
36	977
36	987
37	318
37	380
37	859
37	967
38	21
38	935
38	972
38	986
39	894
39	898
39	908
39	918
40	56
40	296
40	975
40	993
41	403
41	617
41	968
41	977
42	830
42	845
42	865
42	886
43	617
43	620
43	964
43	988
44	531
44	677
44	830
44	911
45	703
45	758
45	920
45	962
46	312
46	526
46	712
46	918
47	580
47	697
47	911
47	962
48	801
48	907
48	943
48	971
49	518
49	685
49	768
49	988
50	251
50	806
50	987
50	988
51	55
51	620
51	836
51	934
52	738
52	942
52	977
52	987
53	283
53	942
53	975
53	977
54	893
54	914
54	930
54	961
55	51
55	862
55	967
55	996
56	40
56	513
56	929
56	975
57	213
57	711
57	865
57	964
58	747
58	868
58	895
58	968
59	272
59	948
59	962
59	997
59	998
60	925
60	927
60	984
60	986
61	755
61	876
61	923
61	932
62	4
62	645
62	787
62	950
63	323
63	942
63	977
63	987
64	671
64	912
64	941
64	975
65	669
65	794
65	946
65	950
66	344
66	742
66	813
66	998
67	162
67	768
67	819
67	881
68	563
68	888
68	955
68	1000
69	636
69	868
69	895
69	968
70	792
70	808
70	878
70	905
71	503
71	608
71	830
71	845
72	870
72	972
72	984
72	986
73	101
73	782
73	812
73	900
74	365
74	669
74	842
74	975
75	355
75	356
75	960
75	970
76	87
76	783
76	793
76	859
77	604
77	952
77	966
77	970
78	840
78	856
78	948
78	995
79	921
79	976
79	980
79	994
80	357
80	833
80	934
80	967
81	509
81	828
81	923
81	932
82	264
82	598
82	693
82	889
83	490
83	565
83	757
83	1000
84	440
84	658
84	942
84	992
85	705
85	776
85	861
85	886
86	769
86	843
86	851
86	985
87	76
87	568
87	899
87	964
88	152
88	677
88	911
88	985
89	501
89	705
89	937
89	940
90	584
90	654
90	713
90	918
91	555
91	912
91	941
91	975
92	515
92	584
92	654
92	918
93	785
93	869
93	923
93	932
94	306
94	736
94	746
94	883
95	569
95	876
95	923
95	932
96	769
96	909
96	956
96	985
97	225
97	577
97	743
97	829
98	920
98	962
98	964
98	988
99	732
99	833
99	971
99	996
100	659
100	972
100	984
100	986
101	73
101	322
101	714
101	860
102	806
102	987
102	988
102	993
103	280
103	564
103	715
103	758
104	591
104	654
104	949
104	990
105	713
105	856
105	906
105	948
106	17
106	560
106	644
106	768
107	865
107	880
107	964
107	988
108	909
108	960
108	966
108	970
109	898
109	918
109	950
109	956
110	972
110	981
110	986
110	999
111	445
111	716
111	877
111	934
112	513
112	912
112	941
112	975
113	872
113	908
113	949
113	955
114	554
114	640
114	889
114	986
115	254
115	703
115	760
115	846
116	475
116	674
116	949
116	955
117	398
117	560
117	577
117	725
118	547
118	912
118	929
118	975
119	837
119	930
119	942
119	977
120	931
120	969
120	973
120	974
121	673
121	969
121	973
121	974
122	246
122	425
122	830
122	845
123	887
123	914
123	916
123	930
124	520
124	663
124	893
124	961
125	5
125	923
125	932
125	993
126	346
126	646
126	886
126	943
127	236
127	393
127	691
127	738
128	517
128	525
128	823
128	997
129	31
129	581
129	681
129	707
130	965
130	978
130	991
130	992
131	801
131	952
131	966
131	970
132	682
132	723
132	831
132	911
133	764
133	813
133	823
133	915
134	331
134	680
134	900
134	985
135	809
135	901
135	934
135	997
136	820
136	866
136	909
136	997
137	782
137	919
137	945
137	985
138	864
138	904
138	933
138	937
139	358
139	363
139	861
139	886
140	24
140	467
140	818
140	967
141	642
141	881
141	949
141	961
142	868
142	895
142	905
142	958
143	520
143	663
143	893
143	961
144	859
144	939
144	972
144	986
145	213
145	432
145	879
145	964
146	757
146	762
146	888
146	1000
147	23
147	269
147	680
147	733
148	288
148	802
148	967
148	988
149	861
149	976
149	980
149	989
150	837
150	935
150	942
150	977
151	442
151	946
151	950
151	983
152	88
152	562
152	843
152	985
153	965
153	978
153	991
153	992
154	808
154	905
154	925
154	927
155	237
155	487
155	872
155	955
156	318
156	929
156	941
156	975
157	884
157	984
157	986
157	999
158	16
158	496
158	536
158	877
159	926
159	936
159	938
159	996
160	593
160	691
160	768
160	793
161	969
161	973
161	974
161	989
162	67
162	768
162	881
162	947
163	610
163	666
163	799
163	981
164	738
164	889
164	929
164	975
165	724
165	921
165	976
165	980
166	683
166	869
166	923
166	932
167	190
167	592
167	657
167	913
168	432
168	543
168	964
168	988
169	898
169	914
169	918
169	930
170	284
170	608
170	786
170	997
171	978
171	982
171	991
171	992
172	10
172	300
172	934
172	993
173	810
173	864
173	933
173	975
174	743
174	829
174	893
174	981
175	873
175	935
175	972
175	984
176	299
176	758
176	935
176	984
177	891
177	982
177	991
177	992
178	887
178	946
178	950
178	956
179	769
179	843
179	851
179	985
180	429
180	588
180	918
180	998
181	548
181	558
181	606
181	941
182	965
182	982
182	991
182	992
183	558
183	687
183	852
183	881
184	537
184	808
184	851
184	985
185	920
185	946
185	950
185	956
186	914
186	916
186	930
186	974
187	642
187	687
187	814
187	819
188	589
188	698
188	772
188	906
189	785
189	815
189	882
189	902
190	167
190	657
190	689
190	761
191	312
191	584
191	712
191	918
192	825
192	840
192	965
192	995
193	490
193	935
193	972
193	999
194	572
194	590
194	947
194	994
195	519
195	609
195	645
195	704
196	536
196	539
196	629
196	877
197	563
197	789
197	872
197	955
198	393
198	648
198	897
198	951
199	915
199	921
199	976
199	980
200	926
200	936
200	938
200	996
201	923
201	929
201	932
201	966
202	855
202	868
202	895
202	968
203	464
203	937
203	940
203	987
204	266
204	701
204	919
204	985
205	799
205	976
205	980
205	981
206	849
206	946
206	950
206	956
207	800
207	946
207	950
207	956
208	572
208	590
208	947
208	994
209	887
209	914
209	916
209	930
210	769
210	851
210	985
210	989
211	767
211	953
211	985
211	995
212	703
212	889
212	920
212	962
213	57
213	145
213	651
213	964
214	772
214	915
214	951
214	997
215	825
215	840
215	847
215	995
216	894
216	898
216	908
216	918
217	390
217	690
217	917
217	986
218	498
218	595
218	964
218	988
219	450
219	862
219	911
219	962
220	867
220	976
220	980
220	994
221	885
221	943
221	960
221	971
222	794
222	946
222	950
222	956
223	654
223	799
223	918
223	981
224	343
224	816
224	872
224	894
225	97
225	617
225	743
225	829
226	578
226	603
226	942
226	987
227	764
227	772
227	823
227	997
228	876
228	891
228	942
228	977
229	887
229	914
229	916
229	930
230	823
230	903
230	971
230	987
231	640
231	917
231	984
231	986
232	720
232	864
232	933
232	937
233	27
233	258
233	883
233	928
234	611
234	637
234	707
234	777
235	258
235	744
235	860
235	963
236	127
236	262
236	690
236	949
237	155
237	880
237	933
237	990
238	337
238	364
238	668
238	744
239	849
239	950
239	954
239	956
240	713
240	751
240	856
240	948
241	556
241	620
241	941
241	996
242	675
242	914
242	930
242	967
243	498
243	899
243	964
243	988
244	457
244	555
244	745
244	833
245	926
245	936
245	938
245	996
246	122
246	503
246	830
246	845
247	978
247	982
247	991
247	992
248	561
248	870
248	937
248	940
249	307
249	848
249	916
249	930
250	523
250	748
250	843
250	985
251	4
251	50
251	704
251	725
252	642
252	644
252	783
252	939
253	265
253	703
253	853
253	920
253	962
254	115
254	549
254	767
254	846
254	939
255	543
255	605
255	865
255	964
255	988
256	594
256	876
256	922
256	923
256	932
257	612
257	837
257	875
257	942
257	977
258	233
258	235
258	310
258	402
258	726
259	484
259	564
259	665
259	715
259	758
260	35
260	576
260	830
260	845
260	881
261	342
261	629
261	745
261	861
261	886
262	236
262	443
262	969
262	973
262	974
263	518
263	634
263	732
263	907
263	915
264	82
264	516
264	693
264	826
264	889
265	253
265	703
265	853
265	920
265	962
266	204
266	749
266	853
266	909
266	966
267	370
267	408
267	496
267	641
267	877
268	352
268	484
268	564
268	665
268	758
269	147
269	560
269	577
269	725
269	798
270	891
270	942
270	977
270	982
270	991
271	530
271	616
271	791
271	792
271	878
272	59
272	931
272	969
272	973
272	974
273	618
273	663
273	895
273	961
273	968
274	301
274	586
274	592
274	627
274	689
275	526
275	654
275	805
275	820
275	918
276	422
276	903
276	943
276	952
276	971
277	458
277	777
277	860
277	940
277	947
278	568
278	909
278	929
278	958
278	981
279	528
279	811
279	907
279	971
279	996
280	103
280	299
280	456
280	665
280	814
281	665
281	936
281	938
281	949
281	955
282	405
282	631
282	907
282	915
282	943
283	53
283	306
283	403
283	977
283	985
284	170
284	636
284	799
284	981
284	997
285	593
285	783
285	793
285	859
285	939
286	300
286	554
286	690
286	738
286	889
287	726
287	832
287	899
287	916
287	964
288	148
288	482
288	670
288	852
288	967
289	572
289	590
289	762
289	947
289	994
290	30
290	737
290	913
290	933
290	993
291	765
291	844
291	874
291	901
291	955
292	871
292	909
292	948
292	960
292	970
293	450
293	580
293	682
293	767
293	911
294	763
294	926
294	936
294	938
294	996
295	10
295	339
295	397
295	668
295	883
296	40
296	535
296	929
296	941
296	975
297	393
297	752
297	951
297	997
297	998
298	812
298	821
298	860
298	899
298	964
299	176
299	280
299	537
299	715
299	758
300	172
300	286
300	400
300	738
300	854
301	274
301	542
301	592
301	627
301	689
302	865
302	921
302	976
302	980
302	989
303	875
303	891
303	935
303	942
303	977
304	764
304	976
304	980
304	983
304	994
305	773
305	829
305	884
305	917
305	984
306	94
306	283
306	726
306	977
306	987
307	249
307	922
307	976
307	980
307	993
308	931
308	964
308	969
308	973
308	974
309	453
309	742
309	941
309	996
309	997
310	258
310	469
310	588
310	788
310	813
311	507
311	554
311	852
311	889
311	967
312	46
312	191
312	515
312	654
312	918
313	591
313	816
313	949
313	990
313	998
314	805
314	820
314	904
314	909
314	995
315	469
315	788
315	832
315	928
315	934
316	382
316	650
316	707
316	974
316	993
317	949
317	955
317	978
317	991
317	992
318	37
318	156
318	929
318	941
318	975
319	432
319	595
319	657
319	865
319	988
320	556
320	907
320	936
320	938
320	971
321	453
321	663
321	809
321	941
321	961
322	101
322	976
322	980
322	989
322	994
323	63
323	357
323	620
323	676
323	942
324	681
324	723
324	750
324	862
324	962
325	818
325	946
325	956
325	962
325	983
326	421
326	753
326	772
326	934
326	998
327	6
327	757
327	801
327	846
327	1000
328	832
328	926
328	936
328	938
328	996
329	733
329	914
329	927
329	930
329	953
330	873
330	888
330	953
330	972
330	984
331	134
331	854
331	957
331	963
331	985
332	429
332	713
332	751
332	856
332	906
333	532
333	972
333	977
333	984
333	987
334	928
334	978
334	982
334	991
334	992
335	931
335	969
335	973
335	974
335	989
336	378
336	425
336	503
336	830
336	845
337	238
337	480
337	588
337	744
337	832
338	621
338	865
338	899
338	932
338	964
339	295
339	668
339	744
339	793
339	883
340	342
340	374
340	390
340	457
340	745
341	644
341	687
341	708
341	814
341	881
342	261
342	340
342	390
342	745
342	833
343	224
343	765
343	826
343	949
343	963
344	66
344	572
344	590
344	947
344	994
345	504
345	909
345	952
345	998
345	1000
346	126
346	712
346	903
346	971
346	997
347	823
347	915
347	943
347	979
347	997
348	403
348	891
348	942
348	977
348	987
349	355
349	681
349	907
349	943
349	971
350	512
350	847
350	984
350	986
350	999
351	799
351	885
351	893
351	977
351	981
352	268
352	665
352	715
352	758
352	814
353	668
353	702
353	781
353	862
353	996
354	695
354	869
354	902
354	968
354	985
355	75
355	349
355	611
355	637
355	681
356	75
356	559
356	637
356	830
356	845
357	80
357	323
357	710
357	781
357	996
358	139
358	731
358	776
358	861
358	886
359	809
359	915
359	934
359	997
359	998
360	464
360	891
360	942
360	959
360	977
361	822
361	872
361	878
361	905
361	958
362	750
362	895
362	968
362	973
362	974
363	139
363	886
363	936
363	938
363	959
364	238
364	494
364	743
364	883
364	884
365	74
365	651
365	722
365	880
365	933
366	589
366	686
366	757
366	779
366	982
367	969
367	973
367	974
367	978
367	982
368	593
368	783
368	793
368	859
368	939
369	419
369	854
369	927
369	953
369	993
370	267
370	635
370	746
370	791
370	877
371	593
371	783
371	793
371	859
371	939
372	536
372	635
372	716
372	877
372	935
373	708
373	730
373	731
373	861
373	886
374	340
374	457
374	629
374	833
374	845
375	854
375	927
375	944
375	953
375	993
376	717
376	737
376	846
376	890
376	924
377	806
377	898
377	968
377	987
377	988
378	336
378	830
378	845
378	861
378	886
379	411
379	599
379	698
379	779
379	906
380	37
380	455
380	675
380	852
380	967
381	584
381	654
381	918
381	942
381	977
382	316
382	737
382	789
382	846
382	993
383	686
383	779
383	900
383	919
383	985
384	15
384	694
384	899
384	964
384	988
385	873
385	917
385	945
385	972
385	986
386	792
386	829
386	878
386	884
386	905
387	577
387	584
387	779
387	916
387	930
388	726
388	788
388	832
388	883
388	949
389	778
389	933
389	946
389	950
389	956
390	217
390	340
390	342
390	457
390	889
391	781
391	833
391	934
391	967
391	996
392	571
392	783
392	793
392	859
392	939
393	127
393	198
393	297
393	690
393	738
394	800
394	924
394	946
394	950
394	956
395	468
395	751
395	788
395	856
395	948
396	812
396	860
396	912
396	981
396	986
397	295
397	736
397	810
397	883
397	936
398	117
398	577
398	677
398	725
398	798
399	515
399	732
399	903
399	918
399	997
400	300
400	478
400	602
400	803
400	947
401	924
401	965
401	982
401	991
401	992
402	258
402	744
402	810
402	832
402	833
403	41
403	283
403	348
403	728
403	977
404	677
404	797
404	911
404	955
404	962
405	282
405	817
405	846
405	993
405	997
406	675
406	802
406	818
406	967
406	983
407	921
407	965
407	976
407	980
407	983
408	267
408	635
408	641
408	791
408	877
408	992
409	552
409	880
409	913
409	933
409	937
409	975
410	972
410	978
410	982
410	984
410	986
410	992
411	379
411	589
411	698
411	779
411	870
411	906
412	550
412	699
412	730
412	861
412	886
412	995
413	760
413	878
413	905
413	924
413	958
413	993
414	733
414	777
414	947
414	953
414	993
414	995
415	778
415	849
415	946
415	950
415	956
415	983
416	623
416	632
416	747
416	825
416	840
416	995
417	748
417	931
417	969
417	973
417	974
417	989
418	778
418	946
418	950
418	956
418	964
418	983
419	369
419	639
419	748
419	927
419	963
419	985
420	861
420	886
420	943
420	971
420	983
420	990
421	326
421	734
421	929
421	970
421	998
421	1000
422	276
422	871
422	876
422	892
422	923
422	932
423	424
423	599
423	686
423	779
423	834
423	906
424	423
424	534
424	606
424	698
424	767
424	911
425	122
425	336
425	608
425	830
425	845
425	870
426	856
426	906
426	927
426	936
426	938
426	948
427	452
427	598
427	693
427	826
427	834
427	963
428	868
428	895
428	968
428	972
428	984
428	999
429	180
429	332
429	788
429	928
429	973
429	974
430	700
430	821
430	865
430	899
430	964
430	988
431	748
431	783
431	859
431	919
431	939
431	985
432	145
432	168
432	319
432	605
432	821
432	964
433	625
433	763
433	943
433	971
433	976
433	980
434	446
434	857
434	887
434	914
434	916
434	930
435	972
435	981
435	984
435	986
435	998
435	999
436	784
436	912
436	941
436	975
436	976
436	980
437	478
437	922
437	925
437	936
437	953
437	993
438	593
438	717
438	760
438	793
438	859
438	939
439	614
439	723
439	775
439	884
439	911
439	962
440	84
440	803
440	848
440	927
440	953
440	995
441	825
441	840
441	843
441	976
441	980
441	995
442	151
442	819
442	947
442	955
442	961
442	994
443	262
443	580
443	690
443	723
443	750
443	868
444	451
444	806
444	863
444	898
444	987
444	988
445	111
445	635
445	641
445	716
445	877
445	987
446	434
446	868
446	895
446	968
446	973
446	974
447	474
447	623
447	747
447	825
447	840
447	995
448	607
448	707
448	737
448	846
448	924
448	993
449	701
449	843
449	851
449	892
449	919
449	985
450	219
450	293
450	534
450	677
450	750
450	911
451	444
451	850
451	969
451	973
451	974
451	989
452	427
452	598
452	693
452	826
452	834
452	889
453	309
453	321
453	466
453	558
453	606
453	941
454	632
454	747
454	770
454	825
454	840
454	995
455	380
455	482
455	670
455	802
455	818
455	967
456	280
456	564
456	715
456	758
456	814
456	826
457	244
457	340
457	374
457	390
457	793
457	833
458	277
458	589
458	812
458	860
458	900
458	912
459	792
459	807
459	822
459	848
459	879
459	958
460	513
460	811
460	874
460	934
460	941
460	975
461	475
461	836
461	844
461	872
461	963
461	990
462	864
462	926
462	935
462	936
462	938
462	977
463	658
463	721
463	837
463	891
463	977
463	987
464	203
464	360
464	497
464	624
464	935
464	977
465	490
465	565
465	757
465	816
465	888
465	1000
466	28
466	453
466	505
466	556
466	606
466	941
467	140
467	482
467	670
467	868
467	895
467	967
468	395
468	713
468	751
468	856
468	906
468	948
469	310
469	315
469	736
469	832
469	883
469	928
470	660
470	810
470	922
470	944
470	953
470	995
471	594
471	781
471	844
471	862
471	872
471	996
472	959
472	965
472	978
472	982
472	991
472	992
473	785
473	790
473	804
473	882
473	902
473	913
474	447
474	747
474	792
474	825
474	840
474	995
475	116
475	461
475	591
475	602
475	797
475	844
476	721
476	890
476	891
476	935
476	942
476	977
477	729
477	805
477	820
477	904
477	909
477	993
478	400
478	437
478	824
478	854
478	922
478	993
479	749
479	897
479	958
479	960
479	995
479	1000
480	337
480	726
480	832
480	883
480	928
480	952
481	857
481	887
481	914
481	916
481	930
481	980
482	288
482	455
482	467
482	802
482	852
482	967
483	565
483	903
483	907
483	949
483	990
483	997
484	259
484	268
484	715
484	758
484	814
484	895
485	885
485	952
485	966
485	970
485	998
485	1000
486	835
486	921
486	951
486	980
486	983
486	989
487	155
487	949
487	955
487	973
487	976
487	980
488	702
488	868
488	895
488	967
488	968
488	992
489	838
489	917
489	928
489	972
489	984
489	986
490	83
490	193
490	465
490	762
490	888
490	1000
491	857
491	887
491	914
491	916
491	930
491	954
492	760
492	783
492	859
492	984
492	986
492	991
493	575
493	708
493	917
493	972
493	984
493	986
494	364
494	794
494	946
494	954
494	956
494	983
495	605
495	719
495	754
495	804
495	815
495	902
496	158
496	267
496	641
496	716
496	791
496	877
497	464
497	790
497	804
497	815
497	869
497	913
498	218
498	243
498	821
498	865
498	899
498	964
499	734
499	952
499	958
499	960
499	970
499	1000
500	751
500	856
500	939
500	948
500	973
500	974
501	89
501	815
501	882
501	896
501	902
501	913
502	777
502	803
502	826
502	872
502	953
502	990
503	71
503	246
503	336
503	763
503	830
503	845
504	345
504	734
504	960
504	966
504	970
504	998
505	28
505	466
505	556
505	606
505	633
505	941
506	744
506	788
506	821
506	865
506	871
506	964
507	311
507	855
507	868
507	895
507	957
507	968
508	517
508	714
508	812
508	860
508	900
508	912
508	982
509	81
509	740
509	769
509	782
509	828
509	958
509	985
510	756
510	765
510	797
510	949
510	955
510	963
510	990
511	778
511	871
511	946
511	950
511	954
511	956
511	983
512	350
512	659
512	770
512	945
512	972
512	984
512	994
513	56
513	112
513	460
513	912
513	929
513	941
513	975
514	544
514	549
514	838
514	925
514	947
514	953
514	995
515	9
515	92
515	312
515	399
515	654
515	712
515	918
516	264
516	580
516	583
516	624
516	750
516	911
516	962
517	128
517	508
517	714
517	812
517	860
517	912
517	998
518	49
518	263
518	786
518	823
518	903
518	971
518	997
519	195
519	541
519	609
519	645
519	704
519	720
519	725
520	124
520	143
520	663
520	679
520	838
520	893
520	961
521	591
521	824
521	931
521	969
521	973
521	974
521	989
522	526
522	835
522	921
522	976
522	980
522	983
522	989
523	250
523	648
523	738
523	786
523	823
523	889
523	971
524	567
524	759
524	809
524	901
524	925
524	951
524	998
525	128
525	574
525	634
525	772
525	813
525	915
525	971
526	46
526	275
526	522
526	612
526	891
526	918
526	977
527	805
527	926
527	936
527	938
527	947
527	994
528	279
528	598
528	605
528	693
528	821
528	889
528	964
529	607
529	846
529	855
529	868
529	895
529	968
529	993
530	271
530	583
530	624
530	682
530	862
530	911
530	962
531	44
531	865
531	899
531	964
531	978
531	991
531	992
532	333
532	756
532	816
532	949
532	955
532	963
532	990
533	790
533	869
533	882
533	902
533	950
533	954
533	956
534	424
534	450
534	549
534	682
534	697
534	723
534	962
535	296
535	703
535	920
535	921
535	962
535	976
535	980
536	158
536	196
536	372
536	740
536	746
536	791
536	877
537	184
537	299
537	774
537	843
537	894
537	919
537	985
538	653
538	755
538	828
538	876
538	922
538	923
538	932
539	196
539	781
539	898
539	904
539	933
539	975
539	996
540	614
540	655
540	739
540	773
540	829
540	884
540	912
541	519
541	609
541	611
541	645
541	704
541	720
541	948
542	301
542	729
542	805
542	820
542	866
542	904
542	909
543	168
543	255
543	703
543	920
543	962
543	964
543	988
544	514
544	619
544	854
544	927
544	953
544	963
544	993
545	735
545	803
545	966
545	970
545	977
545	995
545	1000
546	959
546	965
546	978
546	982
546	991
546	992
546	999
547	118
547	580
547	583
547	767
547	797
547	949
547	955
548	181
548	600
548	606
548	897
548	941
548	960
548	966
549	254
549	514
549	534
549	580
549	682
549	750
549	911
550	412
550	664
550	705
550	731
550	886
550	937
550	940
551	581
551	637
551	681
551	826
551	976
551	980
551	994
552	409
552	554
552	864
552	880
552	933
552	937
552	975
553	792
553	807
553	822
553	878
553	905
553	945
553	958
554	114
554	286
554	311
554	552
554	690
554	738
554	889
555	91
555	244
555	745
555	833
555	912
555	929
555	975
556	28
556	241
556	320
556	466
556	505
556	606
556	941
557	827
557	921
557	976
557	980
557	983
557	989
557	994
558	181
558	183
558	453
558	644
558	881
558	909
558	941
559	356
559	854
559	926
559	936
559	938
559	990
559	996
560	106
560	117
560	269
560	577
560	584
560	725
560	798
561	248
561	573
561	664
561	688
561	870
561	937
561	940
562	152
562	894
562	898
562	908
562	918
563	68
563	197
563	674
563	872
563	949
563	961
563	990
564	103
564	259
564	268
564	456
564	665
564	758
564	814
565	83
565	465
565	483
565	757
565	762
565	888
565	1000
566	732
566	741
566	819
566	907
566	943
566	971
566	979
567	524
567	573
567	622
567	696
567	901
567	997
567	998
568	87
568	278
568	948
568	952
568	960
568	970
568	1000
569	95
569	653
569	740
569	828
569	904
569	923
569	932
570	676
570	702
570	781
570	811
570	934
570	967
570	996
571	392
571	726
571	736
571	883
571	934
571	967
571	996
572	194
572	208
572	289
572	344
572	762
572	947
572	994
573	561
573	567
573	664
573	688
573	705
573	937
573	940
574	525
574	685
574	713
574	731
574	856
574	861
574	886
575	493
575	917
575	945
575	972
575	981
575	986
575	999
576	260
576	687
576	774
576	814
576	881
576	919
576	957
576	985
577	97
577	117
577	269
577	387
577	398
577	560
577	725
577	798
578	226
578	885
578	948
578	952
578	960
578	966
578	970
578	1000
579	23
579	876
579	897
579	922
579	923
579	932
579	960
579	966
580	47
580	293
580	443
580	516
580	547
580	549
580	723
580	911
581	129
581	551
581	611
581	681
581	945
581	984
581	986
581	999
582	673
582	757
582	779
582	906
582	965
582	976
582	980
582	994
583	33
583	516
583	530
583	547
583	723
583	750
583	862
583	911
584	90
584	92
584	191
584	381
584	387
584	560
584	798
584	981
585	805
585	820
585	909
585	931
585	955
585	969
585	973
585	974
586	274
586	657
586	689
586	837
586	857
586	935
586	942
586	977
587	842
587	864
587	880
587	904
587	906
587	933
587	937
587	975
588	27
588	180
588	310
588	337
588	668
588	736
588	832
588	879
589	188
589	366
589	411
589	458
589	599
589	673
589	698
589	779
590	194
590	208
590	289
590	344
590	754
590	762
590	947
590	994
591	104
591	313
591	475
591	521
591	765
591	816
591	955
591	961
592	167
592	274
592	301
592	627
592	657
592	689
592	739
592	761
593	160
593	285
593	368
593	371
593	438
593	793
593	859
593	939
594	256
594	471
594	740
594	755
594	828
594	876
594	923
594	932
595	218
595	319
595	605
595	621
595	709
595	711
595	964
595	988
596	701
596	722
596	870
596	873
596	894
596	919
596	984
596	985
597	628
597	929
597	952
597	958
597	960
597	986
597	998
597	1000
598	82
598	427
598	452
598	528
598	693
598	826
598	834
598	889
599	379
599	423
599	589
599	673
599	757
599	779
599	812
599	834
600	548
600	796
600	858
600	926
600	936
600	938
600	990
600	996
601	651
601	668
601	788
601	841
601	864
601	883
601	928
601	933
602	400
602	475
602	660
602	697
602	848
602	854
602	953
602	995
603	226
603	695
603	721
603	875
603	890
603	891
603	977
603	987
604	77
604	831
604	850
604	931
604	969
604	973
604	974
604	989
605	255
605	432
605	495
605	528
605	595
605	821
605	899
605	988
606	181
606	424
606	453
606	466
606	505
606	548
606	556
606	941
607	448
607	529
607	737
607	789
607	801
607	924
607	943
607	993
608	71
608	170
608	425
608	807
608	830
608	845
608	878
608	905
609	4
609	195
609	519
609	541
609	645
609	704
609	720
609	725
610	163
610	666
610	798
610	799
610	885
610	893
610	909
610	981
611	234
611	355
611	541
611	581
611	637
611	704
611	725
611	980
612	257
612	526
612	799
612	885
612	890
612	941
612	981
612	987
613	808
613	822
613	905
613	958
613	978
613	982
613	991
613	992
614	439
614	540
614	617
614	655
614	731
614	773
614	829
614	884
615	639
615	683
615	695
615	709
615	815
615	882
615	968
615	983
616	271
616	792
616	807
616	808
616	878
616	879
616	905
616	966
617	41
617	43
617	225
617	614
617	655
617	728
617	891
617	977
618	273
618	959
618	965
618	978
618	982
618	991
618	992
618	999
619	544
619	660
619	854
619	896
619	927
619	953
619	963
619	967
620	43
620	51
620	241
620	323
620	702
620	781
620	967
620	992
621	338
621	595
621	821
621	865
621	899
621	913
621	964
621	988
622	567
622	701
622	764
622	809
622	813
622	901
622	934
622	998
623	416
623	447
623	632
623	747
623	825
623	840
623	925
623	995
624	33
624	464
624	516
624	530
624	649
624	653
624	962
624	977
625	433
625	959
625	965
625	978
625	982
625	991
625	992
625	999
626	737
626	789
626	846
626	924
626	965
626	982
626	991
626	992
627	274
627	301
627	592
627	657
627	689
627	739
627	761
627	884
628	597
628	633
628	885
628	948
628	952
628	960
628	966
628	970
629	196
629	261
629	374
629	676
629	702
629	745
629	833
629	996
630	747
630	825
630	840
630	914
630	916
630	930
630	957
630	995
631	282
631	636
631	712
631	786
631	903
631	907
631	971
631	997
632	416
632	454
632	623
632	747
632	825
632	840
632	942
632	995
633	505
633	628
633	897
633	958
633	960
633	966
633	970
633	1000
634	263
634	525
634	696
634	903
634	971
634	979
634	986
634	997
635	370
635	372
635	408
635	445
635	699
635	716
635	746
635	877
636	69
636	284
636	631
636	696
636	943
636	969
636	973
636	974
637	234
637	355
637	356
637	551
637	611
637	681
637	707
637	753
638	894
638	910
638	959
638	965
638	978
638	982
638	991
638	992
639	419
639	615
639	790
639	837
639	869
639	882
639	896
639	968
640	114
640	231
640	741
640	760
640	917
640	972
640	984
640	986
641	267
641	408
641	445
641	496
641	675
641	716
641	746
641	877
642	141
642	187
642	252
642	768
642	819
642	852
642	866
642	881
643	734
643	796
643	897
643	952
643	960
643	966
643	970
643	1000
644	106
644	252
644	341
644	558
644	814
644	852
644	881
644	891
645	62
645	195
645	519
645	541
645	609
645	704
645	720
645	725
646	126
646	731
646	776
646	861
646	888
646	972
646	973
646	981
646	986
647	795
647	824
647	831
647	850
647	931
647	969
647	973
647	974
647	989
648	198
648	523
648	690
648	738
648	894
648	898
648	908
648	918
648	923
649	624
649	728
649	837
649	875
649	890
649	942
649	975
649	977
649	987
650	316
650	717
650	755
650	760
650	876
650	908
650	923
650	932
650	993
651	213
651	365
651	601
651	669
651	842
651	864
651	880
651	933
651	975
652	800
652	849
652	924
652	929
652	946
652	950
652	954
652	956
652	983
653	538
653	569
653	624
653	740
653	755
653	876
653	922
653	923
653	932
654	90
654	92
654	104
654	223
654	275
654	312
654	381
654	515
654	712
655	540
655	614
655	617
655	739
655	743
655	773
655	829
655	884
655	945
656	766
656	808
656	842
656	880
656	933
656	952
656	966
656	970
656	975
657	167
657	190
657	319
657	586
657	592
657	627
657	689
657	739
657	761
658	84
658	463
658	721
658	807
658	875
658	890
658	891
658	942
658	977
659	100
659	512
659	917
659	919
659	928
659	935
659	984
659	986
659	999
660	470
660	602
660	619
660	803
660	925
660	947
660	955
660	963
660	993
661	833
661	910
661	959
661	965
661	978
661	982
661	991
661	992
661	999
662	718
662	786
662	836
662	926
662	936
662	938
662	943
662	979
662	996
663	124
663	143
663	273
663	321
663	520
663	679
663	838
663	893
663	961
664	550
664	561
664	573
664	688
664	705
664	794
664	870
664	937
664	940
665	259
665	268
665	280
665	281
665	352
665	564
665	715
665	758
665	814
666	163
666	610
666	746
666	798
666	799
666	866
666	885
666	893
666	981
667	729
667	805
667	806
667	820
667	849
667	898
667	904
667	987
667	988
668	238
668	295
668	339
668	353
668	588
668	601
668	726
668	744
668	883
669	65
669	74
669	651
669	842
669	880
669	904
669	913
669	933
669	975
670	24
670	288
670	455
670	467
670	675
670	802
670	818
670	852
670	967
671	64
671	799
671	912
671	929
671	975
671	976
671	980
671	989
671	994
672	857
672	879
672	887
672	901
672	914
672	916
672	930
672	940
672	954
673	121
673	582
673	589
673	599
673	698
673	757
673	779
673	834
673	906
674	25
674	116
674	563
674	765
674	844
674	949
674	955
674	961
674	990
675	242
675	380
675	406
675	641
675	670
675	802
675	818
675	852
675	967
676	323
676	570
676	629
676	710
676	829
676	862
676	934
676	967
676	996
677	44
677	88
677	398
677	404
677	450
677	750
677	862
677	911
677	962
678	784
678	803
678	896
678	939
678	953
678	976
678	978
678	980
678	995
679	520
679	663
679	688
679	870
679	875
679	893
679	937
679	940
679	961
680	134
680	147
680	782
680	839
680	896
680	919
680	944
680	985
680	995
681	31
681	129
681	324
681	349
681	355
681	551
681	581
681	637
681	707
682	33
682	132
682	293
682	530
682	534
682	549
682	911
682	962
682	968
683	166
683	615
683	695
683	785
683	869
683	896
683	913
683	967
683	968
684	818
684	827
684	921
684	957
684	976
684	980
684	983
684	989
684	994
685	49
685	574
685	768
685	852
685	856
685	881
685	905
685	906
685	948
686	366
686	383
686	423
686	834
686	952
686	956
686	966
686	998
686	1000
687	183
687	187
687	341
687	576
687	768
687	778
687	819
687	852
687	881
688	561
688	573
688	664
688	679
688	705
688	870
688	937
688	940
688	954
689	190
689	274
689	301
689	586
689	592
689	627
689	657
689	739
689	761
689	926
690	217
690	236
690	286
690	393
690	443
690	554
690	648
690	738
690	889
690	898
691	127
691	160
691	738
691	857
691	887
691	889
691	914
691	916
691	930
691	979
692	727
692	796
692	858
692	908
692	926
692	936
692	938
692	989
692	990
692	996
693	82
693	264
693	427
693	452
693	528
693	598
693	826
693	834
693	889
693	993
694	384
694	782
694	843
694	851
694	865
694	899
694	919
694	964
694	985
694	987
695	354
695	603
695	615
695	683
695	709
695	804
695	863
695	882
695	902
695	968
696	567
696	634
696	636
696	752
696	763
696	813
696	943
696	976
696	979
696	998
697	47
697	534
697	602
697	777
697	896
697	911
697	927
697	960
697	962
697	995
698	188
698	379
698	411
698	424
698	589
698	673
698	779
698	834
698	906
698	927
699	16
699	412
699	635
699	716
699	731
699	791
699	861
699	877
699	886
699	954
700	430
700	865
700	873
700	899
700	917
700	930
700	964
700	981
700	984
700	988
701	204
701	449
701	596
701	622
701	748
701	774
701	843
701	894
701	919
701	985
702	353
702	488
702	570
702	620
702	629
702	710
702	934
702	956
702	967
702	996
703	45
703	115
703	212
703	253
703	265
703	535
703	543
703	853
703	920
703	962
704	4
704	195
704	251
704	519
704	541
704	609
704	611
704	645
704	720
704	851
705	85
705	89
705	550
705	573
705	664
705	688
705	739
705	870
705	937
705	940
706	771
706	795
706	824
706	850
706	903
706	931
706	969
706	973
706	974
706	989
707	129
707	234
707	316
707	448
707	637
707	681
707	717
707	846
707	887
707	993
708	35
708	341
708	373
708	493
708	768
708	814
708	881
708	965
708	978
708	992
709	595
709	615
709	695
709	790
709	804
709	815
709	869
709	882
709	896
709	902
710	357
710	676
710	702
710	763
710	819
710	836
710	925
710	943
710	967
710	971
711	57
711	595
711	806
711	821
711	884
711	898
711	964
711	987
711	988
712	46
712	191
712	346
712	515
712	631
712	654
712	769
712	907
712	943
712	979
713	90
713	105
713	240
713	332
713	468
713	574
713	751
713	856
713	906
713	948
714	3
714	101
714	508
714	517
714	720
714	812
714	860
714	900
714	912
714	994
715	103
715	259
715	299
715	352
715	456
715	484
715	665
715	758
715	814
715	877
716	16
716	111
716	372
716	445
716	496
716	635
716	641
716	699
716	791
716	877
716	979
717	30
717	376
717	438
717	650
717	707
717	760
717	789
717	801
717	846
717	924
717	993
718	662
718	740
718	774
718	782
718	828
718	843
718	876
718	923
718	932
718	945
718	985
719	495
719	754
719	790
719	804
719	815
719	863
719	869
719	882
719	902
719	908
719	968
720	3
720	13
720	232
720	519
720	541
720	609
720	645
720	704
720	714
720	900
720	912
721	463
721	476
721	603
721	658
721	783
721	837
721	891
721	935
721	942
721	977
721	987
722	365
722	596
722	810
722	842
722	864
722	880
722	904
722	913
722	933
722	937
722	975
723	132
723	324
723	439
723	443
723	534
723	580
723	583
723	750
723	862
723	911
723	954
724	165
724	827
724	835
724	917
724	921
724	957
724	976
724	980
724	983
724	989
724	994
725	117
725	251
725	269
725	398
725	519
725	560
725	577
725	609
725	611
725	645
725	798
726	258
726	287
726	306
726	388
726	480
726	571
726	668
726	788
726	800
726	810
726	883
727	692
727	796
727	858
727	875
727	908
727	926
727	936
727	938
727	990
727	993
727	996
728	403
728	617
728	649
728	806
728	863
728	898
728	944
728	977
728	987
728	988
729	1
729	477
729	542
729	667
729	805
729	820
729	840
729	866
729	904
729	909
729	994
730	373
730	412
730	731
730	749
730	861
730	886
730	897
730	917
730	970
730	998
730	1000
731	358
731	373
731	550
731	574
731	614
731	646
731	699
731	730
731	776
731	861
731	886
732	99
732	263
732	399
732	566
732	903
732	904
732	907
732	943
732	971
732	979
732	997
733	147
733	329
733	414
733	803
733	848
733	888
733	927
733	947
733	978
733	993
733	995
734	22
734	421
734	499
734	504
734	643
734	853
734	905
734	960
734	966
734	970
734	998
735	23
735	545
735	763
735	819
735	845
735	903
735	944
735	953
735	971
735	995
735	997
736	27
736	94
736	397
736	469
736	571
736	588
736	744
736	751
736	788
736	832
736	928
737	290
737	376
737	382
737	448
737	607
737	626
737	789
737	801
737	924
737	991
737	993
738	52
738	127
738	164
738	286
738	300
738	393
738	523
738	554
738	648
738	690
738	691
739	540
739	592
739	627
739	655
739	657
739	689
739	705
739	761
739	773
739	829
739	884
740	509
740	536
740	569
740	594
740	653
740	718
740	828
740	876
740	922
740	923
740	932
741	566
741	640
741	823
741	873
741	941
741	943
741	971
741	972
741	979
741	984
741	986
742	66
742	309
742	752
742	753
742	764
742	772
742	811
742	814
742	934
742	997
742	998
743	97
743	174
743	225
743	364
743	655
743	770
743	795
743	829
743	972
743	981
743	984
743	986
744	235
744	238
744	337
744	339
744	402
744	506
744	668
744	736
744	788
744	791
744	832
744	928
745	244
745	261
745	340
745	342
745	555
745	629
745	965
745	978
745	982
745	988
745	991
745	992
746	94
746	370
746	536
746	635
746	641
746	666
746	799
746	877
746	885
746	893
746	935
746	981
747	58
747	416
747	447
747	454
747	474
747	623
747	630
747	632
747	825
747	840
747	995
748	250
748	417
748	419
748	431
748	701
748	767
748	769
748	843
748	851
748	919
748	945
748	985
749	266
749	479
749	730
749	897
749	948
749	952
749	958
749	960
749	964
749	966
749	970
749	1000
750	324
750	362
750	443
750	450
750	516
750	549
750	583
750	677
750	723
750	862
750	911
750	943
751	12
751	240
751	332
751	395
751	468
751	500
751	713
751	736
751	856
751	906
751	948
751	988
752	297
752	696
752	742
752	813
752	901
752	915
752	922
752	925
752	934
752	951
752	997
752	998
753	326
753	637
753	742
753	759
753	772
753	809
753	901
753	915
753	925
753	934
753	951
753	997
754	495
754	590
754	719
754	790
754	863
754	869
754	882
754	896
754	902
754	913
754	953
754	968
755	61
755	538
755	594
755	650
755	653
755	773
755	828
755	876
755	922
755	923
755	932
755	971
756	510
756	532
756	797
756	816
756	844
756	872
756	901
756	949
756	955
756	957
756	963
756	990
757	83
757	146
757	327
757	366
757	465
757	565
757	582
757	599
757	673
757	906
757	996
757	1000
758	45
758	103
758	176
758	259
758	268
758	299
758	352
758	456
758	484
758	564
758	665
758	715
759	524
759	753
759	778
759	809
759	849
759	866
759	915
759	950
759	956
759	983
759	997
759	998
760	115
760	413
760	438
760	492
760	640
760	650
760	717
760	783
760	789
760	859
760	939
760	993
761	190
761	592
761	627
761	657
761	689
761	739
761	857
761	885
761	887
761	914
761	916
761	930
762	146
762	289
762	490
762	565
762	572
762	590
762	888
762	921
762	922
762	947
762	994
762	1000
763	294
763	433
763	503
763	696
763	710
763	735
763	823
763	836
763	907
763	943
763	971
763	979
764	133
764	227
764	304
764	622
764	742
764	772
764	809
764	811
764	813
764	951
764	997
764	998
765	291
765	343
765	510
765	591
765	674
765	797
765	844
765	874
765	893
765	955
765	961
765	963
765	990
766	19
766	656
766	897
766	929
766	948
766	952
766	958
766	960
766	966
766	970
766	996
766	998
766	1000
767	211
767	254
767	293
767	424
767	547
767	748
767	774
767	825
767	919
767	945
767	947
767	962
767	985
768	49
768	67
768	106
768	160
768	162
768	642
768	685
768	687
768	708
768	814
768	819
768	852
768	881
769	86
769	96
769	179
769	210
769	509
769	712
769	748
769	782
769	851
769	894
769	919
769	945
769	985
770	454
770	512
770	743
770	873
770	884
770	917
770	945
770	961
770	972
770	981
770	984
770	986
770	999
771	706
771	795
771	820
771	824
771	831
771	836
771	850
771	866
771	931
771	969
771	973
771	974
771	989
772	188
772	214
772	227
772	326
772	525
772	742
772	753
772	764
772	850
772	915
772	934
772	997
772	998
773	305
773	540
773	614
773	655
773	739
773	755
773	828
773	829
773	876
773	922
773	923
773	932
773	945
774	537
774	576
774	701
774	718
774	767
774	780
774	782
774	843
774	851
774	900
774	919
774	945
774	985
775	439
775	847
775	855
775	868
775	895
775	957
775	968
776	7
776	85
776	358
776	646
776	731
776	786
776	836
776	861
776	886
776	907
776	971
776	979
776	988
777	23
777	234
777	277
777	414
777	502
777	697
777	848
777	896
777	927
777	953
777	963
777	973
777	995
778	389
778	415
778	418
778	511
778	687
778	759
778	818
778	871
778	946
778	950
778	954
778	956
778	983
779	366
779	379
779	383
779	387
779	411
779	423
779	582
779	589
779	599
779	673
779	698
779	834
779	906
780	774
780	828
780	867
780	892
780	910
780	959
780	965
780	978
780	979
780	982
780	991
780	992
780	999
781	31
781	353
781	357
781	391
781	471
781	539
781	570
781	620
781	901
781	913
781	934
781	967
781	996
782	73
782	137
782	509
782	680
782	694
782	718
782	769
782	774
782	851
782	900
782	919
782	945
782	985
783	76
783	252
783	285
783	368
783	371
783	392
783	431
783	492
783	721
783	760
783	793
783	859
783	939
784	436
784	678
784	827
784	835
784	921
784	939
784	951
784	957
784	976
784	980
784	983
784	989
784	994
785	93
785	189
785	473
785	683
785	795
785	803
785	831
785	902
785	913
785	931
785	969
785	973
785	974
786	170
786	518
786	523
786	631
786	662
786	776
786	802
786	823
786	903
786	907
786	931
786	943
786	971
787	62
787	817
787	867
787	892
787	910
787	959
787	965
787	978
787	979
787	982
787	991
787	992
787	999
788	310
788	315
788	388
788	395
788	429
788	506
788	601
788	726
788	736
788	744
788	810
788	883
788	928
789	5
789	30
789	197
789	382
789	607
789	626
789	717
789	737
789	760
789	801
789	846
789	924
789	993
790	473
790	497
790	533
790	639
790	709
790	719
790	754
790	815
790	842
790	869
790	882
790	911
790	968
791	271
791	370
791	408
791	496
791	536
791	699
791	716
791	744
791	792
791	807
791	822
791	877
791	878
791	905
792	70
792	271
792	386
792	459
792	474
792	553
792	616
792	791
792	807
792	808
792	822
792	878
792	905
792	958
793	76
793	160
793	285
793	339
793	368
793	371
793	392
793	438
793	457
793	593
793	783
793	859
793	937
793	939
794	35
794	65
794	222
794	494
794	664
794	800
794	849
794	871
794	924
794	946
794	950
794	954
794	956
794	983
795	647
795	706
795	743
795	771
795	785
795	824
795	831
795	839
795	850
795	931
795	969
795	973
795	974
795	989
796	600
796	643
796	692
796	727
796	858
796	875
796	908
796	910
796	926
796	936
796	938
796	990
796	996
797	404
797	475
797	510
797	547
797	756
797	765
797	816
797	877
797	901
797	949
797	955
797	961
797	963
797	990
798	269
798	398
798	560
798	577
798	584
798	610
798	666
798	725
798	799
798	885
798	893
798	937
798	981
799	163
799	205
799	223
799	284
799	351
799	610
799	612
799	666
799	671
799	746
799	798
799	885
799	893
799	981
800	207
800	394
800	652
800	726
800	794
800	818
800	840
800	849
800	924
800	946
800	950
800	954
800	956
800	983
801	48
801	131
801	327
801	607
801	717
801	737
801	789
801	846
801	897
801	924
801	952
801	960
801	966
801	998
802	148
802	406
802	455
802	482
802	670
802	675
802	786
802	915
802	943
802	967
802	971
802	979
802	997
802	999
803	400
803	440
803	502
803	545
803	660
803	678
803	733
803	785
803	925
803	927
803	944
803	953
803	993
803	995
804	473
804	495
804	497
804	695
804	709
804	719
804	863
804	869
804	882
804	896
804	902
804	913
804	968
804	991
805	1
805	32
805	275
805	314
805	477
805	527
805	542
805	585
805	667
805	729
805	820
805	866
805	904
805	909
806	50
806	102
806	377
806	444
806	667
806	711
806	728
806	863
806	898
806	922
806	980
806	987
806	988
807	459
807	553
807	608
807	616
807	658
807	791
807	792
807	808
807	822
807	839
807	878
807	879
807	905
807	958
808	70
808	154
808	184
808	613
808	616
808	656
808	792
808	807
808	822
808	839
808	878
808	879
808	905
808	958
809	135
809	321
809	359
809	524
809	622
809	753
809	759
809	764
809	811
809	925
809	934
809	944
809	951
809	997
809	998
810	173
810	397
810	402
810	470
810	722
810	726
810	788
810	832
810	842
810	864
810	880
810	883
810	928
810	933
810	975
811	279
811	460
811	570
811	742
811	764
811	809
811	813
811	833
811	925
811	934
811	951
811	967
811	991
811	996
811	997
812	3
812	11
812	13
812	73
812	298
812	396
812	458
812	508
812	517
812	599
812	714
812	860
812	900
812	912
812	990
813	66
813	133
813	310
813	525
813	622
813	696
813	752
813	764
813	811
813	901
813	915
813	925
813	951
813	997
813	998
814	187
814	280
814	341
814	352
814	456
814	484
814	564
814	576
814	644
814	665
814	708
814	715
814	742
814	768
814	881
815	17
815	189
815	495
815	497
815	501
815	615
815	709
815	719
815	790
815	863
815	869
815	896
815	902
815	968
815	998
816	224
816	313
816	465
816	532
816	591
816	756
816	797
816	844
816	846
816	872
816	949
816	955
816	961
816	963
816	990
817	405
817	787
817	841
817	867
817	892
817	910
817	944
817	959
817	965
817	978
817	979
817	982
817	991
817	992
817	999
818	140
818	325
818	406
818	455
818	670
818	675
818	684
818	778
818	800
818	849
818	852
818	938
818	946
818	967
818	983
819	67
819	187
819	442
819	566
819	642
819	687
819	710
819	735
819	768
819	852
819	881
819	903
819	951
819	971
819	997
820	32
820	136
820	275
820	314
820	477
820	542
820	585
820	667
820	729
820	771
820	805
820	863
820	866
820	904
820	909
821	298
821	430
821	432
821	498
821	506
821	528
821	605
821	621
821	711
821	848
821	865
821	899
821	964
821	988
821	1000
822	361
822	459
822	553
822	613
822	791
822	792
822	807
822	808
822	839
822	873
822	878
822	879
822	905
822	958
822	992
823	128
823	133
823	227
823	230
823	347
823	518
823	523
823	741
823	763
823	786
823	903
823	907
823	971
823	979
823	997
824	478
824	521
824	647
824	706
824	771
824	795
824	831
824	836
824	839
824	850
824	931
824	969
824	973
824	974
824	989
825	192
825	215
825	416
825	441
825	447
825	454
825	474
825	623
825	630
825	632
825	747
825	767
825	840
825	910
825	995
826	264
826	343
826	427
826	452
826	456
826	502
826	551
826	598
826	693
826	834
826	844
826	872
826	889
826	949
826	955
827	557
827	684
827	724
827	784
827	835
827	903
827	921
827	939
827	951
827	957
827	976
827	980
827	983
827	989
827	994
828	81
828	509
828	538
828	569
828	594
828	718
828	740
828	755
828	773
828	780
828	876
828	922
828	923
828	932
828	981
829	32
829	97
829	174
829	225
829	305
829	386
829	540
829	614
829	655
829	676
829	739
829	743
829	773
829	884
829	950
830	2
830	14
830	42
830	44
830	71
830	122
830	246
830	260
830	336
830	356
830	378
830	425
830	503
830	608
830	845
831	132
831	604
831	647
831	771
831	785
831	795
831	824
831	839
831	850
831	866
831	931
831	969
831	973
831	974
831	989
832	287
832	315
832	328
832	337
832	388
832	402
832	469
832	480
832	588
832	736
832	744
832	810
832	883
832	928
832	968
833	80
833	99
833	244
833	342
833	374
833	391
833	402
833	457
833	555
833	629
833	661
833	811
833	862
833	967
833	996
834	8
834	423
834	427
834	452
834	598
834	599
834	673
834	686
834	693
834	698
834	779
834	826
834	889
834	906
834	969
835	486
835	522
835	724
835	784
835	827
835	869
835	921
835	939
835	951
835	957
835	976
835	978
835	980
835	983
835	989
835	994
836	51
836	461
836	662
836	710
836	763
836	771
836	776
836	824
836	931
836	969
836	971
836	973
836	974
836	979
836	989
836	997
837	15
837	119
837	150
837	257
837	463
837	586
837	639
837	649
837	721
837	875
837	890
837	891
837	935
837	942
837	977
837	987
838	489
838	514
838	520
838	663
838	848
838	854
838	893
838	925
838	944
838	947
838	953
838	961
838	993
839	21
839	680
839	795
839	807
839	808
839	822
839	824
839	831
839	878
839	905
839	931
839	958
839	969
839	973
839	974
839	989
840	78
840	192
840	215
840	416
840	441
840	447
840	454
840	474
840	623
840	630
840	632
840	729
840	747
840	800
840	825
840	995
841	601
841	817
841	867
841	892
841	910
841	920
841	944
841	959
841	965
841	978
841	979
841	982
841	986
841	991
841	992
841	999
842	2
842	74
842	587
842	651
842	656
842	669
842	722
842	790
842	810
842	864
842	880
842	904
842	913
842	933
842	937
842	960
843	86
843	152
843	179
843	250
843	441
843	449
843	537
843	694
843	701
843	718
843	748
843	774
843	851
843	900
843	919
843	985
844	291
844	461
844	471
844	475
844	674
844	756
844	765
844	816
844	826
844	874
844	901
844	955
844	961
844	963
844	971
844	990
845	2
845	14
845	42
845	71
845	122
845	246
845	260
845	336
845	356
845	374
845	378
845	425
845	503
845	608
845	735
845	830
846	115
846	254
846	327
846	376
846	382
846	405
846	448
846	529
846	626
846	707
846	717
846	789
846	801
846	816
846	924
846	993
847	215
847	350
847	775
847	855
847	868
847	895
847	957
847	968
848	249
848	440
848	459
848	602
848	733
848	777
848	821
848	838
848	854
848	922
848	927
848	944
848	947
848	953
848	963
848	993
848	995
849	206
849	239
849	415
849	652
849	667
849	759
849	794
849	800
849	818
849	871
849	924
849	946
849	950
849	954
849	956
849	966
849	983
850	451
850	604
850	647
850	706
850	771
850	772
850	795
850	824
850	831
850	862
850	866
850	925
850	931
850	969
850	973
850	974
850	989
851	86
851	179
851	184
851	210
851	449
851	694
851	704
851	748
851	769
851	774
851	782
851	843
851	894
851	900
851	919
851	945
851	985
852	183
852	288
852	311
852	380
852	482
852	642
852	644
852	670
852	675
852	685
852	687
852	768
852	818
852	819
852	881
852	893
852	967
853	253
853	265
853	266
853	703
853	734
853	871
853	897
853	916
853	920
853	952
853	962
853	966
853	970
853	990
853	998
854	300
854	331
854	369
854	375
854	478
854	544
854	559
854	602
854	619
854	838
854	848
854	886
854	927
854	953
854	963
854	993
854	995
855	29
855	202
855	507
855	529
855	775
855	847
855	868
855	895
855	900
855	957
855	968
855	970
856	12
856	78
856	105
856	240
856	332
856	395
856	426
856	468
856	500
856	574
856	685
856	713
856	751
856	882
856	906
856	948
856	999
857	434
857	481
857	491
857	586
857	672
857	691
857	761
857	879
857	887
857	914
857	916
857	930
857	940
857	954
858	600
858	692
858	727
858	796
858	875
858	908
858	926
858	936
858	938
858	974
858	990
858	996
859	37
859	76
859	144
859	285
859	368
859	371
859	392
859	431
859	438
859	492
859	593
859	760
859	783
859	793
859	939
859	969
859	976
860	3
860	11
860	13
860	101
860	235
860	277
860	298
860	396
860	458
860	508
860	517
860	714
860	812
860	900
860	912
860	933
860	956
861	85
861	139
861	149
861	261
861	358
861	373
861	378
861	412
861	420
861	574
861	646
861	699
861	730
861	731
861	776
861	886
861	919
862	55
862	219
862	324
862	353
862	471
862	530
862	583
862	676
862	677
862	723
862	750
862	833
862	850
862	878
862	934
862	962
862	967
862	996
863	444
863	695
863	719
863	728
863	754
863	804
863	806
863	815
863	820
863	869
863	882
863	898
863	968
863	985
863	987
863	988
864	138
864	173
864	232
864	462
864	552
864	587
864	601
864	651
864	722
864	810
864	842
864	880
864	904
864	913
864	933
864	937
864	975
864	978
865	42
865	57
865	107
865	255
865	302
865	319
865	338
865	430
865	498
865	506
865	531
865	621
865	694
865	700
865	821
865	899
865	964
865	988
866	136
866	542
866	642
866	666
866	729
866	759
866	771
866	805
866	820
866	831
866	850
866	904
866	909
866	931
866	969
866	973
866	974
866	989
867	220
867	780
867	787
867	817
867	841
867	892
867	910
867	920
867	923
867	944
867	959
867	965
867	978
867	979
867	982
867	991
867	992
867	999
868	29
868	58
868	69
868	142
868	202
868	428
868	443
868	446
868	467
868	488
868	507
868	529
868	775
868	847
868	855
868	895
868	957
868	968
869	93
869	166
869	354
869	497
869	533
869	639
869	683
869	709
869	719
869	754
869	790
869	804
869	815
869	835
869	863
869	902
869	913
869	968
870	72
870	248
870	411
870	425
870	561
870	596
870	664
870	679
870	688
870	705
870	917
870	928
870	937
870	940
870	972
870	984
870	986
870	999
871	292
871	422
871	506
871	511
871	778
871	794
871	849
871	853
871	897
871	909
871	924
871	946
871	950
871	956
871	966
871	970
871	983
871	1000
872	113
872	155
872	197
872	224
872	361
872	461
872	471
872	502
872	563
872	756
872	816
872	826
872	874
872	949
872	955
872	961
872	963
872	990
873	175
873	330
873	385
873	596
873	700
873	741
873	770
873	822
873	888
873	917
873	928
873	931
873	935
873	972
873	981
873	984
873	986
873	999
874	291
874	460
874	765
874	844
874	872
874	897
874	901
874	910
874	949
874	955
874	959
874	961
874	965
874	978
874	982
874	991
874	992
874	999
875	257
875	303
875	603
875	649
875	658
875	679
875	727
875	796
875	837
875	858
875	890
875	926
875	936
875	938
875	946
875	987
875	990
875	996
876	61
876	95
876	228
876	256
876	422
876	538
876	579
876	594
876	650
876	653
876	718
876	740
876	755
876	773
876	828
876	922
876	923
876	932
877	16
877	111
877	158
877	196
877	267
877	370
877	372
877	408
877	445
877	496
877	536
877	635
877	641
877	699
877	715
877	716
877	746
877	791
877	797
878	21
878	70
878	271
878	361
878	386
878	413
878	553
878	608
878	616
878	791
878	792
878	807
878	808
878	822
878	839
878	862
878	879
878	905
878	958
879	145
879	459
879	588
879	616
879	672
879	807
879	808
879	822
879	857
879	878
879	887
879	905
879	914
879	916
879	930
879	940
879	954
879	958
880	107
880	237
880	365
880	409
880	552
880	587
880	651
880	656
880	669
880	722
880	810
880	842
880	864
880	904
880	913
880	933
880	937
880	946
880	975
881	22
881	35
881	67
881	141
881	162
881	183
881	260
881	341
881	558
881	576
881	642
881	644
881	685
881	687
881	708
881	768
881	814
881	819
881	852
882	189
882	473
882	501
882	533
882	615
882	639
882	695
882	709
882	719
882	754
882	790
882	804
882	856
882	863
882	896
882	902
882	913
882	929
882	968
883	27
883	94
883	233
883	295
883	339
883	364
883	388
883	397
883	469
883	480
883	571
883	601
883	668
883	726
883	788
883	810
883	832
883	914
883	928
884	157
884	305
884	364
884	386
884	439
884	540
884	614
884	627
884	655
884	711
884	739
884	770
884	829
884	917
884	972
884	981
884	984
884	986
884	999
885	221
885	351
885	485
885	578
885	610
885	612
885	628
885	666
885	746
885	761
885	798
885	799
885	893
885	952
885	958
885	960
885	966
885	970
885	981
885	985
886	42
886	85
886	126
886	139
886	261
886	358
886	363
886	373
886	378
886	412
886	420
886	550
886	574
886	699
886	730
886	731
886	776
886	854
886	861
886	994
887	123
887	178
887	209
887	229
887	434
887	481
887	491
887	672
887	691
887	707
887	761
887	857
887	879
887	914
887	916
887	930
887	940
887	954
888	8
888	18
888	68
888	146
888	330
888	465
888	490
888	565
888	646
888	733
888	762
888	873
888	917
888	928
888	937
888	972
888	984
888	986
888	999
888	1000
889	8
889	82
889	114
889	164
889	212
889	264
889	286
889	311
889	390
889	452
889	523
889	528
889	554
889	598
889	690
889	691
889	693
889	826
889	834
889	952
890	376
890	476
890	603
890	612
890	649
890	658
890	837
890	875
890	910
890	942
890	959
890	965
890	976
890	977
890	978
890	979
890	982
890	991
890	992
890	999
891	36
891	177
891	228
891	270
891	303
891	348
891	360
891	463
891	476
891	526
891	603
891	617
891	644
891	658
891	721
891	837
891	935
891	942
891	977
891	987
892	422
892	449
892	780
892	787
892	817
892	841
892	867
892	910
892	920
892	944
892	959
892	965
892	978
892	979
892	982
892	991
892	992
892	999
893	54
893	124
893	143
893	174
893	351
893	520
893	610
893	663
893	666
893	679
893	746
893	765
893	798
893	799
893	838
893	852
893	885
893	938
893	961
893	981
894	39
894	216
894	224
894	537
894	562
894	596
894	638
894	648
894	701
894	769
894	851
894	898
894	900
894	908
894	918
894	919
894	945
894	985
895	29
895	58
895	69
895	142
895	202
895	273
895	362
895	428
895	446
895	467
895	484
895	488
895	507
895	529
895	775
895	847
895	855
895	868
895	957
895	962
895	968
896	501
896	619
896	639
896	678
896	680
896	683
896	697
896	709
896	754
896	777
896	804
896	815
896	882
896	902
896	906
896	922
896	927
896	953
896	982
896	993
896	995
897	198
897	479
897	548
897	579
897	633
897	643
897	730
897	749
897	766
897	801
897	853
897	871
897	874
897	929
897	948
897	952
897	958
897	960
897	970
897	998
897	1000
898	39
898	109
898	169
898	216
898	377
898	444
898	539
898	562
898	648
898	667
898	690
898	711
898	728
898	806
898	863
898	894
898	908
898	918
898	987
898	988
899	15
899	87
899	243
899	287
899	298
899	338
899	384
899	430
899	498
899	531
899	605
899	621
899	694
899	700
899	821
899	865
899	928
899	948
899	964
899	970
899	988
900	11
900	73
900	134
900	383
900	458
900	508
900	714
900	720
900	774
900	782
900	812
900	843
900	851
900	855
900	860
900	894
900	912
900	919
900	945
900	985
900	999
901	135
901	291
901	524
901	567
901	622
901	672
901	752
901	753
901	756
901	781
901	797
901	813
901	844
901	874
901	925
901	949
901	951
901	961
901	963
901	990
901	997
902	17
902	189
902	354
902	473
902	495
902	501
902	533
902	695
902	709
902	719
902	754
902	785
902	804
902	815
902	869
902	882
902	896
902	913
902	930
902	931
902	968
903	7
903	230
903	276
903	346
903	399
903	483
903	518
903	631
903	634
903	706
903	732
903	735
903	786
903	819
903	823
903	827
903	907
903	915
903	921
903	943
903	971
903	997
904	1
904	138
904	314
904	477
904	539
904	542
904	569
904	587
904	667
904	669
904	722
904	729
904	732
904	805
904	820
904	842
904	864
904	866
904	880
904	909
904	933
904	975
905	21
905	70
905	142
905	154
905	361
905	386
905	413
905	553
905	608
905	613
905	616
905	685
905	734
905	791
905	792
905	807
905	808
905	822
905	839
905	878
905	879
905	958
906	12
906	105
906	188
906	332
906	379
906	411
906	423
906	426
906	468
906	582
906	587
906	673
906	685
906	698
906	713
906	751
906	757
906	779
906	834
906	856
906	896
906	948
906	952
907	48
907	263
907	279
907	282
907	320
907	349
907	483
907	566
907	631
907	712
907	732
907	763
907	776
907	786
907	823
907	903
907	915
907	918
907	943
907	951
907	971
907	979
907	997
908	39
908	113
908	216
908	562
908	648
908	650
908	692
908	719
908	727
908	796
908	858
908	894
908	898
908	918
908	926
908	936
908	938
908	990
908	996
909	96
909	108
909	136
909	266
909	278
909	292
909	314
909	345
909	477
909	542
909	558
909	585
909	610
909	729
909	805
909	820
909	866
909	871
909	904
909	960
909	966
909	970
909	998
909	1000
910	638
910	661
910	780
910	787
910	796
910	817
910	825
910	841
910	867
910	874
910	890
910	892
910	920
910	944
910	959
910	965
910	978
910	979
910	982
910	991
910	992
910	999
911	33
911	44
911	47
911	88
911	132
911	219
911	293
911	404
911	424
911	439
911	450
911	516
911	530
911	549
911	580
911	583
911	677
911	682
911	697
911	723
911	750
911	790
911	962
911	989
912	11
912	64
912	91
912	112
912	118
912	396
912	436
912	458
912	508
912	513
912	517
912	540
912	555
912	671
912	714
912	720
912	812
912	860
912	900
912	929
912	941
912	961
912	975
912	999
913	167
913	290
913	409
913	473
913	497
913	501
913	621
913	669
913	683
913	722
913	754
913	781
913	785
913	804
913	842
913	864
913	869
913	880
913	882
913	902
913	933
913	937
913	968
913	975
914	54
914	123
914	169
914	186
914	209
914	229
914	242
914	329
914	434
914	481
914	491
914	630
914	672
914	691
914	761
914	857
914	879
914	883
914	887
914	916
914	918
914	930
914	940
914	954
915	7
915	133
915	199
915	214
915	263
915	282
915	347
915	359
915	525
915	752
915	753
915	759
915	772
915	802
915	813
915	903
915	907
915	943
915	951
915	971
915	975
915	979
915	997
915	998
916	123
916	186
916	209
916	229
916	249
916	287
916	387
916	434
916	481
916	491
916	630
916	672
916	691
916	761
916	853
916	857
916	879
916	887
916	914
916	930
916	940
916	954
917	217
917	231
917	305
917	385
917	489
917	493
917	575
917	640
917	659
917	700
917	724
917	730
917	770
917	870
917	873
917	884
917	888
917	928
917	941
917	945
917	972
917	981
917	984
917	986
917	999
918	39
918	46
918	90
918	92
918	109
918	169
918	180
918	191
918	216
918	223
918	275
918	312
918	381
918	399
918	515
918	526
918	562
918	648
918	894
918	898
918	907
918	908
918	914
919	137
919	204
919	383
919	431
919	449
919	537
919	576
919	596
919	659
919	680
919	694
919	701
919	748
919	767
919	769
919	774
919	782
919	843
919	851
919	861
919	894
919	900
919	945
919	961
919	985
920	45
920	98
920	185
920	212
920	253
920	265
920	535
920	543
920	703
920	841
920	853
920	867
920	892
920	910
920	959
920	962
920	965
920	971
920	978
920	979
920	982
920	991
920	992
920	999
921	34
921	79
921	165
921	199
921	302
921	407
921	486
921	522
921	535
921	557
921	684
921	724
921	762
921	784
921	827
921	835
921	903
921	939
921	951
921	957
921	958
921	976
921	980
921	983
921	989
921	994
922	256
922	307
922	437
922	470
922	478
922	538
922	579
922	653
922	740
922	752
922	755
922	762
922	773
922	806
922	828
922	848
922	876
922	896
922	923
922	925
922	927
922	932
922	944
922	953
922	963
922	995
923	61
923	81
923	93
923	95
923	125
923	166
923	201
923	256
923	422
923	538
923	569
923	579
923	594
923	648
923	650
923	653
923	718
923	740
923	755
923	773
923	828
923	867
923	876
923	922
923	932
923	995
924	6
924	376
924	394
924	401
924	413
924	448
924	607
924	626
924	652
924	717
924	737
924	789
924	794
924	800
924	801
924	846
924	849
924	871
924	942
924	946
924	950
924	954
924	956
924	983
924	993
924	1000
925	60
925	154
925	437
925	514
925	524
925	623
925	660
925	710
925	752
925	753
925	803
925	809
925	811
925	813
925	838
925	850
925	901
925	922
925	927
925	934
925	944
925	951
925	953
925	963
925	997
925	998
926	159
926	200
926	245
926	294
926	328
926	462
926	527
926	559
926	600
926	662
926	689
926	692
926	727
926	796
926	858
926	875
926	908
926	936
926	938
926	960
926	990
926	996
927	60
927	154
927	329
927	369
927	375
927	419
927	426
927	440
927	544
927	619
927	697
927	698
927	733
927	777
927	803
927	848
927	854
927	896
927	922
927	925
927	944
927	947
927	953
927	963
927	993
927	995
928	233
928	315
928	334
928	429
928	469
928	480
928	489
928	601
928	659
928	736
928	744
928	788
928	810
928	832
928	870
928	873
928	883
928	888
928	899
928	917
928	945
928	966
928	972
928	981
928	984
928	986
928	999
929	56
929	118
929	156
929	164
929	201
929	278
929	296
929	318
929	421
929	513
929	555
929	597
929	652
929	671
929	766
929	882
929	897
929	912
929	941
929	952
929	958
929	960
929	966
929	970
929	975
929	997
929	998
930	54
930	119
930	123
930	169
930	186
930	209
930	229
930	242
930	249
930	329
930	387
930	434
930	481
930	491
930	630
930	672
930	691
930	700
930	761
930	857
930	879
930	887
930	902
930	914
930	916
930	940
930	954
931	20
931	120
931	272
931	308
931	335
931	417
931	521
931	585
931	604
931	647
931	706
931	771
931	785
931	786
931	795
931	824
931	831
931	836
931	839
931	850
931	866
931	873
931	902
931	969
931	973
931	974
931	989
932	9
932	61
932	81
932	93
932	95
932	125
932	166
932	201
932	256
932	338
932	422
932	538
932	569
932	579
932	594
932	650
932	653
932	718
932	740
932	755
932	773
932	828
932	876
932	922
932	923
932	967
932	975
933	2
933	138
933	173
933	232
933	237
933	290
933	365
933	389
933	409
933	539
933	552
933	587
933	601
933	651
933	656
933	669
933	722
933	810
933	842
933	860
933	864
933	880
933	904
933	913
933	937
933	972
933	975
934	51
934	80
934	111
934	135
934	172
934	315
934	326
934	359
934	391
934	460
934	570
934	571
934	622
934	676
934	702
934	742
934	752
934	753
934	772
934	781
934	809
934	811
934	862
934	925
934	996
934	997
934	998
935	38
935	150
935	175
935	176
935	193
935	303
935	372
935	462
935	464
935	476
935	586
935	659
935	721
935	746
935	837
935	873
935	891
935	942
935	945
935	972
935	977
935	981
935	984
935	986
935	987
935	997
935	999
936	159
936	200
936	245
936	281
936	294
936	320
936	328
936	363
936	397
936	426
936	437
936	462
936	527
936	559
936	600
936	662
936	692
936	727
936	796
936	858
936	875
936	908
936	926
936	938
936	990
936	996
937	89
937	138
937	203
937	232
937	248
937	409
937	550
937	552
937	561
937	573
937	587
937	664
937	679
937	688
937	705
937	722
937	793
937	798
937	842
937	864
937	870
937	880
937	888
937	913
937	933
937	940
937	975
938	25
938	159
938	200
938	245
938	281
938	294
938	320
938	328
938	363
938	426
938	462
938	527
938	559
938	600
938	662
938	692
938	727
938	796
938	818
938	858
938	875
938	893
938	908
938	926
938	936
938	990
938	996
939	144
939	252
939	254
939	285
939	368
939	371
939	392
939	431
939	438
939	500
939	593
939	678
939	760
939	783
939	784
939	793
939	827
939	835
939	859
939	921
939	951
939	957
939	976
939	980
939	983
939	989
939	994
940	89
940	203
940	248
940	277
940	550
940	561
940	573
940	664
940	672
940	679
940	688
940	705
940	857
940	870
940	879
940	887
940	914
940	916
940	930
940	937
940	954
940	969
941	28
941	64
941	91
941	112
941	156
941	181
941	241
941	296
941	309
941	318
941	321
941	436
941	453
941	460
941	466
941	505
941	513
941	548
941	556
941	558
941	606
941	612
941	741
941	912
941	917
941	929
941	975
942	52
942	53
942	63
942	84
942	119
942	150
942	226
942	228
942	257
942	270
942	303
942	323
942	348
942	360
942	381
942	476
942	586
942	632
942	649
942	658
942	721
942	837
942	890
942	891
942	924
942	935
942	977
942	987
943	48
943	126
943	221
943	276
943	282
943	347
943	349
943	420
943	433
943	566
943	607
943	636
943	662
943	696
943	710
943	712
943	732
943	741
943	750
943	763
943	786
943	802
943	903
943	907
943	915
943	971
943	979
943	984
944	26
944	375
944	470
944	680
944	728
944	735
944	803
944	809
944	817
944	838
944	841
944	848
944	867
944	892
944	910
944	922
944	925
944	927
944	953
944	959
944	965
944	978
944	979
944	982
944	987
944	991
944	992
944	995
944	999
945	9
945	137
945	385
945	512
945	553
945	575
945	581
945	655
945	718
945	748
945	767
945	769
945	770
945	773
945	774
945	782
945	851
945	894
945	900
945	917
945	919
945	928
945	935
945	972
945	981
945	984
945	985
945	986
945	999
946	65
946	151
946	178
946	185
946	206
946	207
946	222
946	325
946	389
946	394
946	415
946	418
946	494
946	511
946	652
946	778
946	794
946	800
946	818
946	849
946	871
946	875
946	880
946	924
946	950
946	954
946	956
946	966
946	983
947	10
947	162
947	194
947	208
947	277
947	289
947	344
947	400
947	414
947	442
947	514
947	527
947	572
947	590
947	660
947	733
947	762
947	767
947	838
947	848
947	927
947	953
947	963
947	992
947	993
947	994
948	12
948	22
948	59
948	78
948	105
948	240
948	292
948	395
948	426
948	468
948	500
948	541
948	568
948	578
948	628
948	685
948	713
948	749
948	751
948	766
948	856
948	897
948	899
948	906
948	952
948	960
948	966
948	970
948	998
949	32
949	104
949	113
949	116
949	141
949	236
949	281
949	313
949	317
949	343
949	388
949	483
949	487
949	510
949	532
949	547
949	563
949	674
949	756
949	797
949	816
949	826
949	872
949	874
949	901
949	955
949	961
949	963
949	990
950	62
950	65
950	109
950	151
950	178
950	185
950	206
950	207
950	222
950	239
950	389
950	394
950	415
950	418
950	511
950	533
950	652
950	759
950	778
950	794
950	800
950	829
950	849
950	871
950	924
950	946
950	954
950	956
950	974
950	983
951	34
951	198
951	214
951	297
951	486
951	524
951	752
951	753
951	764
951	784
951	809
951	811
951	813
951	819
951	827
951	835
951	901
951	907
951	915
951	921
951	925
951	939
951	957
951	976
951	980
951	983
951	989
951	994
951	997
951	998
952	19
952	77
952	131
952	276
952	345
952	480
952	485
952	499
952	568
952	578
952	597
952	628
952	643
952	656
952	686
952	749
952	766
952	801
952	853
952	885
952	889
952	897
952	906
952	929
952	948
952	958
952	960
952	966
952	970
952	998
952	1000
953	211
953	329
953	330
953	369
953	375
953	414
953	437
953	440
953	470
953	502
953	514
953	544
953	602
953	619
953	678
953	735
953	754
953	777
953	803
953	838
953	848
953	854
953	896
953	922
953	925
953	927
953	944
953	947
953	963
953	991
953	993
954	239
954	491
954	494
954	511
954	533
954	652
954	672
954	688
954	699
954	723
954	778
954	794
954	800
954	849
954	857
954	879
954	887
954	914
954	916
954	924
954	930
954	940
954	946
954	950
954	956
954	983
955	68
955	113
955	116
955	155
955	197
955	281
955	291
955	317
955	404
955	442
955	487
955	510
955	532
955	547
955	585
955	591
955	660
955	674
955	756
955	765
955	797
955	816
955	826
955	844
955	872
955	874
955	949
955	961
955	963
955	967
955	990
956	96
956	109
956	178
956	185
956	206
956	207
956	222
956	239
956	325
956	389
956	394
956	415
956	418
956	494
956	511
956	533
956	652
956	686
956	702
956	759
956	778
956	794
956	800
956	849
956	860
956	871
956	924
956	946
956	950
956	954
956	983
957	331
957	507
957	576
957	630
957	684
957	724
957	756
957	775
957	784
957	827
957	835
957	847
957	855
957	868
957	895
957	921
957	939
957	951
957	968
957	976
957	980
957	983
957	989
957	994
958	142
958	278
958	361
958	413
958	459
958	479
958	499
958	509
958	553
958	597
958	613
958	633
958	749
958	766
958	792
958	807
958	808
958	822
958	839
958	878
958	879
958	885
958	897
958	905
958	921
958	929
958	952
958	960
958	964
958	966
958	970
958	998
959	360
959	363
959	472
959	546
959	618
959	625
959	638
959	661
959	780
959	787
959	817
959	841
959	867
959	874
959	890
959	892
959	910
959	920
959	944
959	965
959	972
959	978
959	979
959	982
959	984
959	991
959	992
959	999
960	19
960	75
960	108
960	221
960	292
960	479
960	499
960	504
960	548
960	568
960	578
960	579
960	597
960	628
960	633
960	643
960	697
960	734
960	749
960	766
960	801
960	842
960	885
960	897
960	909
960	926
960	929
960	948
960	952
960	958
960	966
960	970
960	981
960	1000
961	54
961	124
961	141
961	143
961	273
961	321
961	442
961	520
961	563
961	591
961	663
961	674
961	679
961	765
961	770
961	797
961	816
961	838
961	844
961	872
961	874
961	893
961	901
961	912
961	919
961	949
961	955
961	963
961	984
962	5
962	36
962	45
962	47
962	59
962	98
962	212
962	219
962	253
962	265
962	324
962	325
962	404
962	439
962	516
962	530
962	534
962	535
962	543
962	624
962	677
962	682
962	697
962	703
962	767
962	853
962	862
962	895
962	911
962	920
963	10
963	235
963	331
963	343
963	419
963	427
963	461
963	510
963	532
963	544
963	619
963	660
963	756
963	765
963	777
963	797
963	816
963	844
963	848
963	854
963	872
963	901
963	922
963	925
963	927
963	947
963	949
963	953
963	955
963	961
963	969
963	972
963	990
963	993
963	995
964	15
964	43
964	57
964	87
964	98
964	107
964	145
964	168
964	213
964	218
964	243
964	255
964	287
964	298
964	308
964	338
964	384
964	418
964	430
964	432
964	498
964	506
964	528
964	531
964	543
964	595
964	621
964	694
964	700
964	711
964	749
964	821
964	865
964	899
964	958
964	988
965	130
965	153
965	182
965	192
965	401
965	407
965	472
965	546
965	582
965	618
965	625
965	626
965	638
965	661
965	708
965	745
965	780
965	787
965	817
965	841
965	867
965	874
965	890
965	892
965	910
965	920
965	944
965	959
965	978
965	979
965	982
965	991
965	992
965	999
966	18
966	77
966	108
966	131
966	201
966	266
966	485
966	504
966	545
966	548
966	578
966	579
966	616
966	628
966	633
966	643
966	656
966	686
966	734
966	749
966	766
966	801
966	849
966	853
966	871
966	885
966	909
966	928
966	929
966	946
966	948
966	952
966	958
966	960
966	970
966	998
966	1000
967	24
967	25
967	37
967	55
967	80
967	140
967	148
967	242
967	288
967	311
967	380
967	391
967	406
967	455
967	467
967	482
967	488
967	570
967	571
967	619
967	620
967	670
967	675
967	676
967	683
967	702
967	710
967	781
967	802
967	811
967	818
967	833
967	852
967	862
967	932
967	955
967	996
968	17
968	29
968	41
968	58
968	69
968	202
968	273
968	354
968	362
968	377
968	428
968	446
968	488
968	507
968	529
968	615
968	639
968	682
968	683
968	695
968	719
968	754
968	775
968	790
968	804
968	815
968	832
968	847
968	855
968	863
968	868
968	869
968	882
968	895
968	902
968	913
968	957
969	6
969	20
969	120
969	121
969	161
969	262
969	272
969	308
969	335
969	367
969	417
969	451
969	521
969	585
969	604
969	636
969	647
969	706
969	771
969	785
969	795
969	824
969	831
969	834
969	836
969	839
969	850
969	859
969	866
969	931
969	940
969	963
969	973
969	974
969	989
970	13
970	18
970	75
970	77
970	108
970	131
970	292
970	421
970	485
970	499
970	504
970	545
970	568
970	578
970	628
970	633
970	643
970	656
970	730
970	734
970	749
970	766
970	853
970	855
970	871
970	885
970	897
970	899
970	909
970	929
970	948
970	952
970	958
970	960
970	966
970	998
970	1000
971	7
971	48
971	99
971	221
971	230
971	276
971	279
971	320
971	346
971	349
971	420
971	433
971	518
971	523
971	525
971	566
971	631
971	634
971	710
971	732
971	735
971	741
971	755
971	763
971	776
971	786
971	802
971	819
971	823
971	836
971	844
971	903
971	907
971	915
971	920
971	943
971	979
971	997
972	24
972	38
972	72
972	100
972	110
972	144
972	175
972	193
972	330
972	333
972	385
972	410
972	428
972	435
972	489
972	493
972	512
972	575
972	640
972	646
972	741
972	743
972	770
972	870
972	873
972	884
972	888
972	917
972	928
972	933
972	935
972	945
972	959
972	963
972	981
972	984
972	986
972	999
973	20
973	120
973	121
973	161
973	262
973	272
973	308
973	335
973	362
973	367
973	417
973	429
973	446
973	451
973	487
973	500
973	521
973	585
973	604
973	636
973	646
973	647
973	706
973	771
973	777
973	785
973	795
973	824
973	831
973	836
973	839
973	850
973	866
973	931
973	969
973	974
973	989
973	998
974	6
974	20
974	120
974	121
974	161
974	186
974	262
974	272
974	308
974	316
974	335
974	362
974	367
974	417
974	429
974	446
974	451
974	500
974	521
974	585
974	604
974	636
974	647
974	706
974	771
974	785
974	795
974	824
974	831
974	836
974	839
974	850
974	858
974	866
974	931
974	950
974	969
974	973
974	989
975	40
975	53
975	56
975	64
975	74
975	91
975	112
975	118
975	156
975	164
975	173
975	296
975	318
975	409
975	436
975	460
975	513
975	539
975	552
975	555
975	587
975	649
975	651
975	656
975	669
975	671
975	722
975	810
975	864
975	880
975	904
975	912
975	913
975	915
975	929
975	932
975	933
975	937
975	941
976	79
976	149
976	165
976	199
976	205
976	220
976	302
976	304
976	307
976	322
976	407
976	433
976	436
976	441
976	487
976	522
976	535
976	551
976	557
976	582
976	671
976	678
976	684
976	696
976	724
976	784
976	827
976	835
976	859
976	890
976	921
976	939
976	951
976	957
976	980
976	983
976	989
976	994
976	999
977	36
977	41
977	52
977	53
977	63
977	119
977	150
977	228
977	257
977	270
977	283
977	303
977	306
977	333
977	348
977	351
977	360
977	381
977	403
977	462
977	463
977	464
977	476
977	526
977	545
977	586
977	603
977	617
977	624
977	649
977	658
977	721
977	728
977	837
977	890
977	891
977	935
977	942
977	979
977	987
978	130
978	153
978	171
978	247
978	317
978	334
978	367
978	410
978	472
978	531
978	546
978	613
978	618
978	625
978	638
978	661
978	678
978	708
978	733
978	745
978	780
978	787
978	817
978	835
978	841
978	864
978	867
978	874
978	890
978	892
978	910
978	920
978	944
978	959
978	965
978	979
978	982
978	991
978	992
978	999
979	347
979	566
979	634
979	662
979	691
979	696
979	712
979	716
979	732
979	741
979	763
979	776
979	780
979	787
979	802
979	817
979	823
979	836
979	841
979	867
979	890
979	892
979	907
979	910
979	915
979	920
979	943
979	944
979	959
979	965
979	971
979	977
979	978
979	982
979	990
979	991
979	992
979	997
979	999
980	34
980	79
980	149
980	165
980	199
980	205
980	220
980	302
980	304
980	307
980	322
980	407
980	433
980	436
980	441
980	481
980	486
980	487
980	522
980	535
980	551
980	557
980	582
980	611
980	671
980	678
980	684
980	724
980	784
980	806
980	827
980	835
980	921
980	939
980	951
980	957
980	976
980	983
980	984
980	989
980	994
981	110
981	163
981	174
981	205
981	223
981	278
981	284
981	351
981	396
981	435
981	575
981	584
981	610
981	612
981	646
981	666
981	700
981	743
981	746
981	770
981	798
981	799
981	828
981	873
981	884
981	885
981	893
981	917
981	928
981	935
981	945
981	960
981	972
981	984
981	986
981	999
982	26
982	171
982	177
982	182
982	247
982	270
982	334
982	366
982	367
982	401
982	410
982	472
982	508
982	546
982	613
982	618
982	625
982	626
982	638
982	661
982	745
982	780
982	787
982	817
982	841
982	867
982	874
982	890
982	892
982	896
982	910
982	920
982	944
982	959
982	965
982	978
982	979
982	991
982	992
982	997
982	999
983	34
983	151
983	304
983	325
983	406
983	407
983	415
983	418
983	420
983	486
983	494
983	511
983	522
983	557
983	615
983	652
983	684
983	724
983	759
983	778
983	784
983	794
983	800
983	818
983	827
983	835
983	849
983	871
983	921
983	924
983	939
983	946
983	950
983	951
983	954
983	956
983	957
983	976
983	980
983	986
983	989
983	994
984	60
984	72
984	100
984	157
984	175
984	176
984	231
984	305
984	330
984	333
984	350
984	410
984	428
984	435
984	489
984	492
984	493
984	512
984	581
984	596
984	640
984	659
984	700
984	741
984	743
984	770
984	870
984	873
984	884
984	888
984	917
984	928
984	935
984	943
984	945
984	959
984	961
984	972
984	980
984	981
984	986
984	999
985	9
985	86
985	88
985	96
985	134
985	137
985	152
985	179
985	184
985	204
985	210
985	211
985	250
985	283
985	331
985	354
985	383
985	419
985	431
985	449
985	509
985	537
985	576
985	596
985	680
985	694
985	701
985	718
985	748
985	767
985	769
985	774
985	782
985	843
985	851
985	863
985	885
985	894
985	900
985	919
985	945
985	986
986	38
986	60
986	72
986	100
986	110
986	114
986	144
986	157
986	217
986	231
986	350
986	385
986	396
986	410
986	435
986	489
986	492
986	493
986	575
986	581
986	597
986	634
986	640
986	646
986	659
986	741
986	743
986	770
986	841
986	870
986	873
986	884
986	888
986	917
986	928
986	935
986	945
986	972
986	981
986	983
986	984
986	985
986	999
987	14
987	36
987	50
987	52
987	63
987	102
987	203
987	226
987	230
987	306
987	333
987	348
987	377
987	444
987	445
987	463
987	603
987	612
987	649
987	667
987	694
987	711
987	721
987	728
987	806
987	837
987	863
987	875
987	891
987	898
987	935
987	942
987	944
987	977
987	988
988	14
988	43
988	49
988	50
988	98
988	102
988	107
988	148
988	168
988	218
988	243
988	255
988	319
988	377
988	384
988	430
988	444
988	543
988	595
988	605
988	621
988	667
988	700
988	711
988	728
988	745
988	751
988	776
988	806
988	821
988	863
988	865
988	898
988	899
988	964
988	987
989	149
989	161
989	210
989	302
989	322
989	335
989	417
989	451
989	486
989	521
989	522
989	557
989	604
989	647
989	671
989	684
989	692
989	706
989	724
989	771
989	784
989	795
989	824
989	827
989	831
989	835
989	836
989	839
989	850
989	866
989	911
989	921
989	931
989	939
989	951
989	957
989	969
989	973
989	974
989	976
989	980
989	983
989	994
989	995
990	104
990	237
990	313
990	420
990	461
990	483
990	502
990	510
990	532
990	559
990	563
990	600
990	674
990	692
990	727
990	756
990	765
990	796
990	797
990	812
990	816
990	844
990	853
990	858
990	872
990	875
990	901
990	908
990	926
990	936
990	938
990	949
990	955
990	963
990	979
990	996
991	26
991	130
991	153
991	171
991	177
991	182
991	247
991	270
991	317
991	334
991	401
991	472
991	492
991	531
991	546
991	613
991	618
991	625
991	626
991	638
991	661
991	737
991	745
991	780
991	787
991	804
991	811
991	817
991	841
991	867
991	874
991	890
991	892
991	910
991	920
991	944
991	953
991	959
991	965
991	978
991	979
991	982
991	992
991	999
992	84
992	130
992	153
992	171
992	177
992	182
992	247
992	317
992	334
992	401
992	408
992	410
992	472
992	488
992	531
992	546
992	613
992	618
992	620
992	625
992	626
992	638
992	661
992	708
992	745
992	780
992	787
992	817
992	822
992	841
992	867
992	874
992	890
992	892
992	910
992	920
992	944
992	947
992	959
992	965
992	978
992	979
992	982
992	991
992	999
993	5
993	26
993	30
993	40
993	102
993	125
993	172
993	290
993	307
993	316
993	369
993	375
993	382
993	405
993	413
993	414
993	437
993	448
993	477
993	478
993	529
993	544
993	607
993	650
993	660
993	693
993	707
993	717
993	727
993	733
993	737
993	760
993	789
993	803
993	838
993	846
993	848
993	854
993	896
993	924
993	927
993	947
993	953
993	963
993	995
994	79
994	194
994	208
994	220
994	289
994	304
994	322
994	344
994	442
994	512
994	527
994	551
994	557
994	572
994	582
994	590
994	671
994	684
994	714
994	724
994	729
994	762
994	784
994	827
994	835
994	886
994	921
994	939
994	947
994	951
994	957
994	976
994	980
994	983
994	989
994	996
995	78
995	192
995	211
995	215
995	314
995	412
995	414
995	416
995	440
995	441
995	447
995	454
995	470
995	474
995	479
995	514
995	545
995	602
995	623
995	630
995	632
995	678
995	680
995	697
995	733
995	735
995	747
995	777
995	803
995	825
995	840
995	848
995	854
995	896
995	922
995	923
995	927
995	944
995	963
995	989
995	993
996	25
996	31
996	55
996	99
996	159
996	200
996	241
996	245
996	279
996	294
996	309
996	328
996	353
996	357
996	391
996	471
996	539
996	559
996	570
996	571
996	600
996	629
996	662
996	676
996	692
996	702
996	727
996	757
996	766
996	781
996	796
996	811
996	833
996	858
996	862
996	875
996	908
996	926
996	934
996	936
996	938
996	967
996	990
996	994
997	59
997	128
997	135
997	136
997	170
997	214
997	227
997	284
997	297
997	309
997	346
997	347
997	359
997	399
997	405
997	483
997	518
997	567
997	631
997	634
997	732
997	735
997	742
997	752
997	753
997	759
997	764
997	772
997	802
997	809
997	811
997	813
997	819
997	823
997	836
997	901
997	903
997	907
997	915
997	925
997	929
997	934
997	935
997	951
997	971
997	979
997	982
997	998
997	1000
998	19
998	22
998	59
998	66
998	180
998	297
998	313
998	326
998	345
998	359
998	421
998	435
998	485
998	504
998	517
998	524
998	567
998	597
998	622
998	686
998	696
998	730
998	734
998	742
998	752
998	759
998	764
998	766
998	772
998	801
998	809
998	813
998	815
998	853
998	897
998	909
998	915
998	925
998	929
998	934
998	948
998	951
998	952
998	958
998	966
998	970
998	973
998	997
998	1000
999	110
999	157
999	193
999	350
999	428
999	435
999	546
999	575
999	581
999	618
999	625
999	659
999	661
999	770
999	780
999	787
999	802
999	817
999	841
999	856
999	867
999	870
999	873
999	874
999	884
999	888
999	890
999	892
999	900
999	910
999	912
999	917
999	920
999	928
999	935
999	944
999	945
999	959
999	965
999	972
999	976
999	978
999	979
999	981
999	982
999	984
999	986
999	991
999	992
1000	1
1000	8
1000	18
1000	68
1000	83
1000	146
1000	327
1000	345
1000	421
1000	465
1000	479
1000	485
1000	490
1000	499
1000	545
1000	565
1000	568
1000	578
1000	597
1000	633
1000	643
1000	686
1000	730
1000	749
1000	757
1000	762
1000	766
1000	821
1000	871
1000	888
1000	897
1000	909
1000	924
1000	952
1000	960
1000	966
1000	970
1000	997
1000	998
