1	522
1	550
1	566
1	828
2	223
2	457
2	912
2	932
3	791
3	868
3	947
3	948
4	150
4	862
4	909
4	941
5	754
5	826
5	853
5	931
6	441
6	757
6	973
6	996
7	330
7	381
7	492
7	909
8	796
8	884
8	925
8	982
9	832
9	874
9	989
9	994
10	657
10	731
10	735
10	968
11	794
11	869
11	923
11	955
12	492
12	625
12	909
12	920
13	588
13	622
13	868
13	872
14	455
14	584
14	794
14	912
15	307
15	567
15	969
15	992
16	713
16	803
16	917
16	940
17	308
17	750
17	976
17	989
18	450
18	573
18	745
18	960
19	477
19	692
19	738
19	855
20	156
20	193
20	951
20	980
21	495
21	603
21	863
21	900
22	53
22	216
22	976
22	989
23	338
23	639
23	845
23	917
24	915
24	921
24	954
24	963
25	701
25	876
25	898
25	906
26	418
26	891
26	973
26	980
27	570
27	795
27	907
27	993
28	859
28	959
28	962
28	999
29	903
29	938
29	981
29	984
30	408
30	659
30	711
30	928
31	213
31	693
31	870
31	995
32	950
32	956
32	990
32	993
33	410
33	434
33	811
33	921
34	749
34	870
34	950
34	996
35	907
35	933
35	976
35	989
36	377
36	616
36	788
36	824
37	376
37	786
37	840
37	983
38	413
38	510
38	748
38	937
39	256
39	495
39	863
39	998
40	581
40	866
40	901
40	913
41	138
41	849
41	904
41	977
42	953
42	959
42	990
42	993
43	598
43	865
43	967
43	997
44	916
44	951
44	972
44	981
45	474
45	480
45	778
45	808
46	587
46	727
46	891
46	916
47	679
47	757
47	961
47	975
48	571
48	869
48	923
48	978
49	646
49	957
49	972
49	992
50	457
50	897
50	923
50	928
51	65
51	531
51	636
51	788
52	463
52	795
52	849
52	971
53	22
53	296
53	976
53	989
54	898
54	905
54	976
54	992
55	775
55	843
55	914
55	925
56	619
56	869
56	923
56	978
57	873
57	939
57	943
57	991
58	582
58	803
58	845
58	917
59	636
59	663
59	704
59	788
60	574
60	588
60	858
60	995
61	113
61	231
61	238
61	463
62	285
62	638
62	650
62	882
63	272
63	878
63	968
63	969
64	890
64	907
64	969
64	994
65	51
65	756
65	842
65	856
66	544
66	621
66	791
66	928
67	399
67	766
67	952
67	967
68	668
68	850
68	911
68	915
69	779
69	802
69	900
69	988
70	937
70	976
70	989
70	990
71	100
71	157
71	178
71	917
72	702
72	872
72	879
72	1000
73	461
73	633
73	809
73	930
74	870
74	939
74	990
74	993
75	291
75	977
75	987
75	997
76	585
76	869
76	923
76	988
77	623
77	961
77	975
77	984
78	568
78	630
78	763
78	822
79	99
79	760
79	844
79	928
80	866
80	973
80	990
80	993
81	138
81	847
81	962
81	999
82	89
82	784
82	960
82	983
83	974
83	976
83	989
83	997
84	244
84	854
84	980
84	992
85	586
85	682
85	706
85	841
86	497
86	599
86	669
86	946
87	893
87	976
87	989
87	997
88	240
88	511
88	904
88	986
89	82
89	980
89	989
89	994
90	489
90	829
90	881
90	983
90	985
91	522
91	550
91	828
91	858
92	905
92	955
92	992
92	999
93	171
93	445
93	928
93	943
94	581
94	866
94	901
94	949
95	905
95	978
95	992
95	996
96	966
96	975
96	981
96	984
97	753
97	926
97	958
97	970
98	682
98	860
98	890
98	894
99	79
99	711
99	760
99	807
100	71
100	463
100	845
100	933
101	151
101	549
101	723
101	889
102	878
102	921
102	968
102	969
103	602
103	754
103	759
103	1000
104	826
104	961
104	975
104	983
105	741
105	905
105	962
105	996
106	490
106	805
106	908
106	910
107	284
107	555
107	610
107	907
108	653
108	969
108	976
108	979
109	647
109	946
109	955
109	964
110	262
110	584
110	697
110	999
111	141
111	770
111	948
111	969
112	771
112	832
112	871
112	880
113	61
113	211
113	231
113	960
114	966
114	981
114	984
114	998
115	437
115	648
115	918
115	970
116	736
116	834
116	964
116	995
117	953
117	958
117	969
117	993
118	275
118	449
118	529
118	911
119	730
119	820
119	979
119	995
120	518
120	801
120	925
120	997
121	534
121	603
121	829
121	998
122	595
122	764
122	853
122	994
123	550
123	611
123	637
123	901
124	414
124	843
124	946
124	958
125	454
125	481
125	484
125	596
126	342
126	394
126	427
126	824
127	873
127	939
127	943
127	991
128	924
128	961
128	974
128	975
129	627
129	974
129	976
129	989
130	405
130	937
130	976
130	989
131	313
131	555
131	841
131	880
132	953
132	956
132	990
132	993
133	750
133	851
133	860
133	960
134	629
134	924
134	961
134	975
135	927
135	938
135	966
135	984
136	667
136	785
136	890
136	969
137	346
137	619
137	638
137	806
138	41
138	81
138	916
138	946
139	345
139	956
139	990
139	993
140	446
140	718
140	821
140	994
141	111
141	230
141	452
141	996
142	797
142	962
142	990
142	999
143	288
143	754
143	822
143	853
144	843
144	847
144	936
144	999
145	787
145	947
145	948
145	998
146	484
146	522
146	639
146	983
147	183
147	236
147	762
147	916
148	760
148	865
148	870
148	943
149	396
149	592
149	957
149	972
150	4
150	683
150	990
150	993
151	101
151	871
151	983
151	987
152	914
152	916
152	925
152	972
153	893
153	959
153	962
153	999
154	873
154	939
154	943
154	970
155	837
155	959
155	962
155	999
156	20
156	844
156	917
156	982
157	71
157	568
157	711
157	917
158	381
158	821
158	909
158	999
159	633
159	660
159	962
159	999
160	577
160	838
160	856
160	965
161	266
161	525
161	577
161	965
162	668
162	743
162	850
162	911
163	903
163	938
163	981
163	984
164	426
164	885
164	972
164	999
165	866
165	901
165	913
165	949
166	492
166	909
166	915
166	941
167	461
167	633
167	887
167	930
168	212
168	514
168	818
168	856
169	471
169	482
169	901
169	945
170	738
170	939
170	984
170	998
171	93
171	769
171	898
171	906
172	965
172	967
172	969
172	983
173	243
173	845
173	911
173	967
174	480
174	706
174	930
174	980
175	440
175	830
175	887
175	982
176	372
176	537
176	734
176	904
177	752
177	848
177	964
177	995
178	71
178	803
178	845
178	917
179	638
179	660
179	880
179	882
180	261
180	421
180	688
180	713
181	839
181	845
181	917
181	972
182	550
182	566
182	696
182	860
183	147
183	610
183	621
183	946
184	705
184	872
184	896
184	985
185	886
185	909
185	941
185	960
186	408
186	816
186	870
186	993
187	841
187	931
187	957
187	972
188	472
188	772
188	961
188	975
189	892
189	903
189	973
189	987
190	390
190	705
190	707
190	972
191	723
191	829
191	863
191	998
192	755
192	907
192	969
192	994
193	20
193	757
193	808
193	951
194	616
194	788
194	838
194	939
195	654
195	780
195	940
195	996
196	527
196	609
196	776
196	938
197	360
197	692
197	944
197	971
198	759
198	973
198	990
198	993
199	461
199	633
199	809
199	930
200	476
200	676
200	826
200	853
201	947
201	948
201	951
201	988
202	330
202	504
202	909
202	920
203	599
203	813
203	881
203	891
204	270
204	284
204	770
204	881
205	343
205	731
205	915
205	968
206	901
206	909
206	915
206	954
207	231
207	702
207	960
207	982
208	760
208	914
208	928
208	964
209	834
209	955
209	958
209	964
210	559
210	696
210	771
210	952
211	113
211	679
211	958
211	960
212	168
212	304
212	536
212	705
212	856
213	31
213	370
213	658
213	870
213	942
214	544
214	560
214	621
214	791
214	971
215	329
215	589
215	626
215	663
215	919
216	22
216	359
216	758
216	989
216	997
217	469
217	723
217	829
217	863
217	998
218	797
218	837
218	934
218	959
218	999
219	283
219	810
219	864
219	987
219	1000
220	825
220	844
220	885
220	968
220	989
221	875
221	900
221	955
221	964
221	996
222	805
222	845
222	917
222	962
222	972
223	2
223	866
223	900
223	901
223	988
224	479
224	718
224	804
224	821
224	994
225	726
225	845
225	961
225	963
225	975
226	527
226	835
226	847
226	904
226	911
227	908
227	934
227	959
227	962
227	999
228	250
228	731
228	735
228	844
228	913
229	759
229	826
229	887
229	940
229	1000
230	141
230	671
230	715
230	940
230	945
231	61
231	113
231	207
231	339
231	960
232	435
232	560
232	608
232	621
232	791
233	407
233	926
233	940
233	958
233	968
234	805
234	807
234	854
234	918
234	970
235	460
235	731
235	969
235	990
235	993
236	147
236	714
236	761
236	898
236	906
237	470
237	474
237	930
237	951
237	980
238	61
238	239
238	463
238	679
238	690
239	238
239	527
239	672
239	679
239	960
240	88
240	879
240	938
240	981
240	984
241	443
241	471
241	567
241	666
241	716
242	676
242	866
242	868
242	901
242	969
243	173
243	582
243	803
243	845
243	917
244	84
244	755
244	878
244	890
244	969
245	791
245	892
245	899
245	928
245	973
246	531
246	616
246	636
246	758
246	842
247	647
247	660
247	717
247	897
247	973
248	800
248	806
248	966
248	981
248	984
249	885
249	933
249	969
249	984
249	994
250	228
250	315
250	497
250	647
250	985
251	562
251	927
251	966
251	981
251	984
252	498
252	655
252	941
252	949
252	997
253	744
253	851
253	860
253	960
253	991
254	345
254	796
254	911
254	944
254	1000
255	891
255	917
255	966
255	970
255	985
256	39
256	723
256	829
256	863
256	998
257	667
257	890
257	921
257	968
257	969
258	736
258	834
258	955
258	964
258	994
259	532
259	727
259	857
259	891
259	970
260	434
260	485
260	656
260	745
260	811
261	180
261	362
261	688
261	713
261	862
262	110
262	707
262	808
262	951
262	980
263	668
263	850
263	911
263	915
263	996
264	423
264	864
264	945
264	987
264	1000
265	774
265	905
265	939
265	943
265	952
266	161
266	525
266	577
266	838
266	965
267	411
267	702
267	709
267	769
267	876
268	284
268	781
268	916
268	981
268	999
269	676
269	751
269	943
269	985
269	997
270	204
270	284
270	334
270	881
270	907
271	279
271	889
271	933
271	977
271	978
272	63
272	878
272	890
272	917
272	994
273	553
273	738
273	817
273	957
273	972
274	622
274	869
274	940
274	952
274	967
275	118
275	668
275	850
275	911
275	927
276	307
276	390
276	471
276	586
276	842
277	299
277	573
277	814
277	960
277	963
278	527
278	580
278	703
278	776
278	862
279	271
279	563
279	715
279	926
279	940
280	322
280	934
280	959
280	962
280	999
281	742
281	751
281	787
281	956
281	985
282	642
282	934
282	959
282	962
282	999
283	219
283	645
283	810
283	864
283	987
284	107
284	204
284	268
284	270
284	907
285	62
285	402
285	882
285	899
285	983
286	393
286	467
286	598
286	833
286	967
287	364
287	601
287	836
287	847
287	942
288	143
288	388
288	753
288	853
288	1000
289	387
289	661
289	787
289	937
289	976
290	337
290	580
290	955
290	964
290	969
291	75
291	555
291	630
291	901
291	983
292	934
292	959
292	962
292	977
292	999
293	357
293	586
293	623
293	641
293	842
294	450
294	616
294	663
294	672
294	824
295	866
295	901
295	955
295	964
295	972
296	53
296	543
296	935
296	947
296	948
297	885
297	889
297	933
297	978
297	987
298	616
298	885
298	889
298	933
298	977
299	277
299	500
299	519
299	667
299	963
300	888
300	891
300	957
300	972
300	992
301	517
301	919
301	945
301	973
301	982
302	489
302	762
302	842
302	946
302	994
303	626
303	749
303	820
303	832
303	994
304	212
304	420
304	503
304	514
304	856
305	575
305	719
305	738
305	944
305	998
306	548
306	685
306	868
306	871
306	880
307	15
307	276
307	471
307	556
307	842
308	17
308	736
308	848
308	955
308	964
309	477
309	596
309	801
309	944
309	948
310	354
310	938
310	966
310	981
310	984
311	344
311	628
311	833
311	912
311	932
312	323
312	837
312	934
312	959
312	999
313	131
313	424
313	555
313	568
313	630
314	388
314	602
314	627
314	826
314	931
315	250
315	497
315	559
315	587
315	881
316	795
316	807
316	979
316	983
316	986
317	625
317	786
317	899
317	983
317	986
318	531
318	636
318	663
318	748
318	788
319	553
319	817
319	957
319	972
319	992
320	704
320	865
320	952
320	967
320	987
321	708
321	742
321	751
321	787
321	985
322	280
322	564
322	865
322	967
322	977
323	312
323	938
323	966
323	981
323	984
324	533
324	734
324	835
324	904
324	986
325	490
325	918
325	970
325	980
325	985
326	729
326	753
326	839
326	929
326	940
327	357
327	709
327	769
327	898
327	906
328	897
328	929
328	930
328	947
328	948
329	215
329	382
329	440
329	855
329	958
330	7
330	202
330	909
330	915
330	941
331	767
331	869
331	923
331	988
331	992
332	539
332	793
332	862
332	979
332	983
333	404
333	584
333	697
333	794
333	912
334	270
334	608
334	770
334	939
334	943
335	528
335	619
335	638
335	939
335	943
336	485
336	745
336	783
336	811
336	965
337	290
337	519
337	627
337	960
337	963
338	23
338	655
338	674
338	949
338	997
339	231
339	672
339	679
339	690
339	702
340	373
340	434
340	485
340	599
340	811
341	649
341	868
341	896
341	954
341	1000
342	126
342	429
342	661
342	673
342	854
343	205
343	445
343	623
343	739
343	844
344	311
344	441
344	628
344	732
344	932
345	139
345	254
345	959
345	973
345	999
346	137
346	619
346	638
346	694
346	882
347	937
347	945
347	976
347	978
347	988
348	403
348	810
348	864
348	987
348	1000
349	446
349	718
349	821
349	858
349	994
350	414
350	843
350	888
350	916
350	946
351	667
351	959
351	969
351	979
351	999
352	727
352	813
352	878
352	891
352	970
353	422
353	526
353	851
353	881
353	960
354	310
354	384
354	685
354	871
354	880
355	885
355	889
355	933
355	977
355	978
356	547
356	761
356	876
356	898
356	906
357	293
357	327
357	386
357	876
357	898
358	642
358	957
358	972
358	983
358	985
359	216
359	904
359	937
359	974
359	989
360	197
360	626
360	823
360	944
360	971
361	578
361	730
361	763
361	832
361	986
362	261
362	421
362	678
362	688
362	713
363	474
363	757
363	875
363	980
363	987
364	287
364	601
364	836
364	847
364	922
365	651
365	797
365	959
365	962
365	999
366	645
366	864
366	967
366	997
367	500
367	589
367	665
367	814
367	963
368	865
368	967
368	977
368	992
368	997
369	657
369	789
369	919
369	973
369	987
370	213
370	464
370	693
370	870
370	942
371	610
371	762
371	916
371	946
371	977
372	176
372	734
372	835
372	904
372	986
373	340
373	643
373	656
373	811
373	965
374	397
374	761
374	898
374	906
374	971
375	744
375	775
375	851
375	860
375	991
376	37
376	668
376	793
376	965
376	983
377	36
377	494
377	900
377	964
377	973
378	903
378	938
378	966
378	981
378	984
379	802
379	900
379	954
379	988
379	996
380	487
380	592
380	957
380	972
380	992
381	7
381	158
381	857
381	909
381	913
381	920
382	329
382	475
382	491
382	823
382	855
382	971
383	427
383	489
383	582
383	617
383	755
383	917
384	354
384	422
384	548
384	685
384	871
384	880
385	436
385	455
385	514
385	697
385	732
385	912
386	357
386	714
386	846
386	876
386	898
386	906
387	289
387	818
387	866
387	901
387	913
387	949
388	288
388	314
388	822
388	826
388	853
388	957
389	894
389	897
389	935
389	947
389	948
389	951
390	190
390	276
390	489
390	722
390	761
390	827
391	559
391	696
391	771
391	799
391	952
392	468
392	533
392	537
392	835
392	904
392	986
393	286
393	768
393	833
393	967
393	977
393	997
394	126
394	578
394	871
394	880
394	979
394	984
395	656
395	769
395	848
395	876
395	905
395	992
396	149
396	795
396	817
396	957
396	972
396	992
397	374
397	534
397	769
397	876
397	898
397	906
398	735
398	821
398	844
398	900
398	994
398	996
399	67
399	574
399	833
399	865
399	967
399	977
400	831
400	895
400	915
400	921
400	954
400	963
401	654
401	675
401	714
401	761
401	876
401	898
402	285
402	534
402	882
402	899
402	959
402	983
403	348
403	582
403	810
403	910
403	987
403	1000
404	333
404	406
404	658
404	693
404	870
404	942
405	130
405	413
405	825
405	976
405	989
405	997
406	404
406	451
406	464
406	658
406	693
406	870
407	233
407	424
407	839
407	926
407	940
407	942
408	30
408	186
408	453
408	509
408	711
408	760
409	894
409	935
409	947
409	948
409	980
409	998
410	33
410	535
410	536
410	662
410	811
410	965
411	267
411	675
411	709
411	876
411	898
411	906
412	831
412	838
412	927
412	966
412	981
412	984
413	38
413	405
413	631
413	799
413	893
413	928
414	124
414	350
414	782
414	916
414	946
414	977
415	451
415	535
415	655
415	674
415	949
415	997
416	503
416	508
416	786
416	795
416	840
416	983
417	444
417	622
417	872
417	896
417	954
417	985
418	26
418	780
418	839
418	942
418	991
418	996
419	421
419	688
419	713
419	759
419	939
419	943
420	304
420	647
420	660
420	818
420	940
420	942
421	180
421	362
421	419
421	544
421	688
421	713
422	353
422	384
422	497
422	935
422	947
422	969
423	264
423	645
423	812
423	864
423	987
423	1000
424	313
424	407
424	499
424	850
424	911
424	918
425	707
425	740
425	789
425	973
425	987
425	995
426	164
426	723
426	829
426	863
426	932
426	998
427	126
427	383
427	588
427	828
427	935
427	948
428	755
428	956
428	969
428	989
428	993
428	997
429	342
429	850
429	874
429	911
429	992
429	994
430	581
430	866
430	881
430	901
430	913
430	949
431	696
431	771
431	892
431	955
431	964
431	973
432	582
432	663
432	788
432	880
432	917
432	922
433	889
433	933
433	939
433	943
433	955
433	964
434	33
434	260
434	340
434	643
434	656
434	811
435	232
435	560
435	664
435	791
435	928
435	971
436	385
436	455
436	697
436	732
436	912
436	977
437	115
437	805
437	854
437	908
437	970
437	979
438	488
438	726
438	804
438	924
438	961
438	975
439	456
439	741
439	905
439	978
439	992
439	996
440	175
440	329
440	512
440	944
440	971
440	982
441	6
441	344
441	457
441	628
441	912
441	932
442	716
442	784
442	884
442	914
442	925
442	982
443	241
443	471
443	718
443	957
443	972
443	994
444	417
444	713
444	884
444	904
444	982
444	986
445	93
445	343
445	731
445	735
445	739
445	908
446	140
446	349
446	718
446	821
446	858
446	994
447	696
447	771
447	860
447	967
447	991
447	997
448	781
448	852
448	859
448	934
448	959
448	999
449	118
449	634
449	668
449	850
449	911
449	915
450	18
450	294
450	576
450	814
450	948
450	969
451	406
451	415
451	658
451	721
451	870
451	942
452	141
452	526
452	617
452	764
452	839
452	926
453	408
453	659
453	711
453	760
453	900
453	928
454	125
454	596
454	724
454	728
454	944
454	982
455	14
455	385
455	436
455	584
455	697
455	732
456	439
456	576
456	812
456	973
456	978
456	982
457	2
457	50
457	441
457	628
457	912
457	932
458	590
458	731
458	913
458	930
458	990
458	993
459	595
459	785
459	894
459	947
459	948
459	998
460	235
460	843
460	880
460	924
460	946
460	975
461	73
461	167
461	199
461	633
461	809
461	930
462	497
462	684
462	771
462	868
462	881
462	952
463	52
463	61
463	100
463	238
463	679
463	960
464	370
464	406
464	693
464	870
464	887
464	942
465	679
465	813
465	891
465	976
465	984
465	989
466	844
466	851
466	943
466	957
466	968
466	972
467	286
467	802
467	900
467	954
467	988
467	996
468	392
468	676
468	885
468	933
468	939
468	943
469	217
469	549
469	723
469	829
469	863
469	998
470	237
470	533
470	815
470	835
470	904
470	986
471	169
471	241
471	276
471	307
471	443
471	556
472	188
472	712
472	726
472	924
472	961
472	975
473	606
473	924
473	931
473	961
473	963
473	975
474	45
474	237
474	363
474	695
474	778
474	980
475	382
475	878
475	890
475	907
475	969
475	994
476	200
476	487
476	816
476	884
476	914
476	925
477	19
477	309
477	488
477	944
477	982
477	998
478	496
478	678
478	869
478	923
478	978
478	988
479	224
479	629
479	772
479	924
479	961
479	963
479	975
480	45
480	174
480	515
480	532
480	757
480	951
480	980
481	125
481	653
481	871
481	880
481	976
481	989
481	998
482	169
482	720
482	803
482	827
482	881
482	917
482	989
483	702
483	722
483	727
483	792
483	813
483	891
483	970
484	125
484	146
484	522
484	848
484	944
484	961
484	975
485	260
485	336
485	340
485	783
485	811
485	965
485	978
486	741
486	774
486	813
486	891
486	918
486	980
486	992
487	380
487	476
487	710
487	816
487	884
487	914
487	925
488	438
488	477
488	524
488	924
488	961
488	963
488	975
489	90
489	302
489	383
489	390
489	567
489	707
489	800
490	106
490	325
490	661
490	854
490	918
490	979
490	985
491	382
491	596
491	695
491	801
491	855
491	934
491	944
492	7
492	12
492	166
492	857
492	909
492	913
492	920
493	799
493	893
493	928
493	937
493	974
493	989
493	997
494	377
494	620
494	681
494	782
494	955
494	964
494	995
495	21
495	39
495	633
495	774
495	905
495	930
495	940
496	478
496	571
496	794
496	869
496	923
496	978
496	988
497	86
497	250
497	315
497	422
497	462
497	583
497	587
498	252
498	509
498	674
498	941
498	949
498	990
498	997
499	424
499	568
499	630
499	770
499	774
499	881
499	907
500	299
500	367
500	519
500	573
500	814
500	846
500	960
501	751
501	810
501	864
501	919
501	949
501	973
501	985
502	585
502	822
502	855
502	923
502	931
502	944
502	971
503	304
503	416
503	703
503	720
503	793
503	840
503	983
504	202
504	872
504	896
504	897
504	909
504	926
504	996
505	931
505	935
505	947
505	957
505	961
505	972
505	975
506	645
506	774
506	885
506	890
506	933
506	969
506	992
507	673
507	802
507	900
507	929
507	954
507	988
507	996
508	416
508	601
508	666
508	836
508	847
508	922
508	942
509	408
509	498
509	583
509	711
509	791
509	971
509	997
510	38
510	631
510	893
510	928
510	937
510	976
510	989
511	88
511	734
511	804
511	835
511	904
511	935
511	986
512	440
512	661
512	855
512	944
512	946
512	958
512	985
513	656
513	803
513	845
513	917
513	935
513	947
513	965
514	168
514	304
514	385
514	732
514	912
514	966
514	981
515	480
515	707
515	757
515	778
515	808
515	892
515	930
516	592
516	765
516	817
516	888
516	957
516	972
516	992
517	301
517	657
517	919
517	949
517	965
517	973
517	974
518	120
518	580
518	609
518	777
518	852
518	934
518	973
519	299
519	337
519	500
519	796
519	814
519	944
519	963
520	604
520	751
520	752
520	834
520	955
520	964
520	995
521	647
521	651
521	660
521	725
521	905
522	1
522	91
522	146
522	484
522	566
522	639
522	858
523	631
523	768
523	854
523	899
523	967
523	983
523	989
524	488
524	620
524	761
524	876
524	967
524	975
524	987
525	161
525	266
525	577
525	838
525	856
525	876
525	965
526	353
526	452
526	775
526	851
526	860
526	945
526	991
527	196
527	226
527	239
527	278
527	545
527	637
527	862
528	335
528	617
528	654
528	715
528	940
528	958
528	991
529	118
529	634
529	668
529	714
529	850
529	911
529	915
530	669
530	698
530	762
530	824
530	888
530	916
530	946
531	51
531	246
531	318
531	616
531	788
531	856
531	994
532	259
532	480
532	727
532	813
532	857
532	891
532	970
533	324
533	392
533	470
533	547
533	835
533	904
533	986
534	121
534	397
534	402
534	863
534	967
534	983
534	987
535	410
535	415
535	655
535	674
535	883
535	941
535	997
536	212
536	410
536	599
536	635
536	698
536	962
536	999
537	176
537	392
537	734
537	835
537	854
537	904
537	986
538	635
538	866
538	878
538	901
538	966
538	969
538	981
539	332
539	730
539	760
539	846
539	918
539	928
539	994
540	634
540	677
540	911
540	921
540	954
540	963
540	991
541	602
541	676
541	695
541	822
541	853
541	931
541	992
542	709
542	876
542	914
542	923
542	925
542	955
542	964
543	296
543	595
543	785
543	894
543	947
543	948
543	988
544	66
544	214
544	421
544	608
544	621
544	928
544	971
545	527
545	580
545	637
545	915
545	921
545	981
545	984
546	879
546	927
546	938
546	966
546	981
546	984
546	994
547	356
547	533
547	637
547	786
547	793
547	862
547	906
548	306
548	384
548	685
548	819
548	828
548	871
548	880
549	101
549	469
549	603
549	829
549	863
549	932
549	998
550	1
550	91
550	123
550	182
550	566
550	828
550	858
551	558
551	885
551	889
551	932
551	933
551	977
551	978
552	702
552	873
552	939
552	943
552	951
552	970
552	991
553	273
553	319
553	817
553	922
553	931
553	957
553	972
554	706
554	902
554	903
554	927
554	966
554	981
554	984
555	107
555	131
555	291
555	313
555	568
555	630
555	659
556	307
556	471
556	658
556	693
556	821
556	870
556	994
557	624
557	681
557	886
557	955
557	957
557	958
557	964
558	551
558	885
558	889
558	932
558	933
558	964
558	978
559	210
559	315
559	391
559	696
559	771
559	952
560	214
560	232
560	435
560	608
560	791
560	928
560	971
561	751
561	787
561	893
561	926
561	974
561	976
561	991
562	251
562	775
562	889
562	933
562	957
562	972
562	991
563	279
563	591
563	715
563	729
563	897
563	991
563	996
564	322
564	874
564	913
564	948
564	967
564	986
564	988
565	744
565	757
565	854
565	890
565	918
565	969
565	991
566	1
566	182
566	522
566	550
566	574
566	639
566	828
567	15
567	241
567	489
567	707
567	716
567	800
567	842
568	78
568	157
568	313
568	499
568	555
568	630
568	659
568	843
569	587
569	689
569	708
569	742
569	751
569	787
569	985
570	27
570	584
570	732
570	825
570	857
570	881
570	893
570	999
571	48
571	496
571	794
571	838
571	869
571	923
571	978
571	988
572	813
572	891
572	918
572	968
572	970
572	974
572	980
572	995
573	18
573	277
573	500
573	589
573	691
573	814
573	960
573	963
574	60
574	399
574	566
574	594
574	905
574	968
574	969
574	978
575	305
575	823
575	840
575	855
575	952
575	954
575	963
575	983
576	450
576	456
576	679
576	788
576	852
576	960
576	962
576	999
577	160
577	161
577	266
577	525
577	691
577	856
577	965
577	973
578	361
578	394
578	664
578	730
578	820
578	895
578	986
578	994
579	695
579	801
579	848
579	855
579	887
579	944
579	971
579	998
580	278
580	290
580	518
580	545
580	637
580	697
580	776
580	862
581	40
581	94
581	430
581	818
581	866
581	901
581	949
581	995
582	58
582	243
582	383
582	403
582	432
582	803
582	845
582	917
583	497
583	509
583	711
583	760
583	881
583	928
583	990
583	993
584	14
584	110
584	333
584	455
584	570
584	697
584	732
584	989
585	76
585	502
585	727
585	728
585	869
585	923
585	978
585	988
586	85
586	276
586	293
586	623
586	641
586	706
586	778
586	841
587	46
587	315
587	497
587	569
587	641
587	924
587	961
587	975
588	13
588	60
588	427
588	607
588	841
588	872
588	896
588	985
589	215
589	367
589	573
589	796
589	814
589	846
589	960
589	963
590	458
590	802
590	900
590	914
590	925
590	934
590	962
590	999
591	563
591	843
591	866
591	901
591	916
591	926
591	946
591	949
592	149
592	380
592	516
592	817
592	849
592	931
592	957
592	972
593	736
593	773
593	782
593	848
593	955
593	958
593	964
593	995
594	574
594	724
594	741
594	774
594	775
594	905
594	978
594	996
595	122
595	459
595	543
595	682
595	894
595	935
595	948
595	980
596	125
596	309
596	454
596	491
596	823
596	936
596	944
596	982
597	683
597	686
597	873
597	939
597	943
597	956
597	968
597	991
598	43
598	286
598	768
598	818
598	833
598	865
598	967
598	988
599	86
599	203
599	340
599	536
599	656
599	811
599	953
599	965
600	749
600	820
600	832
600	874
600	894
600	979
600	986
600	994
601	287
601	364
601	508
601	809
601	836
601	847
601	915
601	942
602	103
602	314
602	541
602	712
602	842
602	853
602	931
602	1000
603	21
603	121
603	549
603	829
603	863
603	924
603	932
603	998
604	520
604	624
604	681
604	782
604	791
604	955
604	958
604	964
605	767
605	837
605	923
605	934
605	945
605	961
605	975
605	999
606	473
606	629
606	908
606	924
606	931
606	953
606	961
606	975
607	588
607	614
607	649
607	800
607	872
607	896
607	985
607	1000
608	232
608	334
608	544
608	560
608	724
608	791
608	836
608	971
609	196
609	518
609	637
609	889
609	893
609	895
609	954
609	978
610	107
610	183
610	371
610	783
610	839
610	907
610	946
610	965
611	123
611	843
611	915
611	937
611	963
611	976
611	977
611	997
612	773
612	831
612	902
612	927
612	938
612	966
612	981
612	984
613	854
613	871
613	880
613	934
613	962
613	985
613	999
614	607
614	622
614	705
614	868
614	896
614	954
614	985
614	1000
615	790
615	803
615	837
615	852
615	934
615	959
615	962
615	999
616	36
616	194
616	246
616	294
616	298
616	531
616	636
616	838
617	383
617	452
617	528
617	747
617	764
617	926
617	940
617	945
618	628
618	632
618	885
618	923
618	932
618	933
618	978
618	988
619	56
619	137
619	335
619	346
619	638
619	650
619	694
619	882
620	494
620	524
620	624
620	681
620	834
620	886
620	922
620	964
621	66
621	183
621	214
621	232
621	544
621	791
621	928
621	971
622	13
622	274
622	417
622	614
622	868
622	872
622	875
622	1000
623	77
623	293
623	343
623	586
623	641
623	705
623	841
623	842
624	557
624	604
624	620
624	681
624	782
624	834
624	955
624	964
625	12
625	317
625	862
625	909
625	946
625	958
625	977
625	979
626	215
626	303
626	360
626	801
626	855
626	944
626	982
626	998
627	129
627	314
627	337
627	754
627	768
627	814
627	865
627	967
628	311
628	344
628	441
628	457
628	618
628	912
628	932
628	949
629	134
629	479
629	606
629	726
629	900
629	924
629	961
629	975
630	78
630	291
630	313
630	499
630	555
630	568
630	659
630	955
631	413
631	510
631	523
631	750
631	937
631	963
631	976
631	989
632	618
632	649
632	684
632	868
632	872
632	896
632	985
632	1000
633	73
633	159
633	167
633	199
633	461
633	495
633	846
633	930
634	449
634	529
634	540
634	783
634	850
634	910
634	911
634	915
635	536
635	538
635	754
635	765
635	818
635	853
635	957
635	972
635	1000
636	51
636	59
636	246
636	318
636	616
636	663
636	788
636	838
636	991
637	123
637	527
637	545
637	547
637	580
637	609
637	776
637	862
637	946
638	62
638	137
638	179
638	335
638	346
638	619
638	650
638	882
638	951
639	23
639	146
639	522
639	566
639	803
639	808
639	917
639	930
639	931
640	790
640	797
640	852
640	859
640	921
640	959
640	962
640	997
640	999
641	293
641	586
641	587
641	623
641	705
641	706
641	776
641	778
641	842
642	282
642	358
642	703
642	719
642	786
642	965
642	979
642	983
642	986
643	373
643	434
643	802
643	823
643	855
643	889
643	900
643	944
643	996
644	720
644	777
644	789
644	892
644	919
644	973
644	974
644	982
644	995
645	283
645	366
645	423
645	506
645	810
645	864
645	910
645	987
645	1000
646	49
646	718
646	821
646	875
646	953
646	990
646	993
646	994
646	1000
647	109
647	247
647	250
647	420
647	521
647	651
647	660
647	725
647	979
648	115
648	735
648	772
648	844
648	908
648	920
648	944
648	961
648	975
649	341
649	607
649	632
649	705
649	868
649	872
649	896
649	985
649	1000
650	62
650	619
650	638
650	789
650	956
650	965
650	973
650	983
650	987
651	365
651	521
651	647
651	660
651	693
651	908
651	959
651	992
651	999
652	727
652	836
652	847
652	891
652	927
652	933
652	942
652	970
652	977
653	108
653	481
653	750
653	835
653	893
653	937
653	974
653	976
653	989
654	195
654	401
654	528
654	747
654	776
654	839
654	926
654	940
654	996
655	252
655	338
655	415
655	535
655	674
655	941
655	946
655	949
655	997
656	260
656	373
656	395
656	434
656	513
656	599
656	662
656	811
656	965
657	10
657	369
657	517
657	777
657	892
657	952
657	973
657	987
657	995
658	213
658	404
658	406
658	451
658	556
658	693
658	721
658	870
658	942
659	30
659	453
659	555
659	568
659	630
659	734
659	760
659	895
659	904
660	159
660	179
660	247
660	420
660	521
660	647
660	651
660	725
660	949
661	289
661	342
661	490
661	512
661	807
661	854
661	909
661	918
661	970
662	410
662	656
662	765
662	786
662	924
662	957
662	961
662	972
662	975
663	59
663	215
663	294
663	318
663	432
663	636
663	788
663	842
663	994
664	435
664	578
664	749
664	820
664	832
664	874
664	979
664	994
664	995
665	367
665	836
665	847
665	926
665	942
665	956
665	990
665	993
665	996
666	241
666	508
666	718
666	821
666	836
666	847
666	965
666	994
667	136
667	257
667	299
667	351
667	878
667	890
667	895
667	969
667	994
668	68
668	162
668	263
668	275
668	376
668	449
668	529
668	804
668	911
669	86
669	530
669	843
669	888
669	916
669	926
669	946
669	958
669	977
670	742
670	787
670	918
670	959
670	962
670	964
670	985
670	992
670	999
671	230
671	677
671	747
671	753
671	764
671	780
671	917
671	926
671	991
672	239
672	294
672	339
672	758
672	784
672	838
672	914
672	925
672	988
673	342
673	507
673	802
673	900
673	929
673	954
673	988
673	996
674	338
674	415
674	498
674	535
674	655
674	883
674	930
674	941
674	949
674	997
675	401
675	411
675	709
675	714
675	761
675	769
675	846
675	898
675	906
675	997
676	200
676	242
676	269
676	468
676	541
676	728
676	759
676	822
676	826
676	965
677	540
677	671
677	715
677	753
677	764
677	780
677	839
677	940
677	996
677	999
678	362
678	478
678	688
678	713
678	869
678	896
678	899
678	923
678	965
678	983
679	47
679	211
679	238
679	239
679	339
679	463
679	465
679	576
679	690
679	965
680	685
680	871
680	880
680	897
680	924
680	935
680	939
680	948
680	961
680	975
681	494
681	557
681	604
681	620
681	624
681	782
681	918
681	955
681	964
681	995
682	85
682	98
682	595
682	722
682	894
682	897
682	947
682	948
682	951
682	988
683	150
683	597
683	686
683	873
683	939
683	943
683	951
683	968
683	970
683	991
684	462
684	632
684	721
684	725
684	868
684	896
684	906
684	954
684	985
684	1000
685	306
685	354
685	384
685	548
685	680
685	757
685	819
685	828
685	871
685	880
686	597
686	683
686	873
686	887
686	939
686	943
686	947
686	951
686	968
686	991
687	696
687	771
687	820
687	869
687	874
687	922
687	923
687	952
687	978
687	995
688	180
688	261
688	362
688	419
688	421
688	678
688	713
688	984
689	569
689	708
689	742
689	747
689	751
689	787
689	985
690	238
690	339
690	679
690	810
690	814
690	864
690	905
690	992
690	996
690	1000
691	573
691	577
691	803
691	845
691	856
691	863
691	917
691	932
691	965
691	998
692	19
692	197
692	728
692	737
692	738
692	855
692	887
692	944
692	982
692	998
693	31
693	370
693	404
693	406
693	464
693	556
693	651
693	658
693	870
693	942
694	346
694	619
694	779
694	878
694	882
694	890
694	899
694	932
694	969
694	983
695	474
695	491
695	541
695	579
695	704
695	822
695	865
695	967
695	998
695	1000
696	182
696	210
696	391
696	431
696	447
696	559
696	687
696	771
696	952
696	969
697	110
697	333
697	385
697	436
697	455
697	580
697	584
697	732
697	743
697	912
698	530
698	536
698	740
698	864
698	910
698	916
698	919
698	946
698	973
698	1000
699	710
699	784
699	816
699	856
699	883
699	884
699	914
699	925
699	934
699	982
700	829
700	863
700	919
700	924
700	931
700	954
700	973
700	974
700	975
700	998
701	25
701	756
701	867
701	877
701	936
701	950
701	953
701	956
701	990
701	993
702	72
702	207
702	267
702	339
702	483
702	552
702	813
702	846
702	891
702	960
703	278
703	503
703	642
703	719
703	786
703	840
703	899
703	965
703	983
703	986
704	59
704	320
704	695
704	768
704	833
704	865
704	967
704	977
704	987
704	997
705	184
705	190
705	212
705	614
705	623
705	641
705	649
705	778
705	855
705	856
706	85
706	174
706	554
706	586
706	641
706	808
706	893
706	976
706	980
706	989
707	190
707	262
707	425
707	489
707	515
707	567
707	765
707	808
707	957
707	972
708	321
708	569
708	689
708	742
708	751
708	787
708	895
708	985
709	267
709	327
709	411
709	542
709	675
709	714
709	748
709	761
709	906
709	959
710	487
710	699
710	758
710	784
710	824
710	883
710	884
710	914
710	925
710	982
711	30
711	99
711	157
711	408
711	453
711	509
711	583
711	760
711	928
711	950
712	472
712	602
712	774
712	797
712	826
712	905
712	961
712	975
712	996
712	1000
713	16
713	180
713	261
713	362
713	419
713	421
713	444
713	678
713	688
713	938
714	236
714	386
714	401
714	529
714	675
714	709
714	769
714	876
714	898
714	906
715	230
715	279
715	528
715	563
715	677
715	780
715	926
715	940
715	945
715	951
716	241
716	442
716	567
716	722
716	814
716	846
716	924
716	961
716	963
716	975
717	247
717	740
717	892
717	919
717	949
717	952
717	973
717	981
717	987
717	995
718	140
718	224
718	349
718	443
718	446
718	646
718	666
718	804
718	821
718	858
718	994
719	305
719	642
719	703
719	786
719	793
719	840
719	862
719	882
719	899
719	965
719	983
720	482
720	503
720	644
720	803
720	840
720	845
720	900
720	917
720	983
720	988
720	996
721	451
721	658
721	684
721	724
721	851
721	860
721	870
721	896
721	942
721	960
721	1000
722	390
722	483
722	682
722	716
722	800
722	826
722	935
722	947
722	953
722	990
722	993
723	101
723	191
723	217
723	256
723	426
723	469
723	829
723	863
723	888
723	932
723	998
724	454
724	594
724	608
724	721
724	791
724	823
724	905
724	944
724	971
724	978
724	996
725	521
725	647
725	660
725	684
725	764
725	865
725	872
725	967
725	985
725	987
725	997
726	225
726	438
726	472
726	629
726	772
726	857
726	924
726	931
726	961
726	963
726	975
727	46
727	259
727	352
727	483
727	532
727	585
727	652
727	792
727	813
727	891
727	970
728	454
728	585
728	676
728	692
728	738
728	754
728	801
728	923
728	988
728	991
728	1000
729	326
729	563
729	780
729	788
729	833
729	939
729	943
729	952
729	967
729	991
729	997
730	119
730	361
730	539
730	578
730	820
730	874
730	979
730	986
730	991
730	994
730	995
731	10
731	205
731	228
731	235
731	445
731	458
731	739
731	844
731	886
731	913
731	968
732	344
732	385
732	436
732	455
732	514
732	570
732	584
732	697
732	743
732	794
732	912
733	781
733	789
733	790
733	797
733	837
733	852
733	859
733	934
733	959
733	962
733	999
734	176
734	324
734	372
734	511
734	537
734	659
734	804
734	835
734	895
734	904
734	990
735	10
735	228
735	398
735	445
735	648
735	739
735	844
735	898
735	908
735	913
735	920
736	116
736	258
736	308
736	593
736	782
736	834
736	955
736	958
736	963
736	964
736	995
737	692
737	773
737	861
737	879
737	902
737	903
737	927
737	938
737	966
737	981
737	984
738	19
738	170
738	273
738	305
738	692
738	728
738	801
738	823
738	944
738	982
738	998
739	343
739	445
739	731
739	735
739	790
739	827
739	844
739	908
739	913
739	920
739	968
740	425
740	698
740	717
740	777
740	789
740	828
740	892
740	945
740	973
740	995
740	996
741	105
741	439
741	486
741	594
741	774
741	849
741	886
741	905
741	978
741	992
741	996
742	281
742	321
742	569
742	670
742	689
742	708
742	751
742	765
742	787
742	985
743	162
743	697
743	732
743	794
743	799
743	805
743	825
743	833
743	850
743	911
743	976
744	253
744	375
744	565
744	775
744	851
744	860
744	922
744	945
744	948
744	960
744	991
745	18
745	260
745	336
745	772
745	811
745	868
745	872
745	875
745	924
745	961
745	975
746	756
746	766
746	867
746	877
746	936
746	950
746	953
746	956
746	990
746	993
746	999
747	617
747	654
747	671
747	689
747	753
747	839
747	926
747	940
747	958
747	991
747	996
748	38
748	318
748	709
748	876
748	893
748	906
748	916
748	937
748	946
748	977
748	989
749	34
749	303
749	600
749	664
749	832
749	888
749	970
749	979
749	986
749	990
749	994
749	995
750	17
750	133
750	631
750	653
750	799
750	875
750	881
750	893
750	937
750	976
750	989
750	997
751	269
751	281
751	321
751	501
751	520
751	561
751	569
751	689
751	708
751	742
751	787
751	985
752	177
752	520
752	885
752	889
752	933
752	953
752	955
752	956
752	964
752	972
752	990
752	993
753	97
753	288
753	326
753	671
753	677
753	747
753	780
753	839
753	926
753	940
753	942
753	991
754	5
754	103
754	143
754	627
754	635
754	728
754	759
754	796
754	826
754	853
754	933
754	1000
755	192
755	244
755	383
755	428
755	848
755	878
755	890
755	921
755	968
755	969
755	979
755	994
756	65
756	701
756	746
756	766
756	867
756	877
756	936
756	950
756	953
756	956
756	990
756	993
757	6
757	47
757	193
757	363
757	480
757	515
757	565
757	685
757	808
757	875
757	930
757	980
758	216
758	246
758	672
758	710
758	775
758	842
758	851
758	856
758	860
758	937
758	976
758	989
759	103
759	198
759	229
759	419
759	676
759	754
759	796
759	822
759	826
759	887
759	901
759	1000
760	79
760	99
760	148
760	208
760	408
760	453
760	539
760	583
760	659
760	711
760	778
760	928
761	236
761	356
761	374
761	390
761	401
761	524
761	675
761	709
761	769
761	876
761	898
761	906
762	147
762	302
762	371
762	530
762	770
762	794
762	843
762	849
762	916
762	946
762	958
762	977
763	78
763	361
763	832
763	854
763	863
763	953
763	956
763	979
763	986
763	990
763	993
763	995
764	122
764	452
764	617
764	671
764	677
764	725
764	839
764	926
764	929
764	940
764	958
764	996
765	516
765	635
765	662
765	707
765	742
765	817
765	849
765	888
765	903
765	957
765	972
765	992
766	67
766	746
766	756
766	867
766	877
766	936
766	941
766	950
766	953
766	956
766	990
766	993
767	331
767	605
767	816
767	869
767	874
767	884
767	914
767	923
767	925
767	979
767	988
767	995
768	393
768	523
768	598
768	627
768	704
768	818
768	833
768	865
768	952
768	967
768	980
768	997
769	171
769	267
769	327
769	395
769	397
769	675
769	714
769	761
769	876
769	898
769	906
769	925
770	111
770	204
770	334
770	499
770	762
770	785
770	832
770	835
770	874
770	881
770	935
770	998
771	112
771	210
771	391
771	431
771	447
771	462
771	559
771	687
771	696
771	879
771	926
771	952
772	188
772	479
772	648
772	726
772	745
772	908
772	913
772	924
772	931
772	961
772	963
772	975
773	593
773	612
773	737
773	830
773	879
773	902
773	903
773	927
773	938
773	966
773	971
773	981
773	984
774	265
774	486
774	495
774	499
774	506
774	594
774	712
774	741
774	886
774	905
774	978
774	992
774	996
775	55
775	375
775	526
775	562
775	594
775	744
775	758
775	851
775	860
775	922
775	945
775	960
775	991
776	196
776	278
776	580
776	637
776	641
776	654
776	784
776	816
776	839
776	884
776	914
776	926
776	976
777	518
777	644
777	657
777	740
777	789
777	828
777	892
777	919
777	970
777	973
777	974
777	982
777	995
778	45
778	474
778	515
778	586
778	641
778	705
778	760
778	793
778	842
778	899
778	980
778	983
778	986
779	69
779	694
779	793
779	833
779	899
779	953
779	956
779	967
779	977
779	983
779	987
779	990
779	993
780	195
780	418
780	671
780	677
780	715
780	729
780	753
780	906
780	940
780	942
780	945
780	991
780	996
781	268
781	448
781	733
781	790
781	797
781	837
781	858
781	859
781	909
781	934
781	959
781	962
781	999
782	414
782	494
782	593
782	604
782	624
782	681
782	736
782	834
782	886
782	922
782	955
782	964
782	995
783	336
783	485
783	610
783	634
783	804
783	850
783	911
783	925
783	950
783	956
783	965
783	990
783	993
784	82
784	442
784	672
784	699
784	710
784	776
784	813
784	816
784	824
784	884
784	914
784	925
784	982
785	136
785	459
785	543
785	770
785	824
785	894
785	897
785	935
785	947
785	948
785	951
785	988
785	998
786	37
786	317
786	416
786	547
786	642
786	662
786	703
786	719
786	795
786	840
786	979
786	983
786	986
787	145
787	281
787	289
787	321
787	561
787	569
787	670
787	689
787	708
787	742
787	751
787	960
787	985
788	36
788	51
788	59
788	194
788	318
788	432
788	531
788	576
788	636
788	663
788	729
788	856
788	985
789	369
789	425
789	644
789	650
789	733
789	740
789	777
789	892
789	919
789	949
789	952
789	973
789	987
790	615
790	640
790	733
790	739
790	781
790	797
790	798
790	837
790	859
790	934
790	959
790	962
790	999
791	3
791	66
791	214
791	232
791	245
791	435
791	509
791	560
791	604
791	608
791	621
791	724
791	971
792	483
792	727
792	813
792	891
792	895
792	915
792	950
792	953
792	954
792	963
792	970
792	990
792	993
793	332
793	376
793	503
793	547
793	719
793	778
793	779
793	795
793	840
793	899
793	979
793	986
793	997
794	11
794	14
794	333
794	496
794	571
794	732
794	743
794	762
794	812
794	836
794	847
794	922
794	923
795	27
795	52
795	316
795	396
795	416
795	786
795	793
795	840
795	899
795	965
795	979
795	983
795	986
796	8
796	254
796	519
796	589
796	754
796	759
796	814
796	826
796	853
796	884
796	925
796	960
796	982
797	142
797	218
797	365
797	640
797	712
797	733
797	781
797	790
797	852
797	859
797	959
797	962
797	999
798	790
798	843
798	852
798	888
798	889
798	916
798	933
798	946
798	959
798	960
798	964
798	977
798	999
799	391
799	413
799	493
799	743
799	750
799	825
799	875
799	928
799	937
799	960
799	974
799	976
799	989
800	248
800	489
800	567
800	607
800	722
800	827
800	869
800	872
800	893
800	896
800	937
800	976
800	989
801	120
801	309
801	491
801	579
801	626
801	728
801	738
801	823
801	848
801	944
801	971
801	982
801	998
802	69
802	379
802	467
802	507
802	590
802	643
802	673
802	812
802	864
802	900
802	929
802	954
802	988
802	996
803	16
803	58
803	178
803	243
803	482
803	513
803	582
803	615
803	639
803	691
803	720
803	845
803	878
803	917
804	224
804	438
804	511
804	668
804	718
804	734
804	783
804	821
804	835
804	850
804	904
804	911
804	983
804	994
805	106
805	222
805	234
805	437
805	743
805	807
805	898
805	910
805	918
805	970
805	979
805	980
805	985
805	992
806	137
806	248
806	830
806	831
806	861
806	879
806	902
806	903
806	927
806	938
806	966
806	971
806	981
806	984
807	99
807	234
807	316
807	661
807	805
807	873
807	883
807	918
807	935
807	939
807	943
807	947
807	970
807	980
808	45
808	193
808	262
808	515
808	639
808	706
808	707
808	757
808	875
808	921
808	930
808	951
808	980
808	995
809	73
809	199
809	461
809	601
809	836
809	847
809	852
809	922
809	930
809	950
809	953
809	956
809	990
809	993
810	219
810	283
810	348
810	403
810	501
810	645
810	690
810	812
810	864
810	886
810	910
810	957
810	987
810	1000
811	33
811	260
811	336
811	340
811	373
811	410
811	434
811	485
811	599
811	656
811	745
811	820
811	954
811	965
812	423
812	456
812	794
812	802
812	810
812	823
812	855
812	864
812	900
812	910
812	944
812	988
812	996
812	998
813	203
813	352
813	465
813	483
813	486
813	532
813	572
813	702
813	727
813	784
813	792
813	857
813	891
813	970
814	277
814	367
814	450
814	500
814	519
814	573
814	589
814	627
814	690
814	716
814	796
814	846
814	960
814	963
815	470
815	817
815	835
815	861
815	895
815	904
815	938
815	957
815	963
815	966
815	972
815	981
815	986
815	992
816	186
816	476
816	487
816	699
816	767
816	776
816	784
816	824
816	838
816	883
816	884
816	914
816	925
816	982
817	273
817	319
817	396
817	516
817	553
817	592
817	765
817	815
817	849
817	931
817	957
817	972
817	992
817	999
818	168
818	387
818	420
818	581
818	598
818	635
818	768
818	832
818	856
818	866
818	901
818	946
818	967
818	987
819	548
819	685
819	842
819	871
819	880
819	892
819	919
819	949
819	950
819	953
819	956
819	973
819	990
819	993
820	119
820	303
820	578
820	600
820	664
820	687
820	730
820	811
820	874
820	888
820	979
820	986
820	994
820	995
821	140
821	158
821	224
821	349
821	398
821	446
821	556
821	646
821	666
821	718
821	804
821	858
821	986
821	994
822	78
822	143
822	388
822	502
822	541
822	676
822	695
822	759
822	826
822	853
822	887
822	923
822	993
822	1000
823	360
823	382
823	575
823	596
823	643
823	724
823	738
823	801
823	812
823	855
823	887
823	899
823	944
823	982
823	998
824	36
824	126
824	294
824	530
824	710
824	784
824	785
824	816
824	838
824	843
824	914
824	916
824	925
824	946
824	958
825	220
825	405
825	570
825	743
825	799
825	857
825	861
825	875
825	881
825	893
825	937
825	976
825	988
825	989
825	997
826	5
826	104
826	200
826	229
826	314
826	388
826	676
826	712
826	722
826	754
826	759
826	796
826	822
826	853
826	1000
827	390
827	482
827	739
827	800
827	842
827	844
827	920
827	934
827	950
827	953
827	956
827	968
827	971
827	990
827	993
828	1
828	91
828	427
828	548
828	550
828	566
828	685
828	740
828	777
828	858
828	871
828	880
828	945
828	952
828	995
829	90
829	121
829	191
829	217
829	256
829	426
829	469
829	549
829	603
829	700
829	723
829	863
829	932
829	935
829	998
830	175
830	773
830	806
830	831
830	861
830	879
830	902
830	903
830	927
830	938
830	966
830	974
830	979
830	981
830	984
831	400
831	412
831	612
831	806
831	830
831	861
831	879
831	902
831	903
831	927
831	938
831	966
831	974
831	981
831	984
832	9
832	112
832	303
832	361
832	600
832	664
832	749
832	763
832	770
832	818
832	874
832	888
832	979
832	986
832	995
833	286
833	311
833	393
833	399
833	598
833	704
833	729
833	743
833	768
833	779
833	865
833	967
833	977
833	987
833	997
834	116
834	209
834	258
834	520
834	620
834	624
834	736
834	782
834	873
834	886
834	922
834	955
834	958
834	964
834	995
835	226
835	324
835	372
835	392
835	470
835	511
835	533
835	537
835	653
835	734
835	770
835	804
835	815
835	895
835	904
835	986
836	287
836	364
836	508
836	601
836	608
836	652
836	665
836	666
836	794
836	809
836	847
836	919
836	922
836	942
837	155
837	218
837	312
837	605
837	615
837	733
837	781
837	790
837	852
837	859
837	933
837	934
837	937
837	959
837	962
837	999
838	160
838	194
838	266
838	412
838	525
838	571
838	616
838	636
838	672
838	816
838	824
838	884
838	914
838	925
838	965
838	982
839	181
839	326
839	407
839	418
839	452
839	610
839	654
839	677
839	747
839	753
839	764
839	776
839	929
839	940
839	958
839	982
840	37
840	416
840	503
840	575
840	703
840	719
840	720
840	786
840	793
840	795
840	899
840	919
840	965
840	979
840	983
840	996
841	85
841	131
841	187
841	586
841	588
841	623
841	889
841	894
841	897
841	932
841	933
841	935
841	948
841	977
841	978
841	998
842	65
842	246
842	276
842	293
842	302
842	307
842	567
842	602
842	623
842	641
842	663
842	758
842	778
842	819
842	827
842	856
843	55
843	124
843	144
843	350
843	460
843	568
843	591
843	611
843	669
843	762
843	798
843	824
843	916
843	946
843	977
843	992
844	79
844	156
844	220
844	228
844	343
844	398
844	466
844	648
844	731
844	735
844	739
844	827
844	907
844	908
844	920
844	968
845	23
845	58
845	100
845	173
845	178
845	181
845	222
845	225
845	243
845	513
845	582
845	691
845	720
845	803
845	917
845	962
846	386
846	500
846	539
846	589
846	633
846	675
846	702
846	716
846	814
846	898
846	906
846	918
846	963
846	980
846	985
846	992
847	81
847	144
847	226
847	287
847	364
847	508
847	601
847	652
847	665
847	666
847	794
847	809
847	836
847	922
847	942
847	1000
848	177
848	308
848	395
848	484
848	579
848	593
848	755
848	801
848	878
848	921
848	944
848	955
848	964
848	969
848	971
848	985
849	41
849	52
849	592
849	741
849	762
849	765
849	817
849	902
849	916
849	957
849	958
849	966
849	972
849	977
849	981
849	984
850	68
850	162
850	263
850	275
850	424
850	429
850	449
850	529
850	634
850	743
850	783
850	804
850	911
850	915
850	949
850	967
851	133
851	253
851	353
851	375
851	466
851	526
851	721
851	744
851	758
851	775
851	860
851	922
851	945
851	952
851	960
851	991
851	998
852	448
852	518
852	576
852	615
852	640
852	733
852	797
852	798
852	809
852	837
852	859
852	921
852	934
852	959
852	962
852	975
852	999
853	5
853	122
853	143
853	200
853	288
853	388
853	541
853	602
853	635
853	754
853	796
853	822
853	826
853	887
853	910
853	931
853	1000
854	84
854	234
854	342
854	437
854	490
854	523
854	537
854	565
854	613
854	661
854	763
854	910
854	918
854	970
854	979
854	985
854	992
855	19
855	329
855	382
855	491
855	502
855	512
855	575
855	579
855	626
855	643
855	692
855	705
855	812
855	823
855	944
855	971
855	998
856	65
856	160
856	168
856	212
856	304
856	525
856	531
856	577
856	691
856	699
856	705
856	758
856	788
856	818
856	842
856	965
856	966
857	259
857	381
857	492
857	532
857	570
857	726
857	813
857	825
857	862
857	891
857	909
857	913
857	937
857	970
857	975
857	976
857	989
858	60
858	91
858	349
858	446
858	522
858	550
858	718
858	781
858	821
858	828
858	859
858	867
858	934
858	959
858	962
858	994
858	999
859	28
859	448
859	640
859	733
859	781
859	790
859	797
859	837
859	852
859	858
859	912
859	921
859	934
859	959
859	961
859	962
859	999
860	98
860	133
860	182
860	253
860	375
860	447
860	526
860	721
860	744
860	758
860	775
860	851
860	922
860	942
860	945
860	960
860	991
861	737
861	806
861	815
861	825
861	830
861	831
861	879
861	902
861	903
861	914
861	927
861	938
861	966
861	971
861	974
861	981
861	984
862	4
862	261
862	278
862	332
862	527
862	547
862	580
862	625
862	637
862	719
862	857
862	899
862	909
862	915
862	937
862	983
862	986
863	21
863	39
863	191
863	217
863	256
863	426
863	469
863	534
863	549
863	603
863	691
863	700
863	723
863	763
863	829
863	932
863	998
864	219
864	264
864	283
864	348
864	366
864	423
864	501
864	645
864	690
864	698
864	802
864	810
864	812
864	886
864	910
864	987
864	1000
865	43
865	148
865	320
865	322
865	368
865	399
865	598
865	627
865	695
865	704
865	725
865	768
865	833
865	884
865	952
865	967
865	987
865	997
866	40
866	80
866	94
866	165
866	223
866	242
866	295
866	387
866	430
866	538
866	581
866	591
866	818
866	877
866	901
866	913
866	940
866	949
867	701
867	746
867	756
867	766
867	858
867	877
867	902
867	920
867	929
867	936
867	941
867	950
867	953
867	956
867	990
867	993
868	3
868	13
868	242
868	306
868	341
868	462
868	614
868	622
868	632
868	649
868	684
868	745
868	872
868	896
868	954
868	985
868	993
868	1000
869	11
869	48
869	56
869	76
869	274
869	331
869	478
869	496
869	571
869	585
869	678
869	687
869	767
869	800
869	923
869	978
869	988
869	995
870	31
870	34
870	74
870	148
870	186
870	213
870	370
870	404
870	406
870	451
870	464
870	556
870	658
870	693
870	721
870	942
870	979
870	1000
871	112
871	151
871	306
871	354
871	384
871	394
871	481
871	548
871	613
871	680
871	685
871	819
871	828
871	874
871	880
872	13
872	72
872	184
872	417
872	504
872	588
872	607
872	622
872	632
872	649
872	725
872	745
872	800
872	868
872	896
872	954
872	997
872	1000
873	57
873	127
873	154
873	552
873	597
873	683
873	686
873	807
873	834
873	887
873	912
873	925
873	939
873	943
873	951
873	968
873	970
873	991
874	9
874	429
874	564
874	600
874	664
874	687
874	730
874	767
874	770
874	820
874	832
874	871
874	888
874	943
874	979
874	986
874	994
874	995
875	221
875	363
875	622
875	646
875	745
875	750
875	757
875	799
875	808
875	825
875	896
875	937
875	951
875	974
875	980
875	989
875	996
875	1000
876	25
876	267
876	356
876	357
876	386
876	395
876	397
876	401
876	411
876	524
876	525
876	542
876	714
876	748
876	761
876	769
876	898
876	906
877	701
877	746
877	756
877	766
877	866
877	867
877	907
877	920
877	929
877	936
877	941
877	950
877	953
877	956
877	990
877	993
878	63
878	102
878	244
878	272
878	352
878	475
878	538
878	667
878	694
878	755
878	803
878	848
878	890
878	895
878	907
878	921
878	968
878	969
878	994
879	72
879	240
879	546
879	737
879	771
879	773
879	806
879	830
879	831
879	861
879	902
879	903
879	927
879	938
879	966
879	971
879	974
879	981
879	984
880	112
880	131
880	179
880	306
880	354
880	384
880	394
880	432
880	460
880	481
880	548
880	613
880	680
880	685
880	819
880	828
880	871
880	882
880	902
881	90
881	203
881	204
881	270
881	315
881	353
881	430
881	462
881	482
881	499
881	570
881	583
881	750
881	770
881	825
881	893
881	930
881	937
881	989
882	62
882	179
882	285
882	346
882	402
882	619
882	638
882	694
882	719
882	880
882	899
882	936
882	950
882	953
882	956
882	979
882	983
882	990
882	993
883	535
883	674
883	699
883	710
883	807
883	816
883	884
883	897
883	914
883	925
883	935
883	941
883	947
883	948
883	949
883	973
883	996
883	997
883	998
884	8
884	442
884	444
884	476
884	487
884	699
884	710
884	767
884	776
884	784
884	796
884	816
884	838
884	865
884	883
884	914
884	925
884	978
884	982
885	164
885	220
885	249
885	297
885	298
885	355
885	468
885	506
885	551
885	558
885	618
885	752
885	889
885	914
885	924
885	932
885	933
885	977
885	978
886	185
886	557
886	620
886	731
886	741
886	774
886	782
886	810
886	834
886	864
886	905
886	918
886	955
886	964
886	978
886	987
886	992
886	996
886	1000
887	167
887	175
887	229
887	464
887	579
887	686
887	692
887	759
887	822
887	823
887	853
887	873
887	939
887	943
887	944
887	968
887	971
887	991
887	1000
888	300
888	350
888	516
888	530
888	669
888	723
888	749
888	765
888	798
888	820
888	832
888	874
888	911
888	946
888	957
888	972
888	977
888	986
888	992
888	995
889	101
889	271
889	297
889	298
889	355
889	433
889	551
889	558
889	562
889	609
889	643
889	752
889	798
889	841
889	885
889	911
889	932
889	933
889	977
889	978
890	64
890	98
890	136
890	244
890	257
890	272
890	475
890	506
890	565
890	667
890	694
890	755
890	878
890	895
890	907
890	912
890	921
890	968
890	969
890	994
891	26
891	46
891	203
891	255
891	259
891	300
891	352
891	465
891	483
891	486
891	532
891	572
891	652
891	702
891	727
891	792
891	813
891	857
891	942
891	970
892	189
892	245
892	431
892	515
892	644
892	657
892	717
892	740
892	777
892	789
892	819
892	916
892	919
892	945
892	949
892	952
892	973
892	974
892	982
892	995
893	87
893	153
893	413
893	493
893	510
893	561
893	570
893	609
893	653
893	706
893	748
893	750
893	800
893	825
893	881
893	937
893	974
893	976
893	989
893	997
894	98
894	389
894	409
894	459
894	543
894	595
894	600
894	682
894	785
894	841
894	897
894	930
894	935
894	947
894	948
894	951
894	974
894	980
894	988
894	998
895	400
895	578
895	609
895	659
895	667
895	708
895	734
895	792
895	815
895	835
895	878
895	890
895	904
895	921
895	954
895	963
895	968
895	969
895	986
895	994
896	184
896	341
896	417
896	504
896	588
896	607
896	614
896	632
896	649
896	678
896	684
896	721
896	800
896	868
896	872
896	875
896	954
896	985
896	994
896	1000
897	50
897	247
897	328
897	389
897	504
897	563
897	680
897	682
897	785
897	841
897	883
897	894
897	930
897	935
897	947
897	948
897	951
897	980
897	988
897	998
898	25
898	54
898	171
898	236
898	327
898	356
898	357
898	374
898	386
898	397
898	401
898	411
898	675
898	714
898	735
898	761
898	769
898	805
898	846
898	876
898	906
899	245
899	285
899	317
899	402
899	523
899	678
899	694
899	703
899	719
899	778
899	779
899	793
899	795
899	823
899	840
899	862
899	882
899	965
899	974
899	979
899	983
900	21
900	69
900	221
900	223
900	377
900	379
900	398
900	453
900	467
900	507
900	590
900	629
900	643
900	673
900	720
900	802
900	812
900	929
900	954
900	988
900	996
901	40
901	94
901	123
901	165
901	169
901	206
901	223
901	242
901	291
901	295
901	387
901	430
901	538
901	581
901	591
901	759
901	818
901	866
901	913
901	949
901	987
902	554
902	612
902	737
902	773
902	806
902	830
902	831
902	849
902	861
902	867
902	879
902	880
902	903
902	910
902	927
902	938
902	966
902	971
902	974
902	981
902	984
903	29
903	163
903	189
903	378
903	554
903	737
903	765
903	773
903	806
903	830
903	831
903	861
903	879
903	902
903	927
903	938
903	966
903	971
903	974
903	981
903	984
904	41
904	88
904	176
904	226
904	324
904	359
904	372
904	392
904	444
904	470
904	511
904	533
904	537
904	659
904	734
904	804
904	815
904	835
904	895
904	976
904	986
905	54
905	92
905	95
905	105
905	265
905	395
905	439
905	495
905	521
905	574
905	594
905	690
905	712
905	724
905	741
905	774
905	886
905	978
905	989
905	992
905	996
906	25
906	171
906	236
906	327
906	356
906	374
906	386
906	397
906	411
906	547
906	675
906	684
906	709
906	714
906	748
906	761
906	769
906	780
906	846
906	876
906	898
907	27
907	35
907	64
907	107
907	192
907	270
907	284
907	475
907	499
907	610
907	844
907	877
907	878
907	890
907	936
907	950
907	953
907	956
907	969
907	977
907	990
907	993
908	106
908	227
908	437
908	445
908	606
908	648
908	651
908	735
908	739
908	772
908	844
908	913
908	918
908	920
908	924
908	931
908	961
908	963
908	968
908	975
908	980
908	993
909	4
909	7
909	12
909	158
909	166
909	185
909	202
909	206
909	330
909	381
909	492
909	504
909	625
909	661
909	781
909	857
909	862
909	913
909	915
909	920
909	941
909	972
910	106
910	403
910	634
910	645
910	698
910	805
910	810
910	812
910	853
910	854
910	864
910	902
910	918
910	927
910	952
910	966
910	977
910	980
910	981
910	984
910	992
910	1000
911	68
911	118
911	162
911	173
911	226
911	254
911	263
911	275
911	424
911	429
911	449
911	529
911	540
911	634
911	668
911	743
911	783
911	804
911	850
911	888
911	889
911	915
912	2
912	14
912	311
912	333
912	385
912	436
912	441
912	457
912	514
912	628
912	697
912	732
912	859
912	873
912	890
912	929
912	932
912	939
912	943
912	968
912	970
912	991
913	40
913	165
913	228
913	381
913	387
913	430
913	458
913	492
913	564
913	731
913	735
913	739
913	772
913	857
913	866
913	901
913	908
913	909
913	915
913	920
913	941
913	949
913	968
914	55
914	152
914	208
914	442
914	476
914	487
914	542
914	590
914	672
914	699
914	710
914	767
914	776
914	784
914	816
914	824
914	838
914	861
914	883
914	884
914	885
914	925
914	982
915	24
915	68
915	166
915	205
915	206
915	263
915	330
915	400
915	449
915	529
915	545
915	601
915	611
915	634
915	792
915	850
915	862
915	909
915	911
915	913
915	941
915	954
915	963
916	44
916	46
916	138
916	147
916	152
916	268
916	350
916	371
916	414
916	530
916	591
916	669
916	698
916	748
916	762
916	798
916	824
916	843
916	849
916	892
916	927
916	946
916	958
917	16
917	23
917	58
917	71
917	156
917	157
917	178
917	181
917	222
917	243
917	255
917	272
917	383
917	432
917	482
917	513
917	582
917	639
917	671
917	691
917	720
917	803
917	845
918	115
918	234
918	325
918	424
918	486
918	490
918	539
918	565
918	572
918	661
918	670
918	681
918	805
918	807
918	846
918	854
918	886
918	908
918	910
918	970
918	980
918	985
918	992
919	215
919	301
919	369
919	501
919	517
919	644
919	698
919	700
919	717
919	777
919	789
919	819
919	836
919	840
919	892
919	945
919	949
919	973
919	974
919	982
919	987
919	989
919	995
920	12
920	202
920	381
920	492
920	648
920	735
920	739
920	827
920	844
920	867
920	877
920	908
920	909
920	913
920	936
920	941
920	950
920	953
920	956
920	968
920	972
920	982
920	990
920	993
921	24
921	33
921	102
921	257
921	400
921	540
921	545
921	640
921	755
921	808
921	848
921	852
921	859
921	878
921	890
921	895
921	929
921	934
921	954
921	959
921	962
921	963
921	969
921	999
922	364
922	432
922	508
922	553
922	620
922	687
922	744
922	775
922	782
922	794
922	809
922	834
922	836
922	847
922	851
922	860
922	942
922	945
922	955
922	958
922	960
922	964
922	991
922	995
923	11
923	48
923	50
923	56
923	76
923	331
923	478
923	496
923	502
923	542
923	571
923	585
923	605
923	618
923	678
923	687
923	728
923	767
923	794
923	822
923	869
923	924
923	978
923	988
924	128
924	134
924	438
924	460
924	472
924	473
924	479
924	488
924	587
924	603
924	606
924	629
924	662
924	680
924	700
924	716
924	726
924	745
924	772
924	885
924	908
924	923
924	961
924	963
924	975
925	8
925	55
925	120
925	152
925	442
925	476
925	487
925	542
925	590
925	672
925	699
925	710
925	767
925	769
925	783
925	784
925	796
925	816
925	824
925	838
925	873
925	883
925	884
925	914
925	982
926	97
926	233
926	279
926	407
926	452
926	504
926	561
926	591
926	617
926	654
926	665
926	669
926	671
926	715
926	747
926	753
926	764
926	771
926	776
926	929
926	940
926	942
926	945
926	958
926	991
927	135
927	251
927	275
927	412
927	546
927	554
927	612
927	652
927	737
927	773
927	806
927	830
927	831
927	861
927	879
927	902
927	903
927	910
927	916
927	938
927	966
927	971
927	974
927	981
927	984
928	30
928	50
928	66
928	79
928	93
928	208
928	245
928	413
928	435
928	453
928	493
928	510
928	539
928	544
928	560
928	583
928	621
928	711
928	760
928	799
928	937
928	971
928	976
928	989
928	997
929	326
929	328
929	507
929	673
929	764
929	802
929	839
929	867
929	877
929	900
929	912
929	921
929	926
929	936
929	940
929	942
929	950
929	953
929	954
929	956
929	988
929	990
929	991
929	993
929	996
930	73
930	167
930	174
930	199
930	237
930	328
930	458
930	461
930	495
930	515
930	633
930	639
930	674
930	757
930	808
930	809
930	881
930	894
930	897
930	935
930	947
930	948
930	951
930	980
930	998
930	999
931	5
931	187
931	314
931	473
931	502
931	505
931	541
931	553
931	592
931	602
931	606
931	639
931	700
931	726
931	772
931	817
931	853
931	908
931	941
931	957
931	961
931	972
931	975
931	980
931	992
931	1000
932	2
932	311
932	344
932	426
932	441
932	457
932	549
932	551
932	558
932	603
932	618
932	628
932	691
932	694
932	723
932	829
932	841
932	863
932	885
932	889
932	912
932	933
932	977
932	978
932	985
932	998
933	35
933	100
933	249
933	271
933	297
933	298
933	355
933	433
933	468
933	506
933	551
933	558
933	562
933	618
933	652
933	752
933	754
933	798
933	837
933	841
933	885
933	889
933	932
933	941
933	977
933	978
934	218
934	227
934	280
934	282
934	292
934	312
934	448
934	491
934	518
934	590
934	605
934	613
934	615
934	699
934	733
934	781
934	790
934	827
934	837
934	852
934	858
934	859
934	921
934	959
934	962
934	999
935	296
935	389
935	409
935	422
935	427
935	505
935	511
935	513
935	595
935	680
935	722
935	770
935	785
935	807
935	829
935	841
935	883
935	894
935	897
935	930
935	947
935	948
935	951
935	965
935	980
935	988
935	998
936	144
936	596
936	701
936	746
936	756
936	766
936	867
936	877
936	882
936	907
936	920
936	929
936	941
936	950
936	953
936	956
936	990
936	993
937	38
937	70
937	130
937	289
937	347
937	359
937	493
937	510
937	611
937	631
937	653
937	748
937	750
937	758
937	799
937	800
937	825
937	837
937	857
937	862
937	875
937	881
937	893
937	928
937	967
937	976
937	989
938	29
938	135
938	163
938	196
938	240
938	310
938	323
938	378
938	546
938	612
938	713
938	737
938	773
938	806
938	815
938	830
938	831
938	861
938	879
938	902
938	903
938	927
938	942
938	966
938	971
938	974
938	981
938	984
939	57
939	74
939	127
939	154
939	170
939	194
939	265
939	334
939	335
939	419
939	433
939	468
939	552
939	597
939	680
939	683
939	686
939	729
939	807
939	873
939	887
939	912
939	943
939	951
939	968
939	970
939	976
939	991
940	16
940	195
940	229
940	230
940	233
940	274
940	279
940	326
940	407
940	420
940	495
940	528
940	617
940	654
940	677
940	715
940	747
940	753
940	764
940	780
940	839
940	866
940	926
940	929
940	945
940	968
940	991
940	996
941	4
941	166
941	185
941	252
941	330
941	498
941	535
941	655
941	674
941	766
941	867
941	877
941	883
941	909
941	913
941	915
941	920
941	931
941	933
941	936
941	947
941	949
941	950
941	953
941	956
941	990
941	993
941	997
942	213
942	287
942	370
942	404
942	407
942	418
942	420
942	451
942	464
942	508
942	601
942	652
942	658
942	665
942	693
942	721
942	753
942	780
942	836
942	847
942	860
942	870
942	891
942	922
942	926
942	929
942	938
942	945
943	57
943	93
943	127
943	148
943	154
943	265
943	269
943	334
943	335
943	419
943	433
943	466
943	468
943	552
943	597
943	683
943	686
943	729
943	807
943	873
943	874
943	887
943	912
943	939
943	951
943	968
943	970
943	991
944	197
944	254
944	305
944	309
944	360
944	440
944	454
944	477
944	484
944	491
944	502
944	512
944	519
944	579
944	596
944	626
944	643
944	648
944	692
944	724
944	738
944	801
944	812
944	823
944	848
944	855
944	887
944	971
945	169
945	230
945	264
945	301
945	347
945	526
945	605
945	617
945	715
945	740
945	744
945	775
945	780
945	828
945	851
945	860
945	892
945	919
945	922
945	926
945	940
945	942
945	950
945	952
945	960
945	973
945	982
945	987
945	996
946	86
946	109
946	124
946	138
946	183
946	302
946	350
946	371
946	414
946	460
946	512
946	530
946	591
946	610
946	625
946	637
946	655
946	669
946	698
946	748
946	762
946	798
946	818
946	824
946	843
946	888
946	916
946	958
946	977
947	3
947	145
947	201
947	296
947	328
947	389
947	409
947	422
947	459
947	505
947	513
947	543
947	682
947	686
947	722
947	785
947	807
947	883
947	894
947	897
947	930
947	935
947	941
947	948
947	951
947	980
947	986
947	988
947	998
948	3
948	111
948	145
948	201
948	296
948	309
948	328
948	389
948	409
948	427
948	450
948	459
948	543
948	564
948	595
948	680
948	682
948	744
948	785
948	841
948	883
948	894
948	897
948	930
948	935
948	947
948	980
948	988
948	998
949	94
949	165
949	252
949	338
949	387
949	415
949	430
949	498
949	501
949	517
949	581
949	591
949	628
949	655
949	660
949	674
949	717
949	789
949	819
949	850
949	866
949	883
949	892
949	901
949	913
949	919
949	941
949	973
949	987
949	997
950	32
950	34
950	701
950	711
950	746
950	756
950	766
950	783
950	792
950	809
950	819
950	827
950	867
950	877
950	882
950	907
950	920
950	929
950	936
950	941
950	945
950	953
950	956
950	990
950	993
951	20
951	44
951	193
951	201
951	237
951	262
951	389
951	480
951	552
951	638
951	682
951	683
951	686
951	715
951	785
951	808
951	873
951	875
951	894
951	897
951	930
951	935
951	939
951	943
951	947
951	968
951	970
951	983
951	988
951	991
952	67
952	210
952	265
952	274
952	320
952	391
952	462
952	559
952	575
952	657
952	687
952	696
952	717
952	729
952	768
952	771
952	789
952	828
952	851
952	865
952	892
952	910
952	945
952	967
952	974
952	977
952	982
952	987
952	997
953	42
953	117
953	132
953	599
953	606
953	646
953	701
953	722
953	746
953	752
953	756
953	763
953	766
953	779
953	792
953	809
953	819
953	827
953	867
953	877
953	882
953	907
953	920
953	929
953	936
953	941
953	950
953	956
953	967
953	990
953	993
954	24
954	206
954	341
954	379
954	400
954	417
954	467
954	507
954	540
954	575
954	609
954	614
954	673
954	684
954	700
954	792
954	802
954	811
954	868
954	872
954	895
954	896
954	900
954	915
954	921
954	929
954	963
954	971
954	988
954	996
954	1000
955	11
955	92
955	109
955	209
955	221
955	258
955	290
955	295
955	308
955	431
955	433
955	494
955	520
955	542
955	557
955	593
955	604
955	624
955	630
955	681
955	736
955	752
955	782
955	834
955	848
955	886
955	922
955	958
955	964
955	968
955	995
956	32
956	132
956	139
956	281
956	428
956	597
956	650
956	665
956	701
956	746
956	752
956	756
956	763
956	766
956	779
956	783
956	809
956	819
956	827
956	867
956	877
956	882
956	907
956	920
956	929
956	936
956	941
956	950
956	953
956	990
956	993
957	49
957	149
957	187
957	273
957	300
957	319
957	358
957	380
957	388
957	396
957	443
957	466
957	505
957	516
957	553
957	557
957	562
957	592
957	635
957	662
957	707
957	765
957	810
957	815
957	817
957	849
957	888
957	931
957	972
957	992
958	97
958	117
958	124
958	209
958	211
958	233
958	329
958	512
958	528
958	557
958	593
958	604
958	625
958	669
958	736
958	747
958	762
958	764
958	824
958	834
958	839
958	849
958	916
958	922
958	926
958	946
958	955
958	964
958	978
958	991
958	995
958	998
959	28
959	42
959	153
959	155
959	218
959	227
959	280
959	282
959	292
959	312
959	345
959	351
959	365
959	402
959	448
959	615
959	640
959	651
959	670
959	709
959	733
959	781
959	790
959	797
959	798
959	837
959	852
959	858
959	859
959	921
959	934
959	962
959	999
960	18
960	82
960	113
960	133
960	185
960	207
960	211
960	231
960	239
960	253
960	277
960	337
960	353
960	463
960	500
960	573
960	576
960	589
960	702
960	721
960	744
960	775
960	787
960	796
960	798
960	799
960	814
960	851
960	860
960	922
960	945
960	963
960	991
961	47
961	77
961	104
961	128
961	134
961	188
961	225
961	438
961	472
961	473
961	479
961	484
961	488
961	505
961	587
961	605
961	606
961	629
961	648
961	662
961	680
961	712
961	716
961	726
961	745
961	772
961	859
961	908
961	924
961	931
961	963
961	975
961	983
961	998
962	28
962	81
962	105
962	142
962	153
962	155
962	159
962	222
962	227
962	280
962	282
962	292
962	365
962	536
962	576
962	590
962	613
962	615
962	640
962	670
962	733
962	781
962	790
962	797
962	837
962	845
962	852
962	858
962	859
962	921
962	934
962	959
962	998
962	999
963	24
963	225
963	277
963	299
963	337
963	367
963	400
963	473
963	479
963	488
963	519
963	540
963	573
963	575
963	589
963	611
963	631
963	716
963	726
963	736
963	772
963	792
963	814
963	815
963	846
963	895
963	908
963	915
963	921
963	924
963	954
963	960
963	961
963	975
964	109
964	116
964	177
964	208
964	209
964	221
964	258
964	290
964	295
964	308
964	377
964	431
964	433
964	494
964	520
964	542
964	557
964	558
964	593
964	604
964	620
964	624
964	670
964	681
964	736
964	752
964	782
964	798
964	834
964	848
964	886
964	922
964	955
964	958
964	995
965	160
965	161
965	172
965	266
965	336
965	373
965	376
965	410
965	485
965	513
965	517
965	525
965	577
965	599
965	610
965	642
965	650
965	656
965	666
965	676
965	678
965	679
965	691
965	703
965	719
965	783
965	795
965	811
965	838
965	840
965	856
965	899
965	935
965	983
965	986
966	96
966	114
966	135
966	248
966	251
966	255
966	310
966	323
966	378
966	412
966	514
966	538
966	546
966	554
966	612
966	737
966	773
966	806
966	815
966	830
966	831
966	849
966	856
966	861
966	879
966	902
966	903
966	910
966	927
966	938
966	971
966	974
966	981
966	984
966	987
966	1000
967	43
967	67
967	172
967	173
967	274
967	286
967	320
967	322
967	366
967	368
967	393
967	399
967	447
967	523
967	524
967	534
967	564
967	598
967	627
967	695
967	704
967	725
967	729
967	768
967	779
967	818
967	833
967	850
967	865
967	937
967	952
967	953
967	977
967	981
967	987
967	997
968	10
968	63
968	102
968	205
968	220
968	233
968	257
968	466
968	572
968	574
968	597
968	683
968	686
968	731
968	739
968	755
968	827
968	844
968	873
968	878
968	887
968	890
968	895
968	908
968	912
968	913
968	920
968	939
968	940
968	943
968	951
968	955
968	969
968	970
968	991
968	994
969	15
969	63
969	64
969	102
969	108
969	111
969	117
969	136
969	172
969	192
969	235
969	242
969	244
969	249
969	257
969	290
969	351
969	422
969	428
969	450
969	475
969	506
969	538
969	565
969	574
969	667
969	694
969	696
969	755
969	848
969	878
969	890
969	895
969	907
969	921
969	968
969	994
970	97
970	115
970	154
970	234
970	255
970	259
970	325
970	352
970	437
970	483
970	532
970	552
970	572
970	652
970	661
970	683
970	727
970	749
970	777
970	792
970	805
970	807
970	813
970	854
970	857
970	873
970	891
970	912
970	918
970	939
970	943
970	951
970	968
970	979
970	980
970	985
970	991
971	52
971	197
971	214
971	360
971	374
971	382
971	435
971	440
971	502
971	509
971	544
971	560
971	579
971	608
971	621
971	724
971	773
971	791
971	801
971	806
971	827
971	848
971	855
971	861
971	879
971	887
971	902
971	903
971	927
971	928
971	938
971	944
971	954
971	966
971	981
971	984
971	998
972	44
972	49
972	149
972	152
972	164
972	181
972	187
972	190
972	222
972	273
972	295
972	300
972	319
972	358
972	380
972	396
972	443
972	466
972	505
972	516
972	553
972	562
972	592
972	635
972	662
972	707
972	752
972	765
972	815
972	817
972	849
972	888
972	909
972	920
972	931
972	957
972	982
972	992
973	6
973	26
973	80
973	189
973	198
973	245
973	247
973	301
973	345
973	369
973	377
973	425
973	431
973	456
973	501
973	517
973	518
973	577
973	644
973	650
973	657
973	698
973	700
973	717
973	740
973	777
973	789
973	819
973	883
973	892
973	919
973	945
973	949
973	974
973	982
973	986
973	987
973	995
974	83
974	128
974	129
974	359
974	493
974	517
974	561
974	572
974	644
974	653
974	700
974	777
974	799
974	830
974	831
974	861
974	875
974	879
974	892
974	893
974	894
974	899
974	902
974	903
974	919
974	927
974	938
974	952
974	966
974	973
974	976
974	981
974	982
974	984
974	987
974	989
974	995
974	997
975	47
975	77
975	96
975	104
975	128
975	134
975	188
975	225
975	438
975	460
975	472
975	473
975	479
975	484
975	488
975	505
975	524
975	587
975	605
975	606
975	629
975	648
975	662
975	680
975	700
975	712
975	716
975	726
975	745
975	772
975	852
975	857
975	908
975	924
975	931
975	961
975	963
975	1000
976	17
976	22
976	35
976	53
976	54
976	70
976	83
976	87
976	108
976	129
976	130
976	289
976	347
976	405
976	465
976	481
976	510
976	561
976	611
976	631
976	653
976	706
976	743
976	750
976	758
976	776
976	799
976	800
976	825
976	857
976	893
976	904
976	928
976	937
976	939
976	974
976	984
976	989
976	997
977	41
977	75
977	271
977	292
977	298
977	322
977	355
977	368
977	371
977	393
977	399
977	414
977	436
977	551
977	611
977	625
977	652
977	669
977	704
977	748
977	762
977	779
977	798
977	833
977	841
977	843
977	849
977	885
977	888
977	889
977	907
977	910
977	932
977	933
977	946
977	952
977	967
977	987
977	997
978	48
978	56
978	95
978	271
978	297
978	347
978	355
978	439
978	456
978	478
978	485
978	496
978	551
978	558
978	571
978	574
978	585
978	594
978	609
978	618
978	687
978	724
978	741
978	774
978	841
978	869
978	884
978	885
978	886
978	889
978	905
978	923
978	932
978	933
978	958
978	984
978	988
978	992
978	996
979	108
979	119
979	316
979	332
979	351
979	394
979	437
979	490
979	600
979	625
979	642
979	647
979	664
979	730
979	749
979	755
979	763
979	767
979	786
979	793
979	795
979	805
979	820
979	830
979	832
979	840
979	854
979	870
979	874
979	882
979	899
979	970
979	980
979	983
979	985
979	986
979	992
979	994
979	995
980	20
980	26
980	84
980	89
980	174
980	237
980	262
980	325
980	363
980	409
980	474
980	480
980	486
980	572
980	595
980	706
980	757
980	768
980	778
980	805
980	807
980	808
980	846
980	875
980	894
980	897
980	908
980	910
980	918
980	930
980	931
980	935
980	947
980	948
980	970
980	979
980	988
980	992
980	995
980	998
981	29
981	44
981	96
981	114
981	163
981	240
981	248
981	251
981	268
981	310
981	323
981	378
981	412
981	514
981	538
981	545
981	546
981	554
981	612
981	717
981	737
981	773
981	806
981	815
981	830
981	831
981	849
981	861
981	879
981	902
981	903
981	910
981	927
981	938
981	966
981	967
981	971
981	974
981	984
981	986
982	8
982	156
982	175
982	207
982	301
982	440
982	442
982	444
982	454
982	456
982	477
982	596
982	626
982	644
982	692
982	699
982	710
982	738
982	777
982	784
982	796
982	801
982	816
982	823
982	838
982	839
982	884
982	892
982	914
982	919
982	920
982	925
982	945
982	952
982	972
982	973
982	974
982	987
982	995
982	998
983	37
983	82
983	90
983	104
983	146
983	151
983	172
983	285
983	291
983	316
983	317
983	332
983	358
983	376
983	402
983	416
983	503
983	523
983	534
983	575
983	642
983	650
983	678
983	694
983	703
983	719
983	720
983	778
983	779
983	786
983	795
983	804
983	840
983	862
983	882
983	899
983	951
983	961
983	965
983	979
983	986
984	29
984	77
984	96
984	114
984	135
984	163
984	170
984	240
984	248
984	249
984	251
984	310
984	323
984	378
984	394
984	412
984	465
984	545
984	546
984	554
984	612
984	688
984	737
984	773
984	806
984	830
984	831
984	849
984	861
984	879
984	902
984	903
984	910
984	927
984	938
984	966
984	971
984	974
984	976
984	978
984	981
985	90
985	184
985	250
985	255
985	269
985	281
985	321
985	325
985	358
985	417
985	490
985	501
985	512
985	569
985	588
985	607
985	613
985	614
985	632
985	649
985	670
985	684
985	689
985	708
985	725
985	742
985	751
985	787
985	788
985	805
985	846
985	848
985	854
985	868
985	896
985	918
985	932
985	970
985	979
985	992
985	995
986	88
986	316
986	317
986	324
986	361
986	372
986	392
986	444
986	470
986	511
986	533
986	537
986	564
986	578
986	600
986	642
986	703
986	730
986	749
986	763
986	778
986	786
986	793
986	795
986	815
986	820
986	821
986	832
986	835
986	862
986	874
986	888
986	895
986	904
986	947
986	965
986	973
986	979
986	981
986	983
986	994
986	995
987	75
987	151
987	189
987	219
987	264
987	283
987	297
987	320
987	348
987	363
987	369
987	403
987	423
987	425
987	524
987	534
987	645
987	650
987	657
987	704
987	717
987	725
987	779
987	789
987	810
987	818
987	833
987	864
987	865
987	886
987	901
987	919
987	945
987	949
987	952
987	966
987	967
987	973
987	974
987	977
987	982
987	1000
988	69
988	76
988	201
988	223
988	331
988	347
988	379
988	467
988	478
988	496
988	507
988	543
988	564
988	571
988	585
988	598
988	618
988	672
988	673
988	682
988	720
988	728
988	767
988	785
988	802
988	812
988	825
988	869
988	894
988	897
988	900
988	923
988	929
988	935
988	947
988	948
988	951
988	954
988	978
988	980
988	996
988	997
989	9
989	17
989	22
989	35
989	53
989	70
989	83
989	87
989	89
989	129
989	130
989	216
989	220
989	359
989	405
989	428
989	465
989	481
989	482
989	493
989	510
989	523
989	584
989	631
989	653
989	706
989	748
989	750
989	758
989	799
989	800
989	825
989	857
989	875
989	881
989	893
989	905
989	919
989	928
989	937
989	974
989	976
989	997
990	32
990	42
990	70
990	74
990	80
990	132
990	139
990	142
990	150
990	198
990	235
990	458
990	498
990	583
990	646
990	665
990	701
990	722
990	734
990	746
990	749
990	752
990	756
990	763
990	766
990	779
990	783
990	792
990	809
990	819
990	827
990	867
990	877
990	882
990	907
990	920
990	929
990	936
990	941
990	950
990	953
990	956
990	993
991	57
991	127
991	253
991	375
991	418
991	447
991	526
991	528
991	540
991	552
991	561
991	562
991	563
991	565
991	597
991	636
991	671
991	683
991	686
991	728
991	729
991	730
991	744
991	747
991	753
991	775
991	780
991	851
991	860
991	873
991	887
991	912
991	922
991	926
991	929
991	939
991	940
991	943
991	951
991	958
991	960
991	968
991	970
991	996
991	1000
992	15
992	49
992	54
992	84
992	92
992	95
992	300
992	319
992	331
992	368
992	380
992	395
992	396
992	429
992	439
992	486
992	506
992	516
992	541
992	651
992	670
992	690
992	741
992	765
992	774
992	805
992	815
992	817
992	843
992	846
992	854
992	886
992	888
992	905
992	910
992	918
992	931
992	957
992	972
992	978
992	979
992	980
992	985
992	993
992	996
993	27
993	32
993	42
993	74
993	80
993	117
993	132
993	139
993	150
993	186
993	198
993	235
993	428
993	458
993	583
993	646
993	665
993	701
993	722
993	746
993	752
993	756
993	763
993	766
993	779
993	783
993	792
993	809
993	819
993	822
993	827
993	867
993	868
993	877
993	882
993	907
993	908
993	920
993	929
993	936
993	941
993	950
993	953
993	956
993	990
993	992
994	9
994	64
994	89
994	122
994	140
994	192
994	224
994	249
994	258
994	272
994	302
994	303
994	349
994	398
994	429
994	443
994	446
994	475
994	531
994	539
994	546
994	556
994	578
994	600
994	646
994	663
994	664
994	666
994	667
994	718
994	730
994	749
994	755
994	804
994	820
994	821
994	858
994	874
994	878
994	890
994	895
994	896
994	968
994	969
994	979
994	986
994	995
995	31
995	60
995	116
995	119
995	177
995	425
995	494
995	520
995	572
995	581
995	593
995	644
995	657
995	664
995	681
995	687
995	717
995	730
995	736
995	740
995	749
995	763
995	767
995	777
995	782
995	808
995	820
995	828
995	832
995	834
995	869
995	874
995	888
995	892
995	919
995	922
995	955
995	958
995	964
995	973
995	974
995	979
995	980
995	982
995	985
995	986
995	994
996	6
996	34
996	95
996	105
996	141
996	195
996	221
996	263
996	379
996	398
996	418
996	439
996	467
996	504
996	507
996	563
996	594
996	643
996	654
996	665
996	673
996	677
996	690
996	712
996	720
996	724
996	740
996	741
996	747
996	764
996	774
996	780
996	802
996	812
996	840
996	875
996	883
996	886
996	900
996	905
996	929
996	940
996	945
996	954
996	978
996	988
996	991
996	992
997	43
997	75
997	83
997	87
997	120
997	216
997	252
997	269
997	338
997	366
997	368
997	393
997	405
997	415
997	428
997	447
997	493
997	498
997	509
997	535
997	611
997	640
997	655
997	674
997	675
997	704
997	725
997	729
997	750
997	768
997	793
997	825
997	833
997	865
997	872
997	883
997	893
997	928
997	941
997	949
997	952
997	967
997	974
997	976
997	977
997	988
997	989
998	39
998	114
998	121
998	145
998	170
998	191
998	217
998	256
998	305
998	409
998	426
998	459
998	469
998	477
998	481
998	549
998	579
998	603
998	626
998	691
998	692
998	695
998	700
998	723
998	738
998	770
998	785
998	801
998	812
998	823
998	829
998	841
998	851
998	855
998	863
998	883
998	894
998	897
998	930
998	932
998	935
998	947
998	948
998	958
998	961
998	962
998	971
998	980
998	982
999	28
999	81
999	92
999	110
999	142
999	144
999	153
999	155
999	158
999	159
999	164
999	218
999	227
999	268
999	280
999	282
999	292
999	312
999	345
999	351
999	365
999	448
999	536
999	570
999	576
999	590
999	605
999	613
999	615
999	640
999	651
999	670
999	677
999	733
999	746
999	781
999	790
999	797
999	798
999	817
999	837
999	852
999	858
999	859
999	921
999	930
999	934
999	959
999	962
1000	72
1000	103
1000	219
1000	229
1000	254
1000	264
1000	288
1000	341
1000	348
1000	403
1000	423
1000	602
1000	607
1000	614
1000	622
1000	632
1000	635
1000	645
1000	646
1000	649
1000	684
1000	690
1000	695
1000	698
1000	712
1000	721
1000	728
1000	754
1000	759
1000	810
1000	822
1000	826
1000	847
1000	853
1000	864
1000	868
1000	870
1000	872
1000	875
1000	886
1000	887
1000	896
1000	910
1000	931
1000	954
1000	966
1000	975
1000	987
1000	991
