1	509
1	830
1	887
1	953
2	903
2	931
2	936
2	960
3	654
3	934
3	945
3	980
4	404
4	575
4	665
4	999
5	230
5	928
5	953
5	958
6	459
6	870
6	897
6	941
6	996
7	838
7	916
7	945
7	980
8	632
8	690
8	941
8	962
9	673
9	827
9	935
9	993
10	652
10	697
10	966
10	992
11	517
11	664
11	741
11	854
12	970
12	971
12	981
12	985
13	894
13	937
13	971
13	995
14	719
14	832
14	902
14	960
15	811
15	895
15	910
15	979
16	630
16	963
16	973
16	981
17	344
17	797
17	897
17	942
18	211
18	300
18	568
18	730
19	428
19	563
19	585
19	762
20	766
20	882
20	989
20	996
21	651
21	694
21	935
21	993
22	463
22	755
22	760
22	781
23	628
23	781
23	900
23	972
24	35
24	711
24	759
24	965
25	320
25	611
25	927
25	976
26	655
26	963
26	973
26	981
27	687
27	734
27	805
27	901
28	643
28	785
28	846
28	875
29	252
29	927
29	966
29	977
30	468
30	801
30	898
30	960
31	359
31	488
31	719
31	987
32	519
32	626
32	948
32	1000
33	886
33	914
33	924
33	977
34	761
34	797
34	881
34	942
35	24
35	314
35	512
35	744
36	435
36	582
36	789
36	855
37	806
37	866
37	942
37	953
38	671
38	809
38	921
38	987
39	128
39	495
39	976
39	990
40	748
40	921
40	959
40	988
41	604
41	699
41	803
41	995
42	827
42	935
42	993
42	996
43	952
43	959
43	963
43	969
44	452
44	763
44	921
44	987
45	565
45	726
45	845
45	986
46	526
46	878
46	908
46	998
47	965
47	975
47	983
47	985
48	584
48	829
48	870
48	999
49	740
49	895
49	966
49	989
50	705
50	877
50	896
50	926
51	163
51	439
51	882
51	976
52	560
52	932
52	986
52	997
53	490
53	851
53	919
53	998
54	476
54	669
54	731
54	957
55	966
55	977
55	986
55	998
56	504
56	741
56	939
56	984
57	207
57	928
57	953
57	994
58	770
58	928
58	953
58	958
59	763
59	875
59	939
59	950
60	122
60	401
60	672
60	718
61	456
61	905
61	946
61	990
62	675
62	854
62	855
62	939
63	64
63	940
63	950
63	984
64	63
64	750
64	782
64	834
65	909
65	952
65	959
65	969
66	539
66	641
66	647
66	748
67	597
67	671
67	817
67	972
68	342
68	410
68	717
68	825
69	886
69	914
69	924
69	977
70	951
70	965
70	983
70	995
71	851
71	923
71	928
71	953
72	689
72	805
72	866
72	922
73	758
73	940
73	950
73	984
74	357
74	742
74	855
74	946
75	932
75	977
75	980
75	993
76	543
76	897
76	928
76	969
77	527
77	834
77	917
77	962
78	585
78	754
78	836
78	944
79	421
79	559
79	825
79	829
80	123
80	903
80	932
80	963
81	899
81	901
81	915
82	705
82	877
82	954
82	979
83	591
83	738
83	937
83	971
84	388
84	965
84	983
84	985
85	185
85	205
85	361
85	975
86	690
86	715
86	941
86	975
87	353
87	423
87	470
87	665
88	638
88	715
88	963
88	973
89	251
89	437
89	877
89	896
90	127
90	956
90	957
90	977
91	864
91	865
91	892
91	982
92	752
92	825
92	849
92	973
93	98
93	365
93	413
93	927
94	293
94	743
94	752
94	832
94	973
95	228
95	419
95	695
95	871
96	340
96	832
96	926
96	999
97	131
97	656
97	844
97	851
98	93
98	920
98	932
98	955
99	294
99	386
99	547
99	948
100	917
100	971
100	979
100	983
101	704
101	772
101	804
101	998
102	870
102	925
102	949
102	987
103	470
103	665
103	920
103	970
104	800
104	801
104	942
104	981
105	238
105	812
105	947
105	956
106	146
106	512
106	933
106	992
107	202
107	426
107	549
107	930
108	338
108	880
108	898
108	989
109	519
109	626
109	890
109	948
110	593
110	882
110	894
110	975
111	214
111	469
111	587
111	948
112	813
112	894
112	955
112	971
113	682
113	746
113	937
113	971
114	492
114	601
114	899
114	915
115	804
115	921
115	977
115	1000
116	885
116	926
116	958
116	995
117	317
117	341
117	515
117	997
118	394
118	497
118	754
118	999
119	616
119	659
119	966
119	988
120	902
120	940
120	950
120	984
121	321
121	335
121	656
121	699
122	60
122	401
122	589
122	672
123	80
123	199
123	688
123	966
124	317
124	376
124	966
124	981
125	296
125	794
125	875
125	949
126	665
126	771
126	920
126	970
127	90
127	665
127	963
127	965
128	39
128	509
128	762
128	990
129	579
129	623
129	811
129	974
130	822
130	949
130	985
130	995
131	97
131	321
131	684
131	821
132	732
132	894
132	937
132	971
133	343
133	588
133	957
133	975
134	765
134	814
134	929
134	966
135	488
135	719
135	987
135	997
136	529
136	546
136	990
136	1000
137	780
137	957
137	981
137	988
137	996
138	414
138	686
138	928
138	953
139	390
139	523
139	948
139	953
140	764
140	787
140	992
140	993
141	455
141	833
141	881
141	982
142	356
142	752
142	801
142	928
142	942
143	911
143	938
143	961
143	988
144	782
144	951
144	983
144	985
145	588
145	768
145	957
145	958
146	106
146	859
146	974
146	992
147	554
147	808
147	944
147	979
148	284
148	578
148	927
148	992
149	903
149	956
149	984
149	988
150	430
150	582
150	771
150	843
151	721
151	839
151	878
151	998
152	693
152	866
152	901
152	922
153	855
153	953
153	977
153	993
154	891
154	921
154	996
154	998
155	759
155	952
155	966
155	974
156	533
156	708
156	969
156	997
157	844
157	952
157	959
157	969
158	831
158	849
158	895
158	960
159	455
159	671
159	692
159	972
160	291
160	386
160	745
160	948
161	902
161	940
161	950
161	984
162	307
162	680
162	877
162	896
163	51
163	810
163	948
163	989
164	481
164	780
164	970
164	978
165	408
165	784
165	906
165	994
166	192
166	493
166	879
166	946
167	326
167	879
167	915
167	969
168	586
168	644
168	706
168	819
169	507
169	611
169	649
169	990
170	415
170	922
170	977
170	988
171	370
171	510
171	801
171	937
172	645
172	905
172	990
172	995
173	721
173	878
173	892
173	967
174	667
174	869
174	925
174	933
175	608
175	663
175	925
175	994
176	537
176	719
176	742
176	1000
177	749
177	761
177	897
177	942
178	452
178	500
178	713
178	964
179	225
179	774
179	838
179	859
180	761
180	891
180	921
180	996
181	323
181	740
181	801
181	967
182	892
182	950
182	982
182	998
183	784
183	798
183	874
183	980
184	273
184	589
184	672
184	718
185	85
185	192
185	230
185	801
185	946
186	962
186	987
186	990
186	1000
187	918
187	963
187	973
187	981
188	891
188	921
188	996
188	998
189	237
189	616
189	941
189	956
190	778
190	781
190	845
190	989
191	698
191	797
191	802
191	942
192	166
192	185
192	939
192	952
193	710
193	877
193	899
193	1000
194	704
194	958
194	977
194	984
195	686
195	773
195	921
195	971
196	536
196	742
196	786
196	1000
197	455
197	515
197	846
197	997
198	579
198	707
198	798
198	999
199	123
199	849
199	895
199	966
200	816
200	931
200	936
200	960
201	700
201	751
201	773
201	962
202	107
202	656
202	692
202	959
203	776
203	860
203	900
203	904
204	736
204	769
204	882
204	922
205	85
205	918
205	963
205	973
206	901
206	930
206	939
206	950
207	57
207	928
207	953
207	994
208	911
208	938
208	961
208	988
209	538
209	688
209	831
209	895
210	415
210	847
210	882
210	976
211	18
211	730
211	912
211	979
212	567
212	814
212	925
212	962
213	720
213	793
213	840
213	986
214	111
214	386
214	612
214	948
215	746
215	937
215	955
215	995
216	410
216	952
216	959
216	969
217	310
217	571
217	830
217	991
218	729
218	938
218	961
218	988
219	471
219	648
219	867
219	910
220	487
220	548
220	551
220	840
221	529
221	962
221	990
221	1000
222	329
222	719
222	841
222	987
223	227
223	718
223	983
223	988
224	438
224	580
224	741
224	854
225	179
225	332
225	623
225	835
226	759
226	910
226	967
226	986
227	223
227	759
227	820
227	999
228	95
228	921
228	971
228	982
229	250
229	680
229	975
229	976
230	5
230	185
230	478
230	576
231	510
231	835
231	946
231	975
232	658
232	917
232	919
232	982
233	320
233	495
233	908
233	990
234	416
234	597
234	980
234	988
235	417
235	813
235	845
235	971
236	393
236	507
236	666
236	957
237	189
237	639
237	906
237	1000
238	105
238	893
238	947
238	956
239	396
239	899
239	915
239	919
240	759
240	774
240	875
240	981
241	603
241	944
241	977
241	994
242	881
242	952
242	959
242	969
243	621
243	751
243	773
243	962
244	254
244	382
244	385
244	806
244	968
245	290
245	903
245	936
245	960
245	989
246	357
246	382
246	806
246	907
246	978
247	548
247	670
247	793
247	840
247	986
248	706
248	806
248	944
248	978
248	994
249	420
249	466
249	671
249	692
249	972
250	229
250	282
250	600
250	887
250	976
251	89
251	705
251	877
251	896
251	961
252	29
252	536
252	639
252	742
252	835
253	582
253	753
253	789
253	855
253	926
254	244
254	357
254	382
254	806
254	978
255	754
255	909
255	959
255	966
255	988
256	640
256	829
256	870
256	970
256	999
257	368
257	628
257	722
257	901
257	922
258	888
258	916
258	934
258	945
258	980
259	526
259	616
259	721
259	878
259	998
260	852
260	947
260	952
260	956
260	967
261	657
261	742
261	889
261	989
261	999
262	372
262	679
262	708
262	871
262	949
263	751
263	773
263	843
263	978
263	993
264	635
264	796
264	800
264	834
264	917
265	405
265	565
265	845
265	932
265	986
266	811
266	896
266	915
266	977
266	990
267	640
267	829
267	870
267	970
267	999
268	842
268	858
268	876
268	884
268	939
269	909
269	952
269	959
269	969
269	997
270	603
270	707
270	822
270	824
270	954
271	479
271	654
271	693
271	920
271	992
272	283
272	785
272	913
272	930
272	944
273	184
273	672
273	718
273	837
273	926
274	886
274	914
274	924
274	977
275	373
275	384
275	659
275	675
275	898
276	868
276	941
276	952
276	969
276	996
277	802
277	807
277	897
277	942
277	963
278	888
278	907
278	916
278	945
278	980
279	753
279	934
279	935
279	992
279	993
280	516
280	879
280	905
280	946
280	978
281	860
281	900
281	921
281	989
281	992
282	250
282	387
282	832
282	844
282	882
283	272
283	672
283	781
283	801
283	984
284	148
284	502
284	798
284	970
284	992
285	719
285	777
285	804
285	885
285	988
286	639
286	760
286	904
286	984
286	1000
287	326
287	703
287	754
287	895
287	999
288	776
288	860
288	900
288	904
288	987
289	652
289	816
289	903
289	931
289	936
290	245
290	326
290	363
290	754
290	999
291	160
291	937
291	949
291	950
291	971
291	988
292	525
292	802
292	807
292	897
292	942
293	94
293	426
293	666
293	958
293	987
294	99
294	587
294	592
294	745
294	948
295	323
295	801
295	828
295	967
296	125
296	707
296	708
296	875
296	949
297	850
297	872
297	965
297	983
297	985
298	322
298	632
298	715
298	815
298	941
299	483
299	705
299	877
299	896
299	926
300	18
300	931
300	947
300	960
300	999
301	691
301	852
301	871
301	947
301	956
302	516
302	879
302	905
302	946
302	990
303	813
303	894
303	925
303	949
303	979
304	500
304	525
304	863
304	941
304	964
305	845
305	927
305	932
305	955
305	998
306	310
306	504
306	571
306	830
306	912
307	162
307	420
307	511
307	832
307	870
308	909
308	952
308	959
308	969
308	997
309	907
309	916
309	934
309	945
309	980
310	217
310	306
310	830
310	879
310	991
311	810
311	951
311	965
311	983
311	985
312	313
312	445
312	793
312	970
312	979
313	312
313	497
313	510
313	843
313	975
314	35
314	609
314	744
314	906
314	995
315	462
315	732
315	864
315	929
315	982
316	779
316	886
316	914
316	924
316	977
317	117
317	124
317	560
317	617
317	997
318	779
318	886
318	914
318	924
318	977
319	895
319	944
319	955
319	956
319	973
320	25
320	233
320	495
320	788
320	976
321	121
321	131
321	684
321	699
321	851
322	298
322	377
322	715
322	941
322	975
323	181
323	295
323	744
323	801
323	967
324	524
324	583
324	893
324	947
324	956
325	746
325	747
325	901
325	981
325	983
326	167
326	287
326	290
326	394
326	999
327	482
327	909
327	952
327	959
327	969
328	477
328	720
328	900
328	904
328	999
329	222
329	740
329	751
329	847
329	978
330	444
330	806
330	946
330	988
330	993
331	582
331	789
331	855
331	869
331	926
332	225
332	512
332	784
332	974
332	992
333	397
333	464
333	622
333	859
333	964
334	891
334	921
334	954
334	996
334	998
335	121
335	716
335	841
335	853
335	997
336	403
336	866
336	901
336	922
336	991
337	477
337	681
337	820
337	835
337	998
338	108
338	640
338	829
338	870
338	999
339	678
339	918
339	963
339	973
339	981
340	96
340	408
340	784
340	906
340	994
341	117
341	522
341	913
341	930
341	944
342	68
342	472
342	559
342	825
342	844
343	133
343	819
343	957
343	958
343	987
344	17
344	681
344	894
344	941
344	949
345	820
345	825
345	927
345	936
345	939
346	915
346	953
346	984
346	986
346	987
347	371
347	864
347	890
347	929
347	982
348	444
348	837
348	905
348	946
348	972
349	479
349	496
349	646
349	968
349	992
350	411
350	451
350	780
350	835
350	923
351	685
351	864
351	881
351	889
351	982
352	750
352	829
352	870
352	970
352	999
353	87
353	915
353	931
353	977
353	989
354	518
354	545
354	763
354	768
354	989
355	509
355	754
355	835
355	887
355	971
356	142
356	527
356	941
356	969
356	981
357	74
357	246
357	254
357	700
357	806
358	609
358	648
358	862
358	910
358	979
359	31
359	488
359	555
359	719
359	987
360	741
360	830
360	961
360	978
360	984
361	85
361	510
361	843
361	924
361	975
362	535
362	639
362	906
362	928
362	1000
363	290
363	915
363	929
363	931
363	971
364	649
364	811
364	964
364	978
364	990
365	93
365	977
365	991
365	995
365	997
366	776
366	860
366	900
366	903
366	904
367	478
367	580
367	959
367	969
367	993
368	257
368	886
368	914
368	924
368	977
369	922
369	944
369	961
369	971
369	984
370	171
370	463
370	755
370	760
370	781
371	347
371	790
371	865
371	890
371	982
372	262
372	408
372	679
372	871
372	949
373	275
373	376
373	624
373	650
373	659
374	629
374	648
374	784
374	804
374	874
375	391
375	891
375	921
375	996
375	998
376	124
376	373
376	624
376	659
376	898
377	322
377	520
377	577
377	690
377	941
378	679
378	708
378	871
378	875
378	949
379	609
379	817
379	829
379	959
379	969
379	993
380	587
380	853
380	878
380	910
380	948
380	977
381	848
381	911
381	938
381	961
381	974
381	988
382	244
382	246
382	254
382	385
382	806
382	994
383	677
383	704
383	767
383	846
383	927
383	962
384	275
384	851
384	925
384	951
384	965
384	988
385	244
385	382
385	613
385	702
385	824
385	978
386	99
386	160
386	214
386	745
386	836
386	948
387	282
387	495
387	611
387	692
387	788
387	990
388	84
388	394
388	485
388	754
388	929
388	999
389	776
389	860
389	900
389	904
389	987
389	989
390	139
390	419
390	480
390	871
390	875
390	949
391	375
391	891
391	921
391	996
391	998
392	429
392	482
392	511
392	644
392	883
392	967
393	236
393	869
393	894
393	951
393	980
393	985
394	118
394	326
394	388
394	754
394	929
394	999
395	532
395	535
395	652
395	668
395	895
395	966
396	239
396	888
396	916
396	934
396	945
396	980
397	333
397	464
397	569
397	622
397	859
397	964
398	557
398	696
398	852
398	893
398	956
398	970
399	583
399	757
399	852
399	893
399	947
399	956
400	694
400	784
400	921
400	973
400	981
400	993
401	60
401	122
401	589
401	672
401	718
401	837
402	637
402	866
402	918
402	963
402	973
402	981
403	336
403	429
403	832
403	885
403	955
403	995
404	4
404	529
404	546
404	962
404	990
404	1000
405	265
405	568
405	811
405	936
405	960
405	993
406	473
406	596
406	638
406	648
406	769
406	959
407	647
407	730
407	748
407	827
407	986
407	993
408	165
408	340
408	372
408	566
408	784
408	994
409	751
409	755
409	809
409	862
409	910
409	962
410	68
410	216
410	825
410	935
410	992
410	993
411	350
411	643
411	738
411	780
411	923
411	970
412	593
412	695
412	753
412	885
412	976
412	998
413	93
413	642
413	833
413	932
413	949
413	982
414	138
414	951
414	965
414	983
414	985
414	995
415	170
415	210
415	600
415	839
415	966
415	975
416	234
416	600
416	755
416	862
416	882
416	910
417	235
417	813
417	874
417	937
417	971
417	993
418	606
418	694
418	935
418	984
418	992
418	993
419	95
419	390
419	460
419	871
419	875
419	949
420	249
420	307
420	764
420	883
420	975
420	996
421	79
421	575
421	585
421	817
421	825
421	949
422	626
422	701
422	900
422	905
422	948
422	960
423	87
423	826
423	915
423	983
423	985
423	991
424	678
424	918
424	963
424	964
424	973
424	981
425	786
425	907
425	916
425	934
425	945
425	980
426	107
426	293
426	528
426	706
426	819
426	957
427	674
427	763
427	769
427	792
427	968
427	989
428	19
428	443
428	538
428	585
428	784
428	905
429	392
429	403
429	482
429	832
429	966
429	967
430	150
430	513
430	572
430	804
430	820
430	998
431	531
431	811
431	859
431	951
431	957
431	985
432	888
432	907
432	916
432	934
432	945
432	980
433	621
433	751
433	773
433	962
433	988
434	519
434	931
434	936
434	948
434	957
434	964
435	36
435	733
435	744
435	789
435	817
435	855
436	826
436	842
436	858
436	876
436	884
436	939
437	89
437	503
437	877
437	896
437	954
437	979
438	224
438	571
438	793
438	840
438	939
438	986
439	51
439	518
439	763
439	868
439	968
439	989
440	563
440	946
440	989
440	990
440	996
440	999
441	795
441	850
441	861
441	951
441	983
441	985
442	829
442	884
442	939
442	947
442	976
442	990
443	428
443	444
443	736
443	946
443	995
443	1000
444	330
444	348
444	443
444	645
444	879
444	974
445	312
445	669
445	856
445	862
445	910
445	979
446	686
446	923
446	928
446	953
446	954
446	994
447	899
447	916
447	960
447	975
447	977
447	996
448	680
448	839
448	847
448	957
448	975
448	996
449	589
449	641
449	718
449	748
449	929
449	993
450	643
450	743
450	780
450	952
450	989
450	999
451	350
451	643
451	729
451	780
451	923
451	970
452	44
452	178
452	456
452	946
452	980
452	992
453	850
453	873
453	951
453	965
453	983
453	985
454	608
454	667
454	724
454	872
454	925
454	994
455	141
455	159
455	197
455	692
455	896
455	901
456	61
456	452
456	939
456	952
456	966
456	969
457	566
457	739
457	790
457	854
457	908
457	993
458	521
458	808
458	819
458	823
458	957
458	987
459	6
459	697
459	740
459	849
459	895
459	966
460	419
460	596
460	630
460	885
460	958
460	976
461	757
461	812
461	852
461	893
461	947
461	956
462	315
462	888
462	907
462	934
462	945
462	980
463	22
463	370
463	679
463	755
463	781
463	874
464	333
464	397
464	622
464	783
464	859
464	964
465	575
465	603
465	707
465	743
465	884
465	943
466	249
466	490
466	704
466	804
466	919
466	999
467	605
467	633
467	727
467	730
467	883
467	979
468	30
468	500
468	804
468	900
468	904
468	989
469	111
469	519
469	547
469	587
469	948
469	1000
470	87
470	103
470	665
470	768
470	920
470	970
471	219
471	473
471	615
471	683
471	862
471	910
472	342
472	930
472	949
472	973
472	981
472	993
473	406
473	471
473	595
473	615
473	726
473	910
474	818
474	823
474	928
474	931
474	936
474	960
475	496
475	598
475	646
475	693
475	883
475	972
476	54
476	706
476	819
476	957
476	958
476	991
477	328
477	337
477	597
477	759
477	853
477	998
478	230
478	367
478	723
478	845
478	878
478	955
479	271
479	349
479	598
479	646
479	920
479	972
480	390
480	679
480	695
480	708
480	871
480	949
481	164
481	493
481	741
481	759
481	780
481	909
482	327
482	392
482	429
482	832
482	847
482	883
483	299
483	790
483	864
483	892
483	926
483	982
484	798
484	801
484	885
484	906
484	925
484	998
485	388
485	605
485	730
485	924
485	953
485	977
486	598
486	677
486	937
486	969
486	971
486	984
487	220
487	551
487	720
487	840
487	976
487	986
488	31
488	135
488	359
488	719
488	987
488	999
489	622
489	626
489	883
489	948
489	971
489	984
490	53
490	466
490	681
490	817
490	998
490	999
491	571
491	830
491	887
491	912
491	925
491	943
492	114
492	601
492	808
492	899
492	915
492	987
493	166
493	481
493	711
493	905
493	946
493	978
494	666
494	724
494	814
494	853
494	925
494	933
494	994
495	39
495	233
495	320
495	387
495	611
495	788
495	910
496	349
496	475
496	654
496	693
496	775
496	920
496	992
497	118
497	313
497	755
497	781
497	827
497	957
497	993
498	520
498	570
498	632
498	715
498	815
498	889
498	941
499	687
499	734
499	805
499	866
499	901
499	904
499	991
500	178
500	304
500	468
500	767
500	863
500	949
500	964
501	502
501	530
501	624
501	798
501	874
501	927
501	992
502	284
502	501
502	530
502	627
502	798
502	927
502	992
503	437
503	705
503	877
503	896
503	912
503	954
503	979
504	56
504	306
504	510
504	793
504	871
504	873
504	965
505	690
505	747
505	925
505	953
505	965
505	982
505	985
506	546
506	799
506	818
506	903
506	931
506	960
506	989
507	169
507	236
507	613
507	788
507	819
507	830
507	947
508	795
508	848
508	911
508	938
508	961
508	970
508	988
509	1
509	128
509	355
509	723
509	951
509	977
509	983
510	171
510	231
510	313
510	361
510	504
510	835
510	975
511	307
511	392
511	564
511	832
511	847
511	913
511	967
512	35
512	106
512	332
512	554
512	623
512	648
512	738
513	430
513	521
513	756
513	811
513	916
513	927
513	990
514	709
514	855
514	857
514	878
514	908
514	930
514	979
515	117
515	197
515	560
515	617
515	653
515	809
515	932
516	280
516	302
516	604
516	685
516	699
516	879
516	946
517	11
517	664
517	739
517	741
517	845
517	854
517	913
518	354
518	439
518	545
518	763
518	792
518	962
518	989
519	32
519	109
519	434
519	469
519	592
519	745
519	948
520	377
520	498
520	815
520	846
520	889
520	941
520	959
521	458
521	513
521	562
521	588
521	706
521	958
521	975
522	341
522	554
522	785
522	930
522	944
522	976
522	1000
523	139
523	668
523	675
523	710
523	764
523	898
523	978
524	324
524	668
524	741
524	854
524	961
524	984
524	988
525	292
525	304
525	825
525	915
525	937
525	942
525	971
526	46
526	259
526	713
526	721
526	892
526	908
526	998
527	77
527	356
527	578
527	782
527	796
527	834
527	917
528	426
528	592
528	901
528	922
528	936
528	948
528	960
529	136
529	221
529	404
529	546
529	962
529	990
529	1000
530	501
530	502
530	798
530	874
530	927
530	953
530	992
531	431
531	710
531	883
531	897
531	915
531	928
531	942
532	395
532	778
532	816
532	903
532	931
532	936
532	960
533	156
533	563
533	739
533	754
533	854
533	883
533	993
534	875
534	937
534	949
534	952
534	969
534	971
534	984
535	362
535	395
535	566
535	884
535	939
535	984
535	1000
536	196
536	252
536	639
536	708
536	742
536	906
536	1000
537	176
537	597
537	624
537	742
537	798
537	942
537	992
538	209
538	428
538	688
538	831
538	849
538	941
538	966
539	66
539	572
539	641
539	647
539	748
540	574
540	750
540	796
540	800
540	834
540	917
540	983
541	848
541	911
541	938
541	961
541	968
541	974
541	988
542	686
542	892
542	896
542	928
542	953
542	954
542	994
543	76
543	656
543	783
543	918
543	963
543	973
543	981
544	861
544	873
544	965
544	978
544	983
544	985
544	986
545	354
545	518
545	618
545	674
545	763
545	769
545	989
546	136
546	404
546	506
546	529
546	962
546	990
546	1000
547	99
547	469
547	592
547	869
547	912
547	948
547	1000
548	220
548	247
548	551
548	720
548	793
548	840
548	986
549	107
549	785
549	792
549	913
549	930
549	944
549	976
550	848
550	911
550	938
550	961
550	969
550	970
550	988
551	220
551	487
551	548
551	720
551	793
551	840
551	986
552	584
552	644
552	700
552	841
552	853
552	921
552	997
553	658
553	696
553	828
553	902
553	940
553	950
553	984
554	147
554	512
554	522
554	964
554	974
554	980
554	992
555	359
555	779
555	886
555	914
555	924
555	977
555	987
556	794
556	828
556	902
556	940
556	950
556	984
556	997
557	398
557	812
557	893
557	947
557	956
557	967
557	975
558	726
558	727
558	752
558	889
558	913
558	929
558	996
559	79
559	342
559	717
559	768
559	825
559	844
559	983
560	52
560	317
560	515
560	617
560	932
560	986
560	997
561	697
561	740
561	775
561	822
561	831
561	895
561	966
562	521
562	776
562	860
562	900
562	904
562	932
562	987
563	19
563	440
563	533
563	585
563	631
563	650
563	778
564	511
564	832
564	935
564	940
564	986
564	988
564	993
565	45
565	265
565	731
565	774
565	880
565	932
565	986
566	408
566	457
566	535
566	681
566	784
566	906
566	994
567	212
567	667
567	724
567	925
567	962
567	991
567	994
568	18
568	405
568	605
568	633
568	730
568	883
568	979
569	397
569	799
569	834
569	889
569	921
569	960
569	989
570	498
570	577
570	632
570	690
570	772
570	815
570	941
571	217
571	306
571	438
571	491
571	613
571	830
571	991
572	430
572	539
572	641
572	647
572	748
573	580
573	909
573	952
573	959
573	969
573	991
573	997
574	540
574	750
574	796
574	800
574	857
574	917
574	948
575	4
575	421
575	465
575	603
575	943
575	954
575	995
576	230
576	727
576	802
576	920
576	921
576	978
576	997
577	377
577	570
577	632
577	715
577	815
577	856
577	941
578	148
578	527
578	782
578	796
578	800
578	834
578	917
579	129
579	198
579	744
579	926
579	928
579	973
579	981
579	982
580	224
580	367
580	573
580	664
580	739
580	741
580	760
580	854
581	590
581	666
581	706
581	731
581	819
581	887
581	957
581	987
582	36
582	150
582	253
582	331
582	699
582	789
582	855
582	903
583	324
583	399
583	691
583	696
583	757
583	852
583	947
583	956
584	48
584	552
584	870
584	945
584	980
584	989
584	997
584	999
585	19
585	78
585	421
585	428
585	563
585	762
585	768
585	911
586	168
586	722
586	805
586	866
586	887
586	901
586	922
586	991
587	111
587	294
587	380
587	469
587	745
587	836
587	948
587	1000
588	133
588	145
588	521
588	666
588	706
588	819
588	957
588	975
589	122
589	184
589	401
589	449
589	672
589	718
589	837
589	939
590	581
590	655
590	662
590	918
590	963
590	973
590	981
590	994
591	83
591	735
591	791
591	859
591	880
591	894
591	937
591	971
592	294
592	519
592	528
592	547
592	745
592	869
592	948
592	1000
593	110
593	412
593	794
593	932
593	937
593	971
593	996
593	998
594	660
594	749
594	797
594	807
594	838
594	881
594	897
594	942
595	473
595	615
595	757
595	865
595	875
595	893
595	966
595	982
596	406
596	460
596	630
596	670
596	885
596	958
596	995
596	998
597	67
597	234
597	477
597	537
597	671
597	682
597	813
597	939
598	475
598	479
598	486
598	646
598	654
598	972
598	992
598	994
599	695
599	732
599	784
599	837
599	949
599	957
599	982
599	994
600	250
600	415
600	416
600	635
600	839
600	882
600	976
600	981
601	114
601	492
601	821
601	881
601	899
601	915
601	919
601	979
602	725
602	795
602	889
602	964
602	989
602	999
603	241
603	270
603	465
603	575
603	707
603	743
603	919
603	943
604	41
604	516
604	645
604	711
604	760
604	905
604	946
604	995
605	467
605	485
605	568
605	631
605	633
605	730
605	920
605	979
606	418
606	694
606	908
606	935
606	992
606	993
606	994
606	996
607	649
607	661
607	811
607	886
607	978
607	990
608	175
608	454
608	676
608	814
608	859
608	904
608	925
608	994
609	314
609	358
609	379
609	862
609	937
609	971
609	983
609	985
610	685
610	732
610	747
610	779
610	833
610	865
610	890
610	982
611	25
611	169
611	387
611	495
611	788
611	851
611	929
611	990
612	214
612	912
612	937
612	944
612	950
612	979
612	984
612	995
613	385
613	507
613	571
613	830
613	887
613	912
613	943
613	991
614	879
614	908
614	930
614	940
614	944
614	961
614	964
614	988
615	471
615	473
615	595
615	669
615	848
615	862
615	910
615	979
616	119
616	189
616	259
616	651
616	670
616	721
616	878
616	998
617	317
617	515
617	560
617	653
617	764
617	947
617	986
617	997
618	545
618	689
618	779
618	886
618	914
618	924
618	977
618	987
619	780
619	798
619	847
619	899
619	922
619	970
619	992
619	996
620	689
620	779
620	886
620	914
620	924
620	977
620	985
620	987
621	243
621	433
621	751
621	773
621	843
621	856
621	962
622	333
622	397
622	464
622	489
622	683
622	859
622	964
622	965
623	129
623	225
623	512
623	738
623	835
623	843
623	906
623	979
624	373
624	376
624	501
624	537
624	913
624	932
624	935
624	956
625	899
625	915
625	947
625	948
625	961
625	984
625	988
625	1000
626	32
626	109
626	422
626	489
626	847
626	912
626	948
626	1000
627	502
627	689
627	779
627	886
627	914
627	924
627	977
627	987
628	23
628	257
628	877
628	912
628	924
628	976
628	977
628	998
629	374
629	878
629	908
629	957
629	961
629	980
629	988
629	999
630	16
630	460
630	596
630	709
630	710
630	885
630	887
630	995
631	563
631	605
631	650
631	890
631	976
631	979
631	982
631	996
632	8
632	298
632	498
632	570
632	577
632	690
632	941
632	982
633	467
633	568
633	605
633	730
633	863
633	868
633	883
633	979
634	778
634	823
634	880
634	903
634	931
634	936
634	950
634	960
635	264
635	600
635	724
635	752
635	817
635	882
635	917
635	919
635	996
636	656
636	687
636	866
636	878
636	895
636	930
636	944
636	963
636	998
637	402
637	701
637	918
637	929
637	963
637	964
637	973
637	981
637	1000
638	88
638	406
638	662
638	701
638	783
638	918
638	963
638	973
638	981
639	237
639	252
639	286
639	362
639	536
639	742
639	906
639	972
639	1000
640	256
640	267
640	338
640	821
640	829
640	870
640	945
640	970
640	999
641	66
641	449
641	539
641	572
641	647
641	727
641	748
641	765
641	974
642	413
642	647
642	864
642	947
642	956
642	966
642	973
642	981
642	982
643	28
643	411
643	450
643	451
643	729
643	780
643	860
643	923
643	970
644	168
644	392
644	552
644	750
644	782
644	832
644	957
644	961
644	988
645	172
645	444
645	604
645	755
645	879
645	905
645	946
645	978
645	995
646	349
646	475
646	479
646	598
646	654
646	693
646	972
646	992
646	999
647	66
647	407
647	539
647	572
647	641
647	642
647	727
647	748
647	765
648	219
648	358
648	374
648	406
648	512
648	856
648	862
648	867
648	910
649	169
649	364
649	607
649	661
649	811
649	978
649	990
650	373
650	563
650	631
650	659
650	665
650	888
650	937
650	970
650	980
651	21
651	616
651	788
651	878
651	900
651	904
651	941
651	968
651	976
652	10
652	289
652	395
652	740
652	803
652	831
652	849
652	895
652	966
653	515
653	617
653	793
653	799
653	840
653	860
653	904
653	953
653	994
654	3
654	271
654	496
654	598
654	646
654	693
654	775
654	883
654	992
655	26
655	590
655	701
655	783
655	918
655	963
655	973
655	976
655	981
656	97
656	121
656	202
656	543
656	636
656	851
656	856
656	929
656	999
657	261
657	673
657	677
657	770
657	787
657	827
657	935
657	992
657	993
658	232
658	553
658	794
658	828
658	902
658	940
658	950
658	984
658	997
659	119
659	275
659	373
659	376
659	650
659	668
659	764
659	833
659	883
660	594
660	698
660	749
660	761
660	797
660	807
660	897
660	942
660	958
661	607
661	649
661	811
661	904
661	978
661	990
662	590
662	638
662	783
662	948
662	963
662	973
662	981
662	994
662	1000
663	175
663	786
663	838
663	888
663	907
663	916
663	934
663	945
663	980
664	11
664	517
664	580
664	702
664	723
664	739
664	845
664	854
664	913
665	4
665	87
665	103
665	126
665	127
665	470
665	650
665	920
665	970
666	236
666	293
666	494
666	581
666	588
666	706
666	887
666	975
666	987
667	174
667	454
667	567
667	676
667	724
667	814
667	925
667	933
667	994
668	395
668	523
668	524
668	659
668	728
668	899
668	915
668	966
668	999
669	54
669	445
669	615
669	743
669	860
669	904
669	954
669	975
669	997
670	247
670	596
670	616
670	815
670	840
670	941
670	959
670	969
670	998
671	38
671	67
671	159
671	249
671	597
671	692
671	817
671	846
671	972
672	60
672	122
672	184
672	273
672	283
672	401
672	589
672	717
672	718
673	9
673	657
673	770
673	815
673	827
673	935
673	968
673	993
673	996
674	427
674	545
674	763
674	769
674	792
674	868
674	909
674	968
674	989
675	62
675	275
675	523
675	803
675	829
675	870
675	882
675	884
675	939
676	608
676	667
676	724
676	814
676	869
676	925
676	933
676	962
676	973
677	383
677	486
677	657
677	704
677	759
677	804
677	817
677	820
677	851
678	339
678	424
678	783
678	918
678	963
678	973
678	981
678	994
678	1000
679	262
679	372
679	378
679	463
679	480
679	695
679	871
679	875
679	949
680	162
680	229
680	448
680	882
680	896
680	931
680	947
680	952
680	956
680	959
681	337
681	344
681	490
681	566
681	693
681	741
681	884
681	939
681	992
681	994
682	113
682	597
682	791
682	813
682	894
682	898
682	937
682	946
682	971
682	995
683	471
683	622
683	843
683	862
683	878
683	910
683	944
683	964
683	970
683	976
684	131
684	321
684	714
684	759
684	818
684	820
684	839
684	882
684	936
684	975
685	351
685	516
685	610
685	747
685	833
685	864
685	890
685	892
685	929
685	982
686	138
686	195
686	446
686	542
686	892
686	928
686	953
686	954
686	955
686	994
687	27
687	499
687	636
687	722
687	734
687	780
687	805
687	866
687	901
687	922
688	123
688	209
688	538
688	697
688	740
688	803
688	831
688	892
688	895
688	966
689	72
689	618
689	620
689	627
689	779
689	886
689	914
689	924
689	977
689	987
690	8
690	86
690	377
690	505
690	570
690	632
690	715
690	815
690	822
690	941
691	301
691	583
691	696
691	757
691	793
691	812
691	852
691	893
691	947
691	956
692	159
692	202
692	249
692	387
692	455
692	671
692	702
692	717
692	954
692	972
693	152
693	271
693	475
693	496
693	646
693	654
693	681
693	775
693	920
693	972
694	21
694	400
694	418
694	606
694	753
694	787
694	827
694	892
694	935
694	993
695	95
695	412
695	480
695	599
695	679
695	708
695	777
695	871
695	875
695	949
696	398
696	553
696	583
696	691
696	812
696	852
696	893
696	943
696	947
696	956
697	10
697	459
697	561
697	688
697	740
697	821
697	831
697	849
697	895
697	951
698	191
698	660
698	749
698	761
698	774
698	797
698	802
698	807
698	897
698	942
699	41
699	121
699	321
699	516
699	582
699	789
699	879
699	945
699	964
699	980
700	201
700	357
700	552
700	727
700	806
700	950
700	957
700	984
700	987
700	997
701	422
701	637
701	638
701	655
701	867
701	918
701	963
701	981
701	994
701	1000
702	385
702	664
702	692
702	806
702	827
702	854
702	913
702	950
702	972
702	984
703	287
703	754
703	782
703	796
703	854
703	866
703	917
703	922
703	945
703	980
704	101
704	194
704	383
704	466
704	677
704	722
704	759
704	820
704	962
704	999
705	50
705	82
705	251
705	299
705	503
705	760
705	877
705	885
705	896
705	912
706	168
706	248
706	426
706	476
706	521
706	581
706	588
706	666
706	957
706	976
707	198
707	270
707	296
707	465
707	603
707	765
707	822
707	824
707	943
707	954
708	156
708	262
708	296
708	378
708	480
708	536
708	695
708	871
708	875
708	949
709	514
709	630
709	755
709	781
709	885
709	924
709	934
709	958
709	977
709	980
710	193
710	523
710	531
710	630
710	717
710	814
710	885
710	925
710	972
710	995
711	24
711	493
711	604
711	774
711	824
711	923
711	933
711	972
711	974
711	986
712	810
712	909
712	952
712	959
712	969
712	991
712	997
713	178
713	526
713	721
713	770
713	878
713	961
713	964
713	984
713	988
713	993
714	684
714	733
714	811
714	850
714	861
714	951
714	958
714	965
714	983
714	985
715	86
715	88
715	298
715	322
715	498
715	577
715	690
715	777
715	846
715	941
716	335
716	909
716	930
716	940
716	952
716	959
716	969
716	979
716	984
716	997
717	68
717	559
717	672
717	692
717	710
717	755
717	781
717	825
717	871
717	949
718	60
718	184
718	223
718	273
718	401
718	449
718	589
718	672
718	837
718	992
719	14
719	31
719	135
719	176
719	222
719	285
719	359
719	488
719	841
719	987
720	213
720	328
720	487
720	548
720	551
720	738
720	793
720	840
720	888
720	986
721	151
721	173
721	259
721	526
721	616
721	713
721	843
721	850
721	878
721	998
722	257
722	586
722	687
722	704
722	734
722	805
722	887
722	901
722	922
722	991
723	478
723	509
723	664
723	785
723	930
723	938
723	955
723	961
723	975
723	988
724	454
724	494
724	567
724	635
724	667
724	676
724	814
724	925
724	962
724	994
725	602
725	728
725	889
725	929
725	964
725	989
725	999
726	45
726	473
726	558
726	727
726	752
726	903
726	930
726	936
726	944
726	960
726	986
727	467
727	558
727	576
727	641
727	647
727	700
727	726
727	748
727	752
727	806
727	979
728	668
728	725
728	784
728	805
728	815
728	915
728	922
728	941
728	989
728	994
728	999
729	218
729	451
729	643
729	780
729	801
729	832
729	849
729	930
729	944
729	967
730	18
730	211
730	407
730	467
730	485
730	568
730	605
730	633
730	883
730	979
730	982
731	54
731	565
731	581
731	808
731	867
731	917
731	930
731	932
731	934
731	944
731	980
732	132
732	315
732	599
732	610
732	790
732	833
732	864
732	865
732	872
732	898
732	982
733	435
733	714
733	810
733	850
733	856
733	861
733	873
733	951
733	965
733	983
733	985
734	27
734	499
734	687
734	722
734	803
734	805
734	866
734	901
734	912
734	922
734	991
735	591
735	746
735	790
735	865
735	911
735	943
735	965
735	983
735	985
735	991
735	995
736	204
736	443
736	806
736	884
736	906
736	939
736	953
736	972
736	974
736	978
736	992
737	786
737	838
737	866
737	868
737	888
737	907
737	916
737	934
737	945
737	980
737	991
738	83
738	411
738	512
738	623
738	720
738	746
738	793
738	840
738	871
738	949
738	955
739	457
739	517
739	533
739	580
739	664
739	760
739	762
739	845
739	854
739	913
739	969
740	49
740	181
740	329
740	459
740	561
740	652
740	688
740	697
740	831
740	849
740	966
741	11
741	56
741	224
741	360
741	481
741	517
741	524
741	580
741	681
741	762
741	854
742	74
742	176
742	196
742	252
742	261
742	536
742	537
742	639
742	835
742	920
742	1000
743	94
743	450
743	465
743	603
743	669
743	895
743	946
743	966
743	974
743	995
743	997
744	35
744	314
744	323
744	435
744	579
744	801
744	833
744	855
744	865
744	967
744	982
745	160
745	294
745	386
745	519
745	587
745	592
745	799
745	847
745	869
745	948
745	1000
746	113
746	215
746	325
746	735
746	738
746	791
746	852
746	894
746	898
746	937
746	971
747	325
747	505
747	610
747	685
747	790
747	792
747	864
747	865
747	890
747	898
747	982
748	40
748	66
748	407
748	449
748	539
748	572
748	641
748	647
748	727
748	765
748	812
749	177
749	594
749	660
749	698
749	761
749	765
749	797
749	802
749	807
749	880
749	897
749	942
750	64
750	352
750	540
750	574
750	644
750	782
750	796
750	800
750	834
750	906
750	917
750	955
751	201
751	243
751	263
751	329
751	409
751	433
751	621
751	773
751	843
751	856
751	864
751	962
752	92
752	94
752	142
752	558
752	635
752	726
752	727
752	889
752	913
752	929
752	956
752	996
753	253
753	279
753	412
753	694
753	789
753	855
753	860
753	885
753	900
753	904
753	935
753	998
754	78
754	118
754	255
754	287
754	290
754	355
754	388
754	394
754	533
754	703
754	906
754	999
755	22
755	370
755	409
755	416
755	463
755	497
755	645
755	709
755	717
755	760
755	781
755	874
756	513
756	770
756	787
756	819
756	830
756	928
756	943
756	953
756	957
756	982
756	993
756	994
757	399
757	461
757	583
757	595
757	691
757	812
757	852
757	893
757	943
757	947
757	956
757	992
758	73
758	769
758	868
758	899
758	915
758	924
758	940
758	962
758	977
758	989
758	990
758	1000
759	24
759	155
759	226
759	227
759	240
759	477
759	481
759	677
759	684
759	704
759	836
759	998
760	22
760	286
760	370
760	580
760	604
760	705
760	739
760	755
760	809
760	854
760	896
760	972
761	34
761	177
761	180
761	660
761	698
761	749
761	797
761	802
761	807
761	881
761	897
761	942
762	19
762	128
762	585
762	739
762	741
762	787
762	788
762	809
762	891
762	966
762	968
762	993
763	44
763	59
763	354
763	427
763	439
763	518
763	545
763	674
763	769
763	932
763	968
763	989
764	140
764	420
764	523
764	617
764	659
764	790
764	833
764	935
764	982
764	983
764	993
764	997
765	134
765	641
765	647
765	707
765	748
765	749
765	851
765	883
765	931
765	936
765	954
765	960
766	20
766	882
766	916
766	934
766	938
766	947
766	949
766	956
766	961
766	980
766	988
766	996
767	383
767	500
767	791
767	875
767	894
767	938
767	949
767	961
767	964
767	988
767	993
767	995
768	145
768	354
768	470
768	559
768	585
768	769
768	817
768	822
768	825
768	898
768	957
768	968
769	204
769	406
769	427
769	545
769	674
769	758
769	763
769	768
769	823
769	914
769	968
769	989
770	58
770	657
770	673
770	713
770	756
770	787
770	792
770	827
770	935
770	968
770	993
770	996
771	126
771	150
771	800
771	852
771	895
771	917
771	947
771	955
771	956
771	966
771	970
771	995
772	101
772	570
772	775
772	785
772	790
772	804
772	815
772	851
772	884
772	939
772	941
772	944
773	195
773	201
773	243
773	263
773	433
773	621
773	751
773	843
773	856
773	942
773	962
773	964
774	179
774	240
774	565
774	698
774	711
774	879
774	888
774	945
774	974
774	980
774	986
774	992
775	496
775	561
775	654
775	693
775	772
775	850
775	863
775	930
775	934
775	945
775	979
775	980
776	203
776	288
776	366
776	389
776	562
776	860
776	863
776	900
776	904
776	918
776	932
776	987
777	285
777	695
777	715
777	819
777	827
777	871
777	875
777	889
777	935
777	941
777	957
777	993
778	190
778	532
778	563
778	634
778	799
778	816
778	818
778	823
778	903
778	931
778	936
778	960
779	316
779	318
779	555
779	610
779	618
779	620
779	627
779	689
779	886
779	914
779	924
779	977
779	987
780	137
780	164
780	350
780	411
780	450
780	451
780	481
780	619
780	643
780	687
780	729
780	923
780	970
781	22
781	23
781	190
781	283
781	370
781	463
781	497
781	709
781	717
781	755
781	813
781	874
781	945
782	64
782	144
782	527
782	578
782	644
782	703
782	750
782	796
782	800
782	834
782	906
782	917
782	955
783	464
783	543
783	638
783	655
783	662
783	678
783	809
783	918
783	963
783	973
783	981
783	994
783	1000
784	165
784	183
784	332
784	340
784	374
784	400
784	408
784	428
784	566
784	599
784	728
784	906
784	994
785	28
785	272
785	522
785	549
785	723
785	772
785	792
785	808
785	820
785	930
785	944
785	976
785	979
786	196
786	425
786	663
786	737
786	838
786	888
786	907
786	916
786	934
786	945
786	974
786	980
786	991
787	140
787	657
787	694
787	756
787	762
787	770
787	827
787	836
787	935
787	968
787	985
787	993
787	996
788	320
788	387
788	495
788	507
788	611
788	651
788	762
788	908
788	927
788	929
788	976
788	990
788	992
789	36
789	253
789	331
789	435
789	582
789	699
789	753
789	817
789	847
789	855
789	869
789	876
789	926
790	371
790	457
790	483
790	732
790	735
790	747
790	764
790	772
790	833
790	864
790	865
790	890
790	982
791	591
791	682
791	746
791	767
791	813
791	827
791	859
791	894
791	923
791	937
791	955
791	971
791	995
792	427
792	518
792	549
792	674
792	747
792	770
792	785
792	890
792	926
792	935
792	944
792	982
792	993
793	213
793	247
793	312
793	438
793	504
793	548
793	551
793	653
793	691
793	720
793	738
793	840
793	986
794	125
794	556
794	593
794	658
794	828
794	902
794	940
794	943
794	950
794	954
794	968
794	984
794	997
795	441
795	508
795	602
795	861
795	951
795	958
795	965
795	975
795	978
795	983
795	985
795	986
795	995
796	264
796	527
796	540
796	574
796	578
796	703
796	750
796	782
796	800
796	834
796	857
796	917
796	927
797	17
797	34
797	191
797	594
797	660
797	698
797	749
797	761
797	802
797	807
797	897
797	909
797	942
798	183
798	198
798	284
798	484
798	501
798	502
798	530
798	537
798	619
798	874
798	927
798	976
798	992
799	506
799	569
799	653
799	745
799	778
799	803
799	816
799	823
799	903
799	931
799	936
799	960
799	989
800	104
800	264
800	540
800	574
800	578
800	750
800	771
800	782
800	796
800	834
800	917
800	955
800	998
801	30
801	104
801	142
801	171
801	181
801	185
801	283
801	295
801	323
801	484
801	729
801	744
801	967
802	191
802	277
802	292
802	576
802	698
802	749
802	761
802	797
802	807
802	820
802	824
802	844
802	897
802	942
803	41
803	652
803	675
803	688
803	734
803	799
803	849
803	882
803	905
803	931
803	960
803	974
803	976
803	996
804	101
804	115
804	285
804	374
804	430
804	466
804	468
804	677
804	772
804	851
804	872
804	919
804	962
804	999
805	27
805	72
805	499
805	586
805	687
805	722
805	728
805	734
805	866
805	901
805	922
805	926
805	948
805	991
806	37
806	244
806	246
806	248
806	254
806	330
806	357
806	382
806	700
806	702
806	727
806	736
806	808
806	978
807	277
807	292
807	594
807	660
807	698
807	749
807	761
807	797
807	802
807	824
807	880
807	897
807	942
807	986
808	147
808	458
808	492
808	731
808	785
808	806
808	867
808	891
808	899
808	915
808	921
808	944
808	957
808	996
809	38
809	409
809	515
809	760
809	762
809	783
809	907
809	934
809	955
809	973
809	976
809	980
809	981
809	986
810	163
810	311
810	712
810	733
810	850
810	856
810	861
810	873
810	951
810	965
810	983
810	985
810	986
810	995
811	15
811	129
811	266
811	364
811	405
811	431
811	513
811	607
811	649
811	661
811	714
811	837
811	978
811	990
812	105
812	461
812	557
812	691
812	696
812	748
812	757
812	874
812	893
812	943
812	947
812	956
812	967
812	996
813	112
813	235
813	303
813	417
813	597
813	682
813	781
813	791
813	859
813	878
813	894
813	937
813	971
813	995
814	134
814	212
814	494
814	608
814	667
814	676
814	710
814	724
814	853
814	859
814	870
814	872
814	925
814	994
815	298
815	498
815	520
815	570
815	577
815	670
815	673
815	690
815	728
815	772
815	822
815	846
815	930
815	941
816	200
816	289
816	532
816	778
816	799
816	818
816	823
816	831
816	903
816	931
816	936
816	951
816	960
816	989
817	67
817	379
817	421
817	435
817	490
817	635
817	671
817	677
817	768
817	789
817	855
817	932
817	972
817	998
818	474
818	506
818	684
818	778
818	816
818	823
818	861
818	880
818	903
818	923
818	931
818	936
818	960
818	989
819	168
819	343
819	426
819	458
819	476
819	507
819	581
819	588
819	756
819	777
819	943
819	957
819	975
819	987
820	227
820	337
820	345
820	430
820	677
820	684
820	704
820	785
820	802
820	846
820	919
820	927
820	962
820	999
821	131
821	601
821	640
821	697
821	829
821	831
821	870
821	899
821	915
821	918
821	963
821	966
821	973
821	981
822	130
822	270
822	561
822	690
822	707
822	768
822	815
822	825
822	831
822	844
822	849
822	941
822	943
822	997
823	458
823	474
823	634
823	769
823	778
823	799
823	816
823	818
823	903
823	923
823	931
823	936
823	960
823	989
824	270
824	385
824	707
824	711
824	802
824	807
824	905
824	935
824	942
824	946
824	954
824	990
824	992
824	993
825	68
825	79
825	92
825	342
825	345
825	410
825	421
825	525
825	559
825	717
825	768
825	822
825	844
825	900
826	423
826	436
826	842
826	858
826	876
826	884
826	939
826	952
826	972
827	9
827	42
827	407
827	497
827	657
827	673
827	694
827	702
827	770
827	777
827	787
827	791
827	935
827	992
827	993
828	295
828	553
828	556
828	658
828	794
828	902
828	920
828	940
828	943
828	950
828	954
828	968
828	984
828	996
828	997
829	48
829	79
829	256
829	267
829	338
829	352
829	379
829	442
829	640
829	675
829	821
829	870
829	892
829	970
829	999
830	1
830	217
830	306
830	310
830	360
830	491
830	507
830	571
830	613
830	756
830	857
830	912
830	943
830	979
830	991
831	158
831	209
831	538
831	561
831	652
831	688
831	697
831	740
831	816
831	821
831	822
831	849
831	857
831	895
831	966
832	14
832	94
832	96
832	282
832	307
832	403
832	429
832	482
832	511
832	564
832	644
832	729
832	883
832	967
832	979
833	141
833	413
833	610
833	659
833	685
833	732
833	744
833	764
833	790
833	864
833	865
833	872
833	890
833	959
833	982
834	64
834	77
834	264
834	527
834	540
834	569
834	578
834	750
834	782
834	796
834	800
834	845
834	886
834	917
834	955
835	225
835	231
835	252
835	337
835	350
835	355
835	510
835	623
835	742
835	951
835	975
835	983
835	985
835	992
835	1000
836	78
836	386
836	587
836	759
836	787
836	846
836	891
836	921
836	948
836	962
836	983
836	993
836	996
836	1000
837	273
837	348
837	401
837	589
837	599
837	718
837	811
837	876
837	884
837	914
837	924
837	939
837	977
837	978
837	990
838	7
838	179
838	594
838	663
838	737
838	786
838	868
838	888
838	907
838	916
838	934
838	945
838	974
838	980
838	991
839	151
839	415
839	448
839	600
839	684
839	864
839	890
839	928
839	940
839	950
839	953
839	958
839	982
839	984
839	1000
840	213
840	220
840	247
840	438
840	487
840	548
840	551
840	653
840	670
840	720
840	738
840	793
840	844
840	965
840	986
841	222
841	335
841	552
841	719
841	858
841	885
841	911
841	938
841	961
841	976
841	987
841	988
841	995
841	997
841	998
842	268
842	436
842	826
842	858
842	876
842	884
842	888
842	919
842	939
842	972
842	990
843	150
843	263
843	313
843	361
843	621
843	623
843	683
843	721
843	751
843	773
843	921
843	962
843	974
843	975
843	992
844	97
844	157
844	282
844	342
844	559
844	802
844	822
844	825
844	840
844	851
844	897
844	935
844	942
844	992
844	993
845	45
845	190
845	235
845	265
845	305
845	478
845	517
845	664
845	739
845	834
845	854
845	917
845	932
845	955
845	986
846	28
846	197
846	383
846	520
846	671
846	715
846	815
846	820
846	836
846	863
846	941
846	964
846	986
846	997
846	999
847	210
847	329
847	448
847	482
847	511
847	619
847	626
847	745
847	789
847	912
847	930
847	944
847	948
847	967
847	976
848	381
848	508
848	541
848	550
848	615
848	911
848	919
848	938
848	958
848	961
848	968
848	970
848	974
848	988
849	92
849	158
849	199
849	459
849	538
849	652
849	697
849	729
849	740
849	803
849	822
849	831
849	857
849	895
849	966
850	297
850	441
850	453
850	714
850	721
850	733
850	775
850	810
850	861
850	873
850	951
850	965
850	967
850	975
850	983
850	985
851	53
851	71
851	97
851	321
851	384
851	611
851	656
851	677
851	765
851	772
851	804
851	844
851	928
851	929
851	930
851	953
852	260
852	301
852	398
852	399
852	461
852	583
852	691
852	696
852	746
852	757
852	771
852	867
852	893
852	947
852	956
852	967
853	335
853	380
853	477
853	494
853	552
853	814
853	859
853	860
853	862
853	871
853	875
853	910
853	925
853	949
853	979
853	997
854	11
854	62
854	224
854	457
854	517
854	524
854	533
854	580
854	664
854	702
854	703
854	739
854	741
854	760
854	845
854	913
855	36
855	62
855	74
855	153
855	253
855	331
855	435
855	514
855	582
855	744
855	753
855	789
855	817
855	869
855	926
855	935
856	445
856	577
856	621
856	648
856	656
856	733
856	751
856	773
856	810
856	862
856	877
856	896
856	910
856	954
856	983
856	985
857	514
857	574
857	796
857	830
857	831
857	849
857	862
857	909
857	910
857	917
857	952
857	959
857	966
857	969
857	979
857	990
858	268
858	436
858	826
858	841
858	842
858	876
858	884
858	919
858	939
858	972
859	146
859	179
859	333
859	397
859	431
859	464
859	591
859	608
859	622
859	791
859	813
859	814
859	853
859	906
859	947
859	971
859	994
860	203
860	281
860	288
860	366
860	389
860	562
860	643
860	653
860	669
860	753
860	776
860	853
860	863
860	900
860	904
860	932
860	987
861	441
861	544
861	714
861	733
861	795
861	810
861	818
861	850
861	873
861	889
861	951
861	965
861	975
861	978
861	983
861	985
861	995
862	358
862	409
862	416
862	445
862	471
862	609
862	615
862	648
862	683
862	853
862	856
862	857
862	867
862	910
862	912
862	979
862	996
863	304
863	500
863	633
863	775
863	776
863	846
863	860
863	870
863	895
863	900
863	904
863	909
863	952
863	959
863	964
863	966
863	969
864	91
864	315
864	347
864	351
864	483
864	642
864	685
864	732
864	747
864	751
864	790
864	833
864	839
864	865
864	890
864	929
864	982
865	91
865	371
865	595
865	610
865	732
865	735
865	744
865	747
865	790
865	833
865	864
865	890
865	892
865	920
865	921
865	926
865	982
866	37
866	72
866	152
866	336
866	402
866	499
866	586
866	636
866	687
866	703
866	734
866	737
866	805
866	901
866	922
866	926
866	991
867	219
867	648
867	701
867	731
867	808
867	852
867	862
867	869
867	885
867	893
867	910
867	930
867	944
867	956
867	963
867	973
867	981
868	276
868	439
868	633
868	674
868	737
868	758
868	838
868	882
868	896
868	907
868	909
868	926
868	934
868	952
868	954
868	959
868	969
868	979
869	174
869	331
869	393
869	547
869	592
869	676
869	745
869	789
869	855
869	867
869	879
869	911
869	925
869	926
869	938
869	948
869	961
869	988
870	6
870	48
870	102
870	256
870	267
870	307
870	338
870	352
870	584
870	640
870	675
870	814
870	821
870	829
870	863
870	892
870	970
870	999
871	95
871	262
871	301
871	372
871	378
871	390
871	419
871	480
871	504
871	679
871	695
871	708
871	717
871	738
871	777
871	853
871	875
871	949
872	297
872	454
872	732
872	804
872	814
872	833
872	890
872	902
872	911
872	925
872	938
872	940
872	950
872	961
872	962
872	982
872	984
872	988
873	453
873	504
873	544
873	733
873	810
873	850
873	861
873	905
873	924
873	951
873	958
873	965
873	967
873	978
873	983
873	985
873	986
873	995
874	183
874	374
874	417
874	463
874	501
874	530
874	755
874	781
874	798
874	812
874	893
874	937
874	947
874	956
874	971
874	992
874	995
874	997
875	28
875	59
875	125
875	240
875	296
875	378
875	390
875	419
875	534
875	595
875	679
875	695
875	708
875	767
875	777
875	853
875	871
875	949
876	268
876	436
876	789
876	826
876	837
876	842
876	858
876	884
876	919
876	939
876	972
876	998
877	50
877	82
877	89
877	162
877	193
877	251
877	299
877	437
877	503
877	628
877	705
877	856
877	896
877	910
877	912
877	926
877	954
877	979
878	46
878	151
878	173
878	259
878	380
878	478
878	514
878	616
878	629
878	636
878	651
878	683
878	713
878	721
878	813
878	892
878	908
878	998
879	166
879	167
879	280
879	302
879	310
879	444
879	516
879	614
879	645
879	699
879	774
879	869
879	905
879	933
879	946
879	974
879	978
879	990
879	995
880	108
880	565
880	591
880	634
880	749
880	807
880	818
880	889
880	894
880	897
880	898
880	931
880	936
880	937
880	942
880	960
880	963
880	971
880	989
881	34
881	141
881	242
881	351
881	594
881	601
881	761
881	890
881	897
881	899
881	907
881	915
881	919
881	934
881	942
881	945
881	958
881	980
881	982
882	20
882	51
882	110
882	204
882	210
882	282
882	416
882	600
882	635
882	675
882	680
882	684
882	766
882	803
882	868
882	902
882	975
882	976
882	996
883	392
883	420
883	467
883	475
883	482
883	489
883	531
883	533
883	568
883	633
883	654
883	659
883	730
883	765
883	832
883	898
883	967
883	972
883	991
884	268
884	436
884	442
884	465
884	535
884	675
884	681
884	736
884	772
884	826
884	837
884	842
884	858
884	876
884	919
884	933
884	939
884	972
885	116
885	285
885	403
885	412
885	460
885	484
885	596
885	630
885	705
885	709
885	710
885	753
885	841
885	867
885	887
885	958
885	976
885	995
885	998
886	33
886	69
886	274
886	316
886	318
886	368
886	555
886	607
886	618
886	620
886	627
886	689
886	779
886	834
886	914
886	924
886	977
886	987
887	1
887	250
887	355
887	491
887	581
887	586
887	613
887	630
887	666
887	722
887	885
887	912
887	922
887	926
887	957
887	976
887	991
887	995
887	998
888	258
888	278
888	396
888	432
888	462
888	650
888	663
888	720
888	737
888	774
888	786
888	838
888	842
888	907
888	916
888	934
888	945
888	980
888	991
889	261
889	351
889	498
889	520
889	558
889	569
889	602
889	725
889	752
889	777
889	861
889	880
889	898
889	913
889	941
889	964
889	989
889	996
889	999
890	109
890	347
890	371
890	610
890	631
890	685
890	747
890	790
890	792
890	833
890	839
890	864
890	865
890	872
890	881
890	898
890	926
890	929
890	963
890	982
891	154
891	180
891	188
891	334
891	375
891	391
891	762
891	808
891	836
891	921
891	986
891	996
891	998
892	91
892	173
892	182
892	483
892	526
892	542
892	685
892	686
892	688
892	694
892	829
892	865
892	870
892	878
892	928
892	953
892	970
892	982
892	998
892	999
893	238
893	324
893	398
893	399
893	461
893	557
893	595
893	691
893	696
893	757
893	812
893	852
893	867
893	874
893	942
893	943
893	947
893	956
893	957
893	967
894	13
894	110
894	112
894	132
894	303
894	344
894	393
894	591
894	682
894	746
894	767
894	791
894	813
894	880
894	898
894	937
894	955
894	971
894	991
894	995
895	15
895	49
895	158
895	199
895	209
895	287
895	319
895	395
895	459
895	561
895	636
895	652
895	688
895	697
895	743
895	771
895	831
895	849
895	863
895	966
896	50
896	89
896	162
896	251
896	266
896	299
896	437
896	455
896	503
896	542
896	680
896	705
896	760
896	856
896	868
896	877
896	912
896	926
896	954
896	979
897	6
897	17
897	76
897	177
897	277
897	292
897	531
897	594
897	660
897	698
897	749
897	761
897	797
897	802
897	807
897	844
897	880
897	881
897	942
897	969
898	30
898	108
898	275
898	376
898	523
898	682
898	732
898	746
898	747
898	768
898	880
898	883
898	889
898	890
898	894
898	931
898	937
898	971
898	982
898	989
899	81
899	114
899	193
899	239
899	447
899	492
899	601
899	619
899	625
899	668
899	758
899	808
899	821
899	881
899	915
899	919
899	951
900	23
900	203
900	281
900	288
900	328
900	366
900	389
900	422
900	468
900	562
900	651
900	753
900	776
900	825
900	860
900	863
900	904
900	932
900	978
900	987
901	27
901	81
901	152
901	206
901	257
901	325
901	336
901	455
901	499
901	528
901	586
901	687
901	722
901	734
901	805
901	866
901	912
901	922
901	926
901	974
901	991
902	14
902	120
902	161
902	553
902	556
902	658
902	794
902	828
902	872
902	882
902	913
902	920
902	940
902	943
902	950
902	954
902	968
902	984
902	997
903	2
903	80
903	149
903	245
903	289
903	366
903	506
903	532
903	582
903	634
903	726
903	778
903	799
903	816
903	818
903	823
903	923
903	931
903	936
903	960
903	989
904	203
904	286
904	288
904	328
904	366
904	389
904	468
904	499
904	562
904	608
904	651
904	653
904	661
904	669
904	753
904	776
904	860
904	863
904	900
904	932
904	987
905	61
905	172
905	280
905	302
905	348
905	422
905	428
905	493
905	604
905	645
905	803
905	824
905	873
905	879
905	919
905	923
905	933
905	946
905	972
905	978
905	990
906	165
906	237
906	314
906	340
906	362
906	484
906	536
906	566
906	623
906	639
906	736
906	750
906	754
906	782
906	784
906	859
906	917
906	955
906	992
906	994
906	1000
907	246
907	278
907	309
907	425
907	432
907	462
907	663
907	737
907	786
907	809
907	838
907	868
907	881
907	888
907	916
907	934
907	945
907	959
907	974
907	980
907	991
908	46
908	233
908	457
908	514
908	526
908	606
908	614
908	629
908	788
908	878
908	909
908	914
908	927
908	935
908	952
908	959
908	969
908	990
908	993
908	996
908	997
909	65
909	255
909	269
909	308
909	327
909	481
909	573
909	674
909	712
909	716
909	797
909	857
909	863
909	868
909	908
909	952
909	959
909	969
909	991
909	995
909	997
910	15
910	219
910	226
910	358
910	380
910	409
910	416
910	445
910	471
910	473
910	495
910	615
910	648
910	683
910	853
910	856
910	857
910	862
910	867
910	877
910	927
910	979
911	143
911	208
911	381
911	508
911	541
911	550
911	585
911	735
911	841
911	848
911	869
911	872
911	919
911	938
911	961
911	968
911	970
911	972
911	974
911	988
912	211
912	306
912	491
912	503
912	547
912	612
912	613
912	626
912	628
912	705
912	734
912	830
912	847
912	862
912	877
912	887
912	896
912	901
912	922
912	979
912	991
912	1000
913	272
913	341
913	511
913	517
913	549
913	558
913	624
913	664
913	702
913	739
913	752
913	854
913	889
913	902
913	929
913	940
913	944
913	950
913	976
913	984
913	996
914	33
914	69
914	274
914	316
914	318
914	368
914	555
914	618
914	620
914	627
914	689
914	769
914	779
914	837
914	886
914	908
914	924
914	977
914	987
915	81
915	114
915	167
915	239
915	266
915	346
915	353
915	363
915	423
915	492
915	525
915	531
915	601
915	625
915	668
915	728
915	758
915	808
915	821
915	881
915	899
915	919
916	7
916	258
916	278
916	309
916	396
916	425
916	432
916	447
916	513
916	663
916	737
916	766
916	786
916	838
916	888
916	907
916	934
916	945
916	959
916	974
916	980
916	991
917	77
917	100
917	232
917	264
917	527
917	540
917	574
917	578
917	635
917	703
917	731
917	750
917	771
917	782
917	796
917	800
917	834
917	845
917	857
917	906
917	955
917	986
917	989
918	187
918	205
918	339
918	402
918	424
918	543
918	590
918	637
918	638
918	655
918	678
918	701
918	776
918	783
918	821
918	933
918	960
918	963
918	964
918	973
918	981
918	994
918	1000
919	53
919	232
919	239
919	466
919	601
919	603
919	635
919	804
919	820
919	842
919	848
919	858
919	876
919	881
919	884
919	899
919	905
919	911
919	915
919	938
919	939
919	961
919	988
920	98
920	103
920	126
920	271
920	470
920	479
920	496
920	576
920	605
920	665
920	693
920	742
920	828
920	865
920	902
920	927
920	932
920	940
920	950
920	955
920	970
920	972
920	984
921	38
921	40
921	44
921	115
921	154
921	180
921	188
921	195
921	228
921	281
921	334
921	375
921	391
921	400
921	552
921	569
921	576
921	808
921	836
921	843
921	865
921	891
921	996
921	998
922	72
922	152
922	170
922	204
922	257
922	336
922	369
922	528
922	586
922	619
922	687
922	703
922	722
922	728
922	734
922	805
922	866
922	887
922	901
922	912
922	923
922	925
922	926
922	991
923	71
923	350
923	411
923	446
923	451
923	643
923	711
923	780
923	791
923	818
923	823
923	903
923	905
923	922
923	928
923	931
923	946
923	953
923	955
923	960
923	970
923	972
923	989
923	990
924	33
924	69
924	274
924	316
924	318
924	361
924	368
924	485
924	555
924	618
924	620
924	627
924	628
924	689
924	709
924	758
924	779
924	837
924	873
924	886
924	914
924	977
924	987
925	102
925	174
925	175
925	212
925	303
925	384
925	454
925	484
925	491
925	494
925	505
925	567
925	608
925	667
925	676
925	710
925	724
925	814
925	853
925	869
925	872
925	922
925	933
925	962
925	994
926	50
926	96
926	116
926	253
926	273
926	299
926	331
926	483
926	579
926	789
926	792
926	805
926	855
926	865
926	866
926	868
926	869
926	877
926	887
926	890
926	896
926	901
926	922
926	930
926	982
927	25
927	29
927	93
927	148
927	305
927	345
927	383
927	501
927	502
927	513
927	530
927	788
927	796
927	798
927	820
927	908
927	910
927	920
927	929
927	955
927	976
927	991
927	992
927	998
927	999
928	5
928	57
928	58
928	71
928	76
928	138
928	142
928	207
928	362
928	446
928	474
928	531
928	542
928	579
928	686
928	756
928	839
928	851
928	892
928	923
928	953
928	954
928	955
928	958
928	994
929	134
929	315
929	347
929	363
929	388
929	394
929	449
929	558
929	611
929	637
929	656
929	685
929	725
929	752
929	788
929	851
929	864
929	890
929	913
929	927
929	975
929	982
929	990
929	996
929	999
930	107
930	206
930	272
930	341
930	472
930	514
930	522
930	549
930	614
930	636
930	716
930	723
930	726
930	729
930	731
930	775
930	785
930	815
930	847
930	851
930	867
930	926
930	944
930	976
930	979
931	2
931	200
931	289
931	300
931	353
931	363
931	434
931	474
931	506
931	532
931	634
931	680
931	765
931	778
931	799
931	803
931	816
931	818
931	823
931	880
931	898
931	903
931	923
931	936
931	960
931	989
932	52
932	75
932	80
932	98
932	265
932	305
932	413
932	515
932	560
932	562
932	565
932	593
932	624
932	731
932	763
932	776
932	817
932	845
932	860
932	900
932	904
932	920
932	986
932	987
932	997
933	106
933	174
933	494
933	667
933	676
933	711
933	879
933	884
933	905
933	918
933	925
933	946
933	951
933	961
933	963
933	965
933	967
933	973
933	978
933	981
933	983
933	985
933	990
933	994
933	995
933	1000
934	3
934	258
934	279
934	309
934	396
934	425
934	432
934	462
934	663
934	709
934	731
934	737
934	766
934	775
934	786
934	809
934	838
934	868
934	881
934	888
934	907
934	916
934	938
934	945
934	974
934	980
934	991
935	9
935	21
935	42
935	279
935	410
935	418
935	564
935	606
935	624
935	657
935	673
935	694
935	753
935	764
935	770
935	777
935	787
935	792
935	824
935	827
935	844
935	855
935	908
935	968
935	992
935	993
935	996
936	2
936	200
936	245
936	289
936	345
936	405
936	434
936	474
936	528
936	532
936	634
936	684
936	726
936	765
936	778
936	799
936	816
936	818
936	823
936	880
936	903
936	931
936	960
936	988
936	989
936	994
936	998
937	13
937	83
937	113
937	132
937	171
937	215
937	291
937	417
937	486
937	525
937	534
937	591
937	593
937	609
937	612
937	650
937	682
937	746
937	791
937	813
937	874
937	880
937	894
937	898
937	955
937	971
937	977
938	143
938	208
938	218
938	381
938	508
938	541
938	550
938	723
938	766
938	767
938	841
938	848
938	869
938	872
938	911
938	919
938	934
938	961
938	965
938	968
938	970
938	974
938	988
939	56
939	59
939	62
939	192
939	206
939	268
939	345
939	436
939	438
939	442
939	456
939	535
939	589
939	597
939	675
939	681
939	736
939	772
939	826
939	837
939	842
939	858
939	876
939	884
939	919
939	966
939	972
940	63
940	73
940	120
940	161
940	553
940	556
940	564
940	614
940	658
940	716
940	758
940	794
940	828
940	839
940	872
940	902
940	913
940	920
940	942
940	943
940	950
940	954
940	968
940	984
940	997
941	6
941	8
941	86
941	189
941	276
941	298
941	304
941	322
941	344
941	356
941	377
941	498
941	520
941	538
941	570
941	577
941	632
941	651
941	670
941	690
941	715
941	728
941	772
941	777
941	815
941	822
941	846
941	889
942	17
942	34
942	37
942	104
942	142
942	177
942	191
942	277
942	292
942	525
942	531
942	537
942	594
942	660
942	698
942	749
942	761
942	773
942	797
942	802
942	807
942	824
942	844
942	880
942	881
942	893
942	897
942	940
943	465
943	491
943	575
943	603
943	613
943	696
943	707
943	735
943	756
943	757
943	794
943	812
943	819
943	822
943	828
943	830
943	893
943	902
943	940
943	947
943	950
943	954
943	956
943	974
943	984
943	990
943	991
943	997
944	78
944	147
944	241
944	248
944	272
944	319
944	341
944	369
944	522
944	549
944	612
944	614
944	636
944	683
944	726
944	729
944	731
944	772
944	785
944	792
944	808
944	847
944	867
944	913
944	930
944	973
944	976
944	979
945	3
945	7
945	258
945	278
945	309
945	396
945	425
945	432
945	462
945	584
945	640
945	663
945	699
945	703
945	737
945	774
945	775
945	781
945	786
945	838
945	881
945	888
945	907
945	916
945	934
945	960
945	974
945	980
945	991
946	61
946	74
946	166
946	185
946	231
946	280
946	302
946	330
946	348
946	440
946	443
946	452
946	493
946	516
946	604
946	645
946	682
946	743
946	824
946	879
946	905
946	923
946	933
946	949
946	972
946	974
946	978
946	990
946	995
947	105
947	238
947	260
947	300
947	301
947	324
947	399
947	442
947	461
947	507
947	557
947	583
947	617
947	625
947	642
947	680
947	691
947	696
947	757
947	766
947	771
947	812
947	852
947	859
947	874
947	893
947	943
947	956
947	967
947	997
948	32
948	99
948	109
948	111
948	139
948	160
948	163
948	214
948	294
948	380
948	386
948	422
948	434
948	469
948	489
948	519
948	528
948	547
948	574
948	587
948	592
948	625
948	626
948	662
948	745
948	805
948	836
948	847
948	869
948	1000
949	102
949	125
949	130
949	262
949	291
949	296
949	303
949	344
949	372
949	378
949	390
949	413
949	419
949	421
949	472
949	480
949	500
949	534
949	599
949	679
949	695
949	708
949	717
949	738
949	766
949	767
949	853
949	871
949	875
949	946
950	59
950	63
950	73
950	120
950	161
950	182
950	206
950	291
950	553
950	556
950	612
950	634
950	658
950	700
950	702
950	794
950	828
950	839
950	872
950	902
950	913
950	920
950	940
950	943
950	954
950	955
950	968
950	981
950	984
950	997
951	70
951	144
951	311
951	384
951	393
951	414
951	431
951	441
951	453
951	509
951	697
951	714
951	733
951	795
951	810
951	816
951	835
951	850
951	861
951	873
951	899
951	933
951	958
951	965
951	967
951	975
951	978
951	983
951	985
951	986
952	43
952	65
952	155
952	157
952	192
952	216
952	242
952	260
952	269
952	276
952	308
952	327
952	450
952	456
952	534
952	573
952	680
952	712
952	716
952	826
952	857
952	863
952	868
952	908
952	909
952	959
952	969
952	991
952	997
952	1000
953	1
953	5
953	37
953	57
953	58
953	71
953	138
953	139
953	153
953	207
953	346
953	446
953	485
953	505
953	530
953	542
953	653
953	686
953	736
953	756
953	839
953	851
953	892
953	923
953	928
953	954
953	955
953	958
953	968
953	994
954	82
954	270
954	334
954	437
954	446
954	503
954	542
954	575
954	669
954	686
954	692
954	707
954	765
954	794
954	824
954	828
954	856
954	868
954	877
954	896
954	902
954	928
954	940
954	943
954	950
954	953
954	958
954	984
954	994
954	997
955	98
955	112
955	215
955	305
955	319
955	403
955	478
955	686
955	723
955	738
955	750
955	771
955	782
955	791
955	800
955	809
955	834
955	845
955	894
955	906
955	917
955	920
955	923
955	927
955	928
955	937
955	950
955	953
955	958
955	971
955	994
956	90
956	105
956	149
956	189
956	238
956	260
956	301
956	319
956	324
956	398
956	399
956	461
956	557
956	583
956	624
956	642
956	680
956	691
956	696
956	752
956	757
956	766
956	771
956	812
956	852
956	867
956	874
956	893
956	943
956	947
956	967
956	998
957	54
957	90
957	133
957	137
957	145
957	236
957	343
957	426
957	431
957	434
957	448
957	458
957	476
957	497
957	581
957	588
957	599
957	629
957	644
957	700
957	706
957	756
957	768
957	777
957	808
957	819
957	887
957	893
957	958
957	975
957	985
957	987
958	5
958	58
958	116
958	145
958	194
958	293
958	343
958	460
958	476
958	521
958	596
958	660
958	709
958	714
958	795
958	839
958	848
958	873
958	881
958	885
958	928
958	951
958	953
958	954
958	955
958	957
958	965
958	976
958	983
958	985
958	986
958	995
959	40
959	43
959	65
959	157
959	202
959	216
959	242
959	255
959	269
959	308
959	327
959	367
959	379
959	406
959	520
959	573
959	670
959	680
959	712
959	716
959	833
959	857
959	863
959	868
959	907
959	908
959	909
959	916
959	952
959	969
959	991
959	997
960	2
960	14
960	30
960	158
960	200
960	245
960	300
960	405
960	422
960	447
960	474
960	506
960	528
960	532
960	569
960	634
960	726
960	765
960	778
960	799
960	803
960	816
960	818
960	823
960	880
960	903
960	918
960	923
960	931
960	936
960	945
960	989
961	143
961	208
961	218
961	251
961	360
961	369
961	381
961	508
961	524
961	541
961	550
961	614
961	625
961	629
961	644
961	713
961	723
961	766
961	767
961	841
961	848
961	869
961	872
961	911
961	919
961	933
961	938
961	968
961	970
961	974
961	988
962	8
962	77
962	186
962	201
962	212
962	221
962	243
962	383
962	404
962	409
962	433
962	518
962	529
962	546
962	567
962	621
962	676
962	704
962	724
962	751
962	758
962	773
962	804
962	820
962	836
962	843
962	872
962	925
962	990
962	994
962	998
962	999
962	1000
963	16
963	26
963	43
963	80
963	88
963	127
963	187
963	205
963	277
963	339
963	402
963	424
963	543
963	590
963	636
963	637
963	638
963	655
963	662
963	678
963	701
963	783
963	821
963	867
963	880
963	890
963	918
963	933
963	964
963	973
963	981
963	994
963	1000
964	178
964	304
964	333
964	364
964	397
964	424
964	434
964	464
964	500
964	554
964	602
964	614
964	622
964	637
964	683
964	699
964	713
964	725
964	767
964	773
964	846
964	863
964	889
964	918
964	963
964	973
964	981
964	989
964	994
964	999
964	1000
965	24
965	47
965	70
965	84
965	127
965	297
965	311
965	384
965	414
965	453
965	504
965	505
965	544
965	622
965	714
965	733
965	735
965	795
965	810
965	840
965	850
965	861
965	873
965	933
965	938
965	951
965	958
965	967
965	975
965	978
965	983
965	985
965	986
965	995
966	10
966	29
966	49
966	55
966	119
966	123
966	124
966	134
966	155
966	199
966	255
966	395
966	415
966	429
966	456
966	459
966	538
966	561
966	595
966	642
966	652
966	668
966	688
966	740
966	743
966	762
966	771
966	821
966	831
966	849
966	857
966	863
966	895
966	939
967	173
967	181
967	226
967	260
967	295
967	323
967	392
967	429
967	511
967	557
967	729
967	744
967	801
967	812
967	832
967	847
967	850
967	852
967	873
967	883
967	893
967	933
967	947
967	951
967	956
967	965
967	977
967	983
967	985
967	988
967	995
968	244
968	349
968	427
968	439
968	541
968	651
968	673
968	674
968	762
968	763
968	768
968	769
968	770
968	787
968	794
968	828
968	848
968	902
968	911
968	935
968	938
968	940
968	950
968	953
968	961
968	970
968	974
968	980
968	984
968	988
968	989
968	993
968	996
968	997
969	43
969	65
969	76
969	156
969	157
969	167
969	216
969	242
969	269
969	276
969	308
969	327
969	356
969	367
969	379
969	456
969	486
969	534
969	550
969	573
969	670
969	712
969	716
969	739
969	857
969	863
969	868
969	897
969	908
969	909
969	952
969	959
969	991
969	997
970	12
970	103
970	126
970	164
970	256
970	267
970	284
970	312
970	352
970	398
970	411
970	451
970	470
970	508
970	550
970	619
970	640
970	643
970	650
970	665
970	683
970	771
970	780
970	829
970	848
970	870
970	892
970	911
970	920
970	923
970	938
970	961
970	968
970	988
970	996
970	999
971	12
971	13
971	83
971	100
971	112
971	113
971	132
971	195
971	228
971	235
971	291
971	355
971	363
971	369
971	417
971	486
971	489
971	525
971	534
971	591
971	593
971	609
971	682
971	746
971	791
971	813
971	859
971	874
971	880
971	894
971	898
971	937
971	955
971	981
971	995
971	997
972	23
972	67
972	159
972	249
972	348
972	475
972	479
972	598
972	639
972	646
972	671
972	692
972	693
972	702
972	710
972	711
972	736
972	760
972	817
972	826
972	842
972	858
972	876
972	883
972	884
972	905
972	911
972	920
972	923
972	939
972	946
972	974
972	990
972	992
972	999
973	16
973	26
973	88
973	92
973	94
973	187
973	205
973	319
973	339
973	400
973	402
973	424
973	472
973	543
973	579
973	590
973	637
973	638
973	642
973	655
973	662
973	676
973	678
973	783
973	809
973	821
973	867
973	918
973	933
973	944
973	963
973	964
973	974
973	981
973	994
973	999
973	1000
974	129
974	146
974	155
974	332
974	381
974	444
974	541
974	554
974	641
974	711
974	736
974	743
974	774
974	786
974	803
974	838
974	843
974	848
974	879
974	901
974	907
974	911
974	916
974	934
974	938
974	943
974	945
974	946
974	961
974	968
974	972
974	973
974	980
974	988
974	991
974	992
974	995
975	47
975	85
975	86
975	110
975	133
975	229
975	231
975	313
975	322
975	361
975	415
975	420
975	447
975	448
975	510
975	521
975	557
975	588
975	666
975	669
975	684
975	723
975	795
975	819
975	835
975	843
975	850
975	861
975	882
975	929
975	951
975	957
975	965
975	983
975	985
975	987
975	996
976	25
976	39
976	51
976	210
976	229
976	250
976	320
976	412
976	442
976	460
976	487
976	522
976	549
976	600
976	628
976	631
976	651
976	655
976	683
976	706
976	785
976	788
976	798
976	803
976	809
976	841
976	847
976	882
976	885
976	887
976	913
976	927
976	930
976	944
976	958
976	979
976	995
976	998
977	29
977	33
977	55
977	69
977	75
977	90
977	115
977	153
977	170
977	194
977	241
977	266
977	274
977	316
977	318
977	353
977	365
977	368
977	380
977	447
977	485
977	509
977	555
977	618
977	620
977	627
977	628
977	689
977	709
977	758
977	779
977	837
977	886
977	914
977	924
977	937
977	967
977	987
978	164
978	246
978	248
978	254
978	263
978	280
978	329
978	360
978	364
978	385
978	493
978	523
978	544
978	576
978	607
978	645
978	649
978	661
978	736
978	795
978	806
978	811
978	837
978	861
978	873
978	879
978	900
978	905
978	933
978	946
978	951
978	965
978	983
978	985
978	986
978	990
979	15
979	82
979	100
979	147
979	211
979	303
979	312
979	358
979	437
979	445
979	467
979	503
979	514
979	568
979	601
979	605
979	612
979	615
979	623
979	631
979	633
979	716
979	727
979	730
979	775
979	785
979	830
979	832
979	853
979	857
979	862
979	868
979	877
979	896
979	910
979	912
979	930
979	944
979	976
980	3
980	7
980	75
980	183
980	234
980	258
980	278
980	309
980	393
980	396
980	425
980	432
980	452
980	462
980	554
980	584
980	629
980	650
980	663
980	699
980	703
980	709
980	731
980	737
980	766
980	774
980	775
980	786
980	809
980	838
980	881
980	888
980	907
980	916
980	934
980	945
980	968
980	974
980	991
981	12
981	16
981	26
981	104
981	124
981	137
981	187
981	240
981	325
981	339
981	356
981	400
981	402
981	424
981	472
981	543
981	579
981	590
981	600
981	637
981	638
981	642
981	655
981	662
981	678
981	701
981	783
981	809
981	821
981	867
981	918
981	933
981	950
981	963
981	964
981	971
981	973
981	994
981	1000
982	91
982	141
982	182
982	228
982	232
982	315
982	347
982	351
982	371
982	413
982	483
982	505
982	579
982	595
982	599
982	610
982	631
982	632
982	642
982	685
982	730
982	732
982	744
982	747
982	756
982	764
982	790
982	792
982	833
982	839
982	864
982	865
982	872
982	881
982	890
982	892
982	898
982	926
982	929
982	1000
983	47
983	70
983	84
983	100
983	144
983	223
983	297
983	311
983	325
983	414
983	423
983	441
983	453
983	509
983	540
983	544
983	559
983	609
983	714
983	733
983	735
983	764
983	795
983	810
983	835
983	836
983	850
983	856
983	861
983	873
983	933
983	951
983	958
983	965
983	967
983	975
983	978
983	985
983	986
983	995
984	56
984	63
984	73
984	120
984	149
984	161
984	194
984	283
984	286
984	346
984	360
984	369
984	418
984	486
984	489
984	524
984	534
984	535
984	553
984	556
984	612
984	625
984	658
984	700
984	702
984	713
984	716
984	794
984	828
984	839
984	872
984	902
984	913
984	920
984	940
984	943
984	950
984	954
984	968
984	997
985	12
985	47
985	84
985	130
985	144
985	297
985	311
985	393
985	414
985	423
985	431
985	441
985	453
985	505
985	544
985	609
985	620
985	714
985	733
985	735
985	787
985	795
985	810
985	835
985	850
985	856
985	861
985	873
985	933
985	951
985	957
985	958
985	965
985	967
985	975
985	978
985	983
985	986
985	987
985	995
986	45
986	52
986	55
986	213
986	226
986	247
986	265
986	346
986	407
986	438
986	487
986	544
986	548
986	551
986	560
986	564
986	565
986	617
986	711
986	720
986	726
986	774
986	793
986	795
986	807
986	809
986	810
986	840
986	845
986	846
986	873
986	891
986	917
986	932
986	951
986	958
986	965
986	978
986	983
986	985
986	992
986	997
987	31
987	38
987	44
987	102
987	135
987	186
987	222
987	288
987	293
987	343
987	346
987	359
987	389
987	458
987	488
987	492
987	555
987	562
987	581
987	618
987	620
987	627
987	666
987	689
987	700
987	719
987	776
987	779
987	819
987	841
987	860
987	886
987	900
987	904
987	914
987	924
987	932
987	957
987	975
987	977
987	985
988	40
988	119
988	137
988	143
988	149
988	170
988	208
988	218
988	223
988	234
988	255
988	285
988	291
988	330
988	381
988	384
988	433
988	508
988	524
988	541
988	550
988	564
988	614
988	625
988	629
988	644
988	713
988	723
988	766
988	767
988	841
988	848
988	869
988	872
988	911
988	919
988	936
988	938
988	961
988	967
988	968
988	970
988	974
988	993
989	20
989	49
989	108
989	163
989	190
989	245
989	261
989	281
989	353
989	354
989	389
989	427
989	439
989	440
989	450
989	468
989	506
989	518
989	545
989	569
989	584
989	602
989	674
989	725
989	728
989	758
989	763
989	769
989	799
989	816
989	818
989	823
989	880
989	889
989	898
989	903
989	917
989	923
989	931
989	936
989	960
989	964
989	968
989	999
990	39
990	61
990	128
990	136
990	169
990	172
990	186
990	221
990	233
990	266
990	302
990	364
990	387
990	404
990	440
990	442
990	513
990	529
990	546
990	607
990	611
990	649
990	661
990	758
990	788
990	811
990	824
990	837
990	842
990	857
990	879
990	905
990	908
990	923
990	929
990	933
990	943
990	946
990	962
990	972
990	978
990	993
990	1000
991	217
991	310
991	336
991	365
991	423
991	476
991	499
991	567
991	571
991	573
991	586
991	613
991	712
991	722
991	734
991	735
991	737
991	786
991	805
991	830
991	838
991	866
991	883
991	887
991	888
991	894
991	901
991	907
991	909
991	912
991	916
991	922
991	927
991	934
991	943
991	945
991	952
991	959
991	969
991	974
991	980
991	997
992	10
992	106
992	140
992	146
992	148
992	271
992	279
992	281
992	284
992	332
992	349
992	410
992	418
992	452
992	496
992	501
992	502
992	530
992	537
992	554
992	598
992	606
992	619
992	646
992	654
992	657
992	681
992	718
992	736
992	757
992	774
992	788
992	798
992	824
992	827
992	835
992	843
992	844
992	874
992	906
992	927
992	935
992	972
992	974
992	986
992	993
992	996
993	9
993	21
993	42
993	75
993	140
993	153
993	263
993	279
993	330
993	367
993	379
993	400
993	405
993	407
993	410
993	417
993	418
993	449
993	457
993	472
993	497
993	533
993	564
993	606
993	657
993	673
993	694
993	713
993	756
993	762
993	764
993	767
993	770
993	777
993	787
993	792
993	824
993	827
993	836
993	844
993	908
993	935
993	968
993	988
993	990
993	992
993	996
994	57
994	165
994	175
994	207
994	241
994	248
994	340
994	382
994	408
994	446
994	454
994	494
994	542
994	566
994	567
994	590
994	598
994	599
994	606
994	608
994	653
994	662
994	667
994	678
994	681
994	686
994	701
994	724
994	728
994	756
994	783
994	784
994	814
994	859
994	906
994	918
994	925
994	928
994	933
994	936
994	953
994	954
994	955
994	962
994	963
994	964
994	973
994	981
995	13
995	41
995	70
995	116
995	130
995	172
995	215
995	314
995	365
995	403
995	414
995	443
995	575
995	596
995	604
995	612
995	630
995	645
995	682
995	710
995	735
995	743
995	767
995	771
995	791
995	795
995	810
995	813
995	841
995	861
995	873
995	874
995	879
995	885
995	887
995	894
995	909
995	933
995	946
995	958
995	965
995	967
995	971
995	974
995	976
995	983
995	985
995	998
996	6
996	20
996	42
996	137
996	154
996	180
996	188
996	276
996	334
996	375
996	391
996	420
996	440
996	447
996	448
996	558
996	593
996	606
996	619
996	631
996	635
996	673
996	752
996	766
996	770
996	787
996	803
996	808
996	812
996	828
996	836
996	862
996	882
996	889
996	891
996	908
996	913
996	921
996	929
996	935
996	968
996	970
996	975
996	992
996	993
996	998
997	52
997	117
997	135
997	156
997	197
997	269
997	308
997	317
997	335
997	365
997	552
997	556
997	560
997	573
997	576
997	584
997	617
997	658
997	669
997	700
997	712
997	716
997	743
997	764
997	794
997	822
997	828
997	841
997	846
997	853
997	874
997	902
997	908
997	909
997	932
997	940
997	943
997	947
997	950
997	952
997	954
997	959
997	968
997	969
997	971
997	984
997	986
997	991
998	46
998	53
998	55
998	101
998	151
998	154
998	182
998	188
998	259
998	305
998	334
998	337
998	375
998	391
998	412
998	430
998	477
998	484
998	490
998	526
998	593
998	596
998	616
998	628
998	636
998	670
998	721
998	753
998	759
998	800
998	817
998	841
998	876
998	878
998	885
998	887
998	891
998	892
998	921
998	927
998	936
998	956
998	962
998	976
998	995
998	996
999	4
999	48
999	96
999	118
999	198
999	227
999	256
999	261
999	267
999	287
999	290
999	300
999	326
999	328
999	338
999	352
999	388
999	394
999	440
999	450
999	466
999	488
999	490
999	584
999	602
999	629
999	640
999	646
999	656
999	668
999	704
999	725
999	728
999	754
999	804
999	820
999	829
999	846
999	870
999	889
999	892
999	927
999	929
999	962
999	964
999	970
999	972
999	973
999	989
1000	32
1000	115
1000	136
1000	176
1000	186
1000	193
1000	196
1000	221
1000	237
1000	286
1000	362
1000	404
1000	443
1000	469
1000	522
1000	529
1000	535
1000	536
1000	546
1000	547
1000	587
1000	592
1000	625
1000	626
1000	637
1000	639
1000	662
1000	678
1000	701
1000	742
1000	745
1000	758
1000	783
1000	835
1000	836
1000	839
1000	906
1000	912
1000	918
1000	933
1000	948
1000	952
1000	962
1000	963
1000	964
1000	973
1000	981
1000	982
1000	990
