1	693
1	797
1	838
1	879
2	733
2	815
2	836
2	992
3	597
3	735
3	822
3	998
4	187
4	796
4	809
4	1000
5	204
5	604
5	676
5	871
6	788
6	820
6	916
6	917
7	60
7	924
7	930
7	942
8	650
8	670
8	836
8	974
9	360
9	481
9	728
9	821
10	111
10	499
10	900
10	964
11	195
11	347
11	970
11	998
12	409
12	703
12	962
12	967
13	615
13	891
13	971
14	785
14	798
14	835
14	998
15	853
15	923
15	926
15	973
16	193
16	236
16	866
16	967
17	615
17	891
17	971
17	1000
18	34
18	790
18	864
18	993
19	567
19	622
19	739
19	828
20	873
20	897
20	952
20	968
21	65
21	257
21	265
21	672
22	827
22	896
22	947
22	958
22	995
23	417
23	650
23	964
23	996
24	641
24	941
24	963
24	988
25	280
25	593
25	887
25	955
26	288
26	772
26	908
26	999
27	671
27	906
27	921
27	922
28	687
28	825
28	886
28	941
29	938
29	965
29	980
29	992
30	450
30	893
30	981
30	989
31	742
31	851
31	880
31	998
32	52
32	777
32	979
32	996
33	880
33	898
33	928
33	995
34	18
34	631
34	796
34	937
35	297
35	710
35	778
35	960
36	821
36	991
36	992
36	993
37	853
37	885
37	923
37	973
38	281
38	919
38	975
38	984
39	696
39	759
39	829
39	930
40	773
40	793
40	913
40	935
41	798
41	835
41	915
41	970
42	715
42	839
42	876
42	908
43	570
43	659
43	915
43	1000
44	284
44	776
44	969
44	970
45	429
45	481
45	720
45	821
46	841
46	940
46	958
46	976
47	903
47	950
47	986
47	996
48	761
48	939
48	983
48	989
48	992
48	994
49	103
49	106
49	366
49	412
50	656
50	702
50	760
50	980
51	424
51	763
51	914
51	993
52	32
52	267
52	693
52	777
53	773
53	836
53	953
53	980
54	791
54	854
54	977
54	983
55	795
55	850
55	961
55	997
56	846
56	940
56	975
56	984
57	874
57	927
57	982
57	991
58	363
58	943
58	954
58	994
59	602
59	959
59	962
59	972
60	7
60	930
60	942
60	963
61	677
61	754
61	821
61	912
62	504
62	819
62	876
62	908
63	870
63	914
63	945
63	949
64	190
64	943
64	954
64	994
65	21
65	922
65	993
65	994
66	519
66	947
66	949
66	991
67	476
67	896
67	924
67	959
68	885
68	923
68	926
68	973
69	939
69	950
69	985
69	987
70	809
70	878
70	903
70	990
71	682
71	794
71	804
71	999
72	714
72	811
72	916
72	995
73	642
73	686
73	894
73	998
74	823
74	949
74	968
74	975
74	997
75	786
75	791
75	950
75	958
76	331
76	762
76	787
76	880
76	983
77	242
77	625
77	855
77	993
78	796
78	836
78	894
78	972
78	973
79	874
79	927
79	982
79	991
80	437
80	503
80	723
80	971
81	227
81	584
81	871
81	909
82	406
82	908
82	947
82	978
83	664
83	798
83	863
83	947
83	984
84	688
84	694
84	714
84	787
85	91
85	152
85	556
85	752
86	210
86	531
86	855
86	993
87	837
87	961
87	972
87	979
88	250
88	711
88	848
88	974
89	598
89	829
89	930
89	957
90	173
90	396
90	790
90	840
91	85
91	776
91	847
91	947
91	995
92	184
92	743
92	760
92	967
92	983
92	994
93	392
93	682
93	804
93	942
94	567
94	600
94	960
94	1000
95	944
95	968
95	985
95	986
96	515
96	595
96	977
96	983
97	268
97	943
97	954
97	994
98	583
98	667
98	871
98	974
99	836
99	908
99	968
99	974
99	1000
100	919
100	975
100	977
100	984
101	679
101	826
101	844
101	888
102	680
102	749
102	811
102	896
103	49
103	106
103	366
103	831
104	852
104	854
104	977
104	983
105	893
105	920
105	981
105	989
106	49
106	103
106	486
106	635
107	394
107	600
107	896
107	1000
108	743
108	829
108	896
108	907
109	722
109	778
109	787
109	968
109	974
110	543
110	585
110	806
110	879
111	10
111	132
111	352
111	900
112	442
112	743
112	857
112	911
113	254
113	811
113	910
113	976
114	518
114	777
114	818
114	979
115	429
115	603
115	678
115	821
116	894
116	919
116	975
116	984
117	763
117	852
117	863
117	922
117	924
118	207
118	389
118	871
118	995
118	997
119	601
119	630
119	748
119	967
120	666
120	706
120	761
120	827
121	854
121	969
121	977
121	983
122	393
122	530
122	616
122	931
123	618
123	882
123	952
123	985
123	990
123	994
124	940
124	967
124	977
124	983
125	784
125	861
125	862
125	950
126	571
126	856
126	865
126	880
127	703
127	835
127	856
127	981
128	577
128	829
128	947
128	988
129	919
129	927
129	975
129	984
130	785
130	798
130	835
130	998
131	570
131	586
131	785
131	887
131	922
132	111
132	430
132	523
132	779
133	160
133	863
133	910
133	992
134	518
134	693
134	777
134	934
135	659
135	676
135	872
135	984
136	676
136	871
136	946
136	967
137	634
137	854
137	977
137	983
138	520
138	871
138	966
138	997
139	740
139	790
139	840
139	1000
140	870
140	914
140	945
140	949
141	557
141	827
141	982
141	990
141	1000
142	490
142	626
142	716
142	925
143	197
143	455
143	511
143	586
144	362
144	623
144	823
144	930
145	664
145	739
145	844
145	921
145	985
146	901
146	916
146	917
146	935
146	968
147	381
147	787
147	975
147	986
148	673
148	762
148	867
148	969
149	603
149	882
149	993
149	995
150	505
150	760
150	880
150	910
151	919
151	975
151	980
151	984
152	85
152	585
152	752
152	970
153	626
153	724
153	863
153	901
153	999
154	440
154	768
154	959
154	1000
155	376
155	786
155	935
155	973
156	584
156	676
156	871
156	909
157	262
157	451
157	796
157	1000
158	273
158	876
158	908
158	980
159	755
159	791
159	814
159	996
160	133
160	278
160	512
160	834
161	490
161	626
161	714
161	925
162	500
162	965
162	980
162	992
163	460
163	586
163	888
163	918
163	979
164	451
164	631
164	946
164	1000
165	201
165	211
165	834
165	976
166	358
166	495
166	514
166	1000
167	470
167	690
167	746
167	907
168	438
168	700
168	752
168	875
169	492
169	590
169	878
169	924
170	823
170	890
170	901
170	990
170	994
171	803
171	855
171	900
171	993
172	254
172	487
172	825
172	866
173	90
173	740
173	790
173	840
174	330
174	932
174	965
174	992
175	880
175	886
175	992
175	998
176	426
176	629
176	948
176	958
177	873
177	897
177	952
177	968
178	822
178	864
178	972
178	980
179	607
179	702
179	760
179	782
180	820
180	916
180	917
180	999
181	800
181	902
181	939
181	947
182	735
182	816
182	878
182	990
183	285
183	925
183	945
183	995
184	92
184	887
184	955
184	976
185	832
185	872
185	928
185	995
186	192
186	455
186	511
186	586
187	4
187	797
187	856
187	858
188	271
188	292
188	407
188	538
189	358
189	875
189	959
189	1000
190	64
190	902
190	939
190	947
191	742
191	810
191	851
191	880
192	186
192	928
192	982
192	986
193	16
193	236
193	333
193	967
194	749
194	888
194	935
194	985
195	11
195	452
195	820
195	998
196	785
196	835
196	860
196	970
197	143
197	455
197	511
197	586
198	421
198	820
198	916
198	917
199	321
199	406
199	905
199	997
200	214
200	914
200	945
200	949
201	165
201	865
201	967
201	995
201	1000
202	858
202	958
202	991
202	994
203	615
203	894
203	947
203	986
204	5
204	871
204	909
204	967
205	834
205	901
205	921
205	983
205	984
206	706
206	922
206	925
206	970
206	998
207	118
207	670
207	836
207	969
207	986
208	679
208	826
208	844
208	888
209	669
209	803
209	855
209	993
210	86
210	863
210	955
210	968
210	974
210	982
211	165
211	475
211	620
211	834
212	458
212	850
212	891
212	961
213	342
213	367
213	522
213	889
214	200
214	838
214	888
214	968
214	986
215	797
215	856
215	858
215	979
216	627
216	695
216	827
216	907
216	992
217	429
217	436
217	603
217	754
218	325
218	358
218	959
218	1000
219	938
219	944
219	985
219	986
220	938
220	944
220	985
220	986
221	822
221	867
221	958
221	993
222	632
222	893
222	981
222	989
223	620
223	781
223	973
223	994
224	596
224	695
224	701
224	879
225	430
225	499
225	806
225	964
226	955
226	963
226	992
226	993
227	81
227	695
227	879
227	972
228	380
228	516
228	722
228	909
229	885
229	923
229	926
229	973
230	686
230	894
230	955
230	998
231	564
231	598
231	865
231	918
231	973
232	748
232	814
232	952
232	994
233	420
233	943
233	954
233	994
234	383
234	891
234	910
234	982
235	513
235	876
235	908
235	980
236	16
236	193
236	866
236	967
237	406
237	520
237	966
237	997
238	584
238	871
238	934
238	967
239	297
239	710
239	778
239	960
239	988
240	330
240	701
240	965
240	987
240	992
241	814
241	822
241	840
241	921
241	950
242	77
242	614
242	662
242	925
242	993
243	388
243	521
243	564
243	576
243	912
244	846
244	919
244	923
244	975
244	984
245	807
245	881
245	902
245	939
245	947
246	338
246	703
246	752
246	867
246	991
247	689
247	811
247	979
248	782
248	863
248	973
248	974
248	989
249	516
249	593
249	887
249	955
249	976
250	88
250	736
250	747
250	856
250	951
251	481
251	678
251	821
251	866
251	986
252	316
252	829
252	930
252	957
252	993
253	331
253	391
253	492
253	896
253	924
254	113
254	172
254	763
254	941
254	966
255	663
255	852
255	856
255	913
255	961
255	995
256	723
256	922
256	955
256	995
256	998
257	21
257	536
257	726
257	894
257	974
258	349
258	531
258	536
258	574
258	718
259	886
259	888
259	926
259	990
259	991
260	462
260	613
260	690
260	716
260	907
261	772
261	884
261	908
261	990
261	999
262	157
262	631
262	796
262	937
262	994
263	832
263	872
263	898
263	928
263	995
264	843
264	947
264	955
264	958
264	991
265	21
265	292
265	293
265	655
265	672
266	567
266	600
266	831
266	833
266	960
267	52
267	518
267	693
267	777
267	866
268	97
268	363
268	943
268	954
268	994
269	590
269	649
269	935
269	983
269	993
270	823
270	877
270	891
270	930
270	942
271	188
271	827
271	864
271	867
271	918
272	507
272	692
272	816
272	878
272	990
273	158
273	819
273	876
273	881
273	908
274	869
274	893
274	920
274	981
274	989
275	447
275	748
275	751
275	866
275	967
276	722
276	910
276	918
276	989
276	994
277	787
277	894
277	950
277	992
277	995
278	160
278	436
278	844
278	903
278	914
279	479
279	664
279	820
279	841
280	25
280	766
280	887
280	905
280	955
281	38
281	864
281	961
281	973
281	982
281	990
282	342
282	367
282	475
282	683
282	770
283	666
283	706
283	761
283	827
283	992
284	44
284	776
284	884
284	969
284	970
285	183
285	794
285	804
285	830
285	999
286	760
286	870
286	914
286	945
286	949
287	318
287	712
287	845
287	975
287	984
288	26
288	443
288	943
288	954
288	994
289	440
289	670
289	778
289	880
289	994
290	387
290	587
290	989
290	991
290	992
291	739
291	749
291	884
291	918
291	985
292	188
292	265
292	624
292	636
292	672
293	265
293	827
293	894
293	950
293	958
293	975
294	631
294	805
294	817
294	955
294	958
295	520
295	711
295	716
295	817
295	974
296	419
296	682
296	934
296	983
296	995
297	35
297	239
297	710
297	778
297	960
298	509
298	675
298	891
298	965
298	992
299	933
299	938
299	944
299	985
299	986
300	839
300	872
300	898
300	928
300	995
301	605
301	620
301	901
301	904
301	988
302	845
302	846
302	919
302	975
302	984
303	374
303	608
303	855
303	942
303	993
304	643
304	680
304	731
304	864
304	956
305	461
305	478
305	663
305	722
305	843
306	703
306	912
306	934
306	962
306	967
307	498
307	521
307	564
307	576
307	721
308	618
308	912
308	921
308	926
308	992
308	995
309	338
309	494
309	575
309	889
309	911
310	640
310	697
310	828
310	910
310	946
311	874
311	927
311	982
311	988
311	991
312	784
312	861
312	862
312	932
312	950
313	711
313	817
313	842
313	963
313	974
314	785
314	798
314	835
314	971
314	998
315	469
315	558
315	705
315	852
315	905
316	252
316	466
316	575
316	829
316	931
317	623
317	787
317	877
317	983
317	992
318	287
318	669
318	774
318	803
318	993
319	630
319	748
319	751
319	948
319	960
320	525
320	740
320	790
320	840
320	1000
321	199
321	774
321	933
321	966
321	997
322	632
322	731
322	918
322	945
322	994
322	995
323	431
323	439
323	670
323	812
323	994
324	632
324	772
324	881
324	896
324	973
324	992
325	218
325	358
325	541
325	568
325	1000
326	413
326	733
326	815
326	836
326	903
327	784
327	861
327	862
327	892
327	950
328	599
328	874
328	927
328	982
328	991
329	874
329	927
329	970
329	982
329	991
330	174
330	240
330	701
330	965
330	992
331	76
331	253
331	838
331	896
331	924
332	464
332	685
332	750
332	786
332	997
333	193
333	917
333	957
333	983
333	989
334	789
334	873
334	897
334	952
334	968
335	751
335	843
335	955
335	974
335	994
336	373
336	755
336	791
336	814
336	996
337	700
337	710
337	823
337	827
337	863
337	947
338	246
338	309
338	529
338	856
338	880
338	991
339	739
339	905
339	939
339	992
339	993
340	420
340	594
340	943
340	954
340	994
341	507
341	816
341	878
341	959
341	990
342	213
342	282
342	360
342	604
342	683
343	880
343	901
343	955
343	985
343	994
344	816
344	856
344	878
344	903
344	990
345	873
345	897
345	952
345	968
345	995
346	558
346	705
346	852
346	899
346	996
347	11
347	369
347	957
347	970
347	998
348	438
348	556
348	700
348	936
348	970
349	258
349	536
349	560
349	806
349	892
350	726
350	788
350	820
350	916
350	917
351	591
351	805
351	886
351	963
351	980
352	111
352	430
352	499
352	941
352	964
353	544
353	781
353	850
353	913
353	935
354	711
354	873
354	897
354	952
354	968
355	534
355	568
355	621
355	738
355	865
356	672
356	917
356	969
356	974
356	984
357	710
357	778
357	782
357	960
358	166
358	189
358	218
358	325
358	495
359	822
359	871
359	876
359	952
359	955
359	965
360	9
360	342
360	703
360	911
360	990
361	469
361	558
361	657
361	852
361	996
362	144
362	494
362	623
362	823
362	997
363	58
363	268
363	943
363	954
363	994
364	854
364	905
364	969
364	977
364	983
365	781
365	793
365	913
365	935
365	976
366	49
366	103
366	466
366	645
366	831
367	213
367	282
367	733
367	770
367	889
368	580
368	870
368	914
368	945
368	949
369	347
369	772
369	876
369	908
369	999
370	796
370	811
370	827
370	953
370	991
371	398
371	414
371	499
371	523
371	964
372	412
372	530
372	661
372	695
372	943
373	336
373	788
373	820
373	916
373	917
374	303
374	433
374	669
374	803
374	855
375	761
375	864
375	906
375	942
375	950
375	999
376	155
376	462
376	690
376	746
376	907
377	465
377	882
377	911
377	955
377	982
377	985
378	500
378	670
378	835
378	949
378	983
379	791
379	964
379	987
379	989
379	992
380	228
380	461
380	722
380	843
380	876
381	147
381	442
381	624
381	743
381	911
382	870
382	880
382	914
382	945
382	949
383	234
383	457
383	755
383	791
383	814
384	633
384	663
384	961
384	979
384	997
385	717
385	794
385	804
385	942
385	999
386	830
386	872
386	898
386	928
386	995
387	290
387	821
387	865
387	894
387	974
387	978
388	243
388	521
388	576
388	628
388	633
389	118
389	653
389	697
389	847
389	910
390	794
390	894
390	968
390	983
390	994
391	253
391	476
391	838
391	896
391	924
392	93
392	682
392	794
392	804
392	999
393	122
393	585
393	879
393	890
393	986
394	107
394	561
394	567
394	960
394	1000
395	710
395	751
395	792
395	798
395	823
395	901
396	90
396	740
396	744
396	790
396	840
396	1000
397	419
397	508
397	656
397	660
397	760
397	782
398	371
398	809
398	878
398	903
398	930
398	990
399	650
399	804
399	889
399	910
399	958
399	996
400	432
400	742
400	851
400	880
400	932
400	998
401	575
401	606
401	649
401	690
401	746
401	907
402	726
402	788
402	820
402	916
402	917
402	972
403	736
403	856
403	858
403	979
403	987
403	1000
404	615
404	814
404	886
404	990
404	994
404	996
405	610
405	657
405	818
405	978
406	82
406	199
406	237
406	780
406	966
406	997
407	188
407	449
407	498
407	553
407	559
407	724
408	617
408	852
408	901
408	924
408	983
408	987
409	12
409	599
409	850
409	905
409	961
409	978
410	445
410	769
410	847
410	957
410	970
410	998
411	623
411	823
411	847
411	859
411	990
411	997
412	49
412	372
412	631
412	632
412	804
412	879
413	326
413	733
413	815
413	836
413	866
414	371
414	714
414	822
414	889
414	914
414	922
415	743
415	778
415	896
415	924
415	961
415	973
416	929
416	933
416	938
416	944
416	985
416	986
417	23
417	650
417	909
417	964
417	996
418	757
418	801
418	874
418	927
418	982
418	991
419	296
419	397
419	508
419	760
419	847
419	966
420	233
420	340
420	932
420	943
420	954
420	994
421	198
421	670
421	880
421	907
421	949
421	989
422	555
422	717
422	882
422	915
422	918
422	997
423	503
423	565
423	749
423	949
423	993
423	994
424	51
424	511
424	674
424	910
424	930
424	992
425	708
425	849
425	873
425	897
425	952
425	968
426	176
426	948
426	958
426	976
426	988
426	996
427	765
427	789
427	873
427	897
427	952
427	968
428	524
428	679
428	826
428	844
428	888
428	900
429	45
429	115
429	217
429	603
429	728
429	821
430	132
430	225
430	352
430	468
430	523
430	941
431	323
431	439
431	670
431	687
431	734
431	910
432	400
432	742
432	780
432	851
432	880
432	998
433	374
433	698
433	803
433	855
433	900
433	993
434	548
434	573
434	738
434	837
434	865
434	890
435	591
435	645
435	732
435	805
435	886
435	963
436	217
436	278
436	678
436	754
436	821
436	866
437	80
437	503
437	626
437	723
437	957
437	971
438	168
438	348
438	556
438	700
438	752
438	898
439	323
439	431
439	466
439	670
439	718
439	812
440	154
440	289
440	495
440	562
440	959
440	1000
441	807
441	881
441	902
441	939
441	947
441	973
442	112
442	381
442	537
442	743
442	813
442	911
443	288
443	875
443	932
443	943
443	954
443	994
444	575
444	789
444	873
444	897
444	952
444	968
445	410
445	452
445	494
445	957
445	970
445	976
446	544
446	641
446	681
446	723
446	888
446	949
447	275
447	622
447	739
447	894
447	973
447	999
448	613
448	649
448	690
448	712
448	877
448	907
449	407
449	498
449	540
449	766
449	892
449	994
450	30
450	679
450	801
450	826
450	844
450	888
451	157
451	164
451	631
451	796
451	946
451	1000
452	195
452	445
452	668
452	769
452	847
452	998
453	843
453	853
453	885
453	923
453	926
453	973
454	560
454	815
454	877
454	945
454	985
454	987
455	143
455	186
455	197
455	511
455	563
455	586
456	819
456	878
456	975
456	982
456	985
456	986
457	383
457	755
457	774
457	791
457	814
457	962
458	212
458	668
458	737
458	961
458	964
458	972
459	824
459	843
459	889
459	945
459	969
459	993
460	163
460	776
460	864
460	887
460	986
460	988
461	305
461	380
461	663
461	753
461	754
461	843
462	260
462	376
462	649
462	746
462	804
462	907
463	646
463	874
463	927
463	962
463	982
463	991
464	332
464	685
464	750
464	786
464	814
464	997
465	377
465	854
465	956
465	967
465	977
465	983
466	316
466	366
466	439
466	817
466	894
466	983
467	869
467	876
467	893
467	920
467	981
467	989
468	430
468	481
468	875
468	975
468	984
468	991
469	315
469	361
469	705
469	852
469	899
469	996
470	167
470	613
470	649
470	690
470	907
470	956
471	778
471	856
471	864
471	882
471	904
471	986
472	608
472	732
472	784
472	861
472	862
472	950
473	757
473	874
473	927
473	982
473	988
473	991
474	534
474	621
474	738
474	865
474	884
474	899
475	211
475	282
475	498
475	746
475	838
475	968
476	67
476	391
476	683
476	838
476	896
476	924
477	503
477	723
477	812
477	946
477	957
477	971
478	305
478	516
478	722
478	843
478	936
478	969
479	279
479	638
479	664
479	674
479	704
479	841
480	722
480	794
480	935
480	950
480	974
480	983
481	9
481	45
481	251
481	468
481	551
481	891
482	800
482	839
482	872
482	898
482	928
482	995
483	768
483	864
483	868
483	886
483	958
483	990
484	664
484	754
484	799
484	958
484	972
484	976
484	993
485	662
485	669
485	698
485	855
485	928
485	993
486	106
486	653
486	739
486	834
486	955
486	984
487	172
487	665
487	763
487	779
487	825
487	938
488	756
488	789
488	873
488	897
488	952
488	968
489	498
489	570
489	659
489	867
489	984
489	993
489	1000
490	142
490	161
490	756
490	778
490	829
490	876
490	880
491	907
491	908
491	961
491	977
491	983
491	990
491	995
492	169
492	253
492	590
492	659
492	838
492	896
492	924
493	580
493	870
493	914
493	945
493	949
493	957
493	978
494	309
494	362
494	445
494	916
494	947
494	981
494	989
495	166
495	358
495	440
495	619
495	875
495	959
495	1000
496	757
496	784
496	874
496	927
496	962
496	982
496	991
497	763
497	825
497	918
497	942
497	947
497	963
497	995
498	307
498	407
498	449
498	475
498	489
498	553
498	828
499	10
499	225
499	352
499	371
499	523
499	806
499	964
500	162
500	378
500	509
500	675
500	965
500	987
500	992
501	748
501	887
501	935
501	945
501	955
501	993
501	994
502	651
502	660
502	874
502	927
502	963
502	982
502	991
503	80
503	423
503	437
503	477
503	723
503	946
503	971
504	62
504	730
504	772
504	819
504	876
504	908
504	980
505	150
505	808
505	869
505	893
505	920
505	981
505	989
506	610
506	772
506	786
506	858
506	934
506	958
506	963
506	988
507	272
507	341
507	549
507	735
507	903
507	956
507	990
508	397
508	419
508	607
508	656
508	715
508	902
508	980
509	298
509	500
509	675
509	857
509	934
509	965
509	992
510	786
510	835
510	858
510	916
510	975
510	981
510	989
511	143
511	186
511	197
511	424
511	455
511	563
511	586
512	160
512	652
512	745
512	834
512	899
512	969
512	976
513	235
513	772
513	819
513	859
513	876
513	884
513	908
514	166
514	638
514	665
514	700
514	731
514	825
514	901
514	999
515	96
515	559
515	634
515	854
515	884
515	977
515	983
516	228
516	249
516	478
516	663
516	779
516	843
516	959
517	533
517	712
517	845
517	919
517	975
517	978
517	984
518	114
518	134
518	267
518	693
518	777
518	866
518	979
519	66
519	929
519	933
519	938
519	944
519	985
519	986
520	138
520	237
520	295
520	577
520	922
520	960
520	988
521	243
521	307
521	388
521	564
521	645
521	702
521	756
522	213
522	602
522	815
522	836
522	907
522	918
522	985
523	132
523	371
523	430
523	499
523	900
523	910
523	941
524	428
524	679
524	826
524	844
524	888
524	961
524	962
525	320
525	740
525	764
525	790
525	833
525	840
525	895
526	705
526	773
526	803
526	954
526	963
526	992
526	996
527	631
527	777
527	785
527	985
527	986
527	990
527	992
528	554
528	555
528	717
528	882
528	918
528	956
528	997
529	338
529	711
529	817
529	937
529	951
529	970
529	974
530	122
530	372
530	769
530	790
530	879
530	890
530	972
531	86
531	258
531	669
531	698
531	855
531	953
531	993
532	630
532	634
532	854
532	905
532	967
532	977
532	983
533	517
533	845
533	846
533	919
533	975
533	978
533	984
534	355
534	474
534	548
534	573
534	621
534	865
534	890
535	637
535	734
535	781
535	793
535	913
535	935
535	976
536	257
536	258
536	349
536	560
536	806
536	892
536	895
537	442
537	755
537	762
537	822
537	867
537	967
537	994
538	188
538	583
538	736
538	776
538	885
538	958
538	987
539	614
539	825
539	955
539	968
539	976
539	984
539	992
540	449
540	553
540	724
540	744
540	828
540	884
540	892
541	325
541	565
541	650
541	749
541	878
541	924
541	978
542	597
542	815
542	825
542	836
542	983
542	990
542	994
543	110
543	585
543	695
543	806
543	879
543	929
543	937
544	353
544	446
544	637
544	773
544	793
544	913
544	935
545	600
545	783
545	795
545	830
545	850
545	961
545	997
546	560
546	565
546	678
546	749
546	844
546	888
546	916
547	832
547	839
547	872
547	898
547	928
547	995
547	996
548	434
548	534
548	568
548	621
548	629
548	738
548	865
549	507
549	670
549	911
549	961
549	985
549	986
549	993
550	614
550	681
550	894
550	935
550	958
550	989
550	994
551	481
551	678
551	754
551	812
551	821
551	873
551	912
552	771
552	808
552	869
552	893
552	920
552	981
552	989
553	407
553	498
553	540
553	744
553	766
553	831
553	892
554	528
554	555
554	717
554	724
554	882
554	918
554	956
555	422
555	528
555	554
555	882
555	918
555	919
555	997
556	85
556	348
556	438
556	700
556	752
556	936
556	970
557	141
557	700
557	758
557	820
557	895
557	901
557	910
558	315
558	346
558	361
558	713
558	758
558	852
558	925
559	407
559	515
559	641
559	703
559	901
559	963
559	974
560	349
560	454
560	536
560	546
560	718
560	806
560	895
561	394
561	610
561	678
561	786
561	924
561	975
561	984
562	440
562	782
562	870
562	917
562	963
562	980
562	994
563	455
563	511
563	668
563	756
563	843
563	951
563	990
564	231
564	243
564	307
564	521
564	576
564	702
564	877
565	423
565	541
565	546
565	749
565	777
565	833
565	868
565	964
566	759
566	780
566	841
566	887
566	905
566	955
566	956
566	976
567	19
567	94
567	266
567	394
567	600
567	831
567	960
567	1000
568	325
568	355
568	548
568	573
568	621
568	738
568	828
568	865
569	710
569	761
569	916
569	917
569	942
569	977
569	983
569	993
570	43
570	131
570	489
570	627
570	659
570	813
570	915
570	1000
571	126
571	834
571	888
571	936
571	949
571	977
571	983
571	995
572	618
572	646
572	827
572	884
572	937
572	962
572	972
572	987
573	434
573	534
573	568
573	621
573	651
573	655
573	738
573	865
574	258
574	805
574	822
574	900
574	936
574	970
574	982
574	991
575	309
575	316
575	401
575	444
575	829
575	961
575	977
575	983
576	243
576	307
576	388
576	564
576	579
576	645
576	756
576	793
577	128
577	520
577	589
577	598
577	667
577	829
577	957
577	988
578	647
578	656
578	782
578	834
578	838
578	899
578	945
578	974
579	576
579	869
579	886
579	887
579	913
579	935
579	955
579	994
580	368
580	493
580	870
580	893
580	914
580	945
580	949
580	978
581	689
581	730
581	765
581	789
581	873
581	897
581	952
581	968
582	617
582	709
582	799
582	859
582	883
582	906
582	921
582	922
583	98
583	538
583	606
583	776
583	882
583	884
583	969
583	970
584	81
584	156
584	238
584	676
584	859
584	871
584	934
584	946
585	110
585	152
585	393
585	543
585	695
585	769
585	775
585	879
586	131
586	143
586	163
586	186
586	197
586	455
586	511
586	634
587	290
587	853
587	885
587	923
587	926
587	969
587	973
587	978
588	642
588	654
588	686
588	813
588	894
588	929
588	948
588	998
589	577
589	673
589	744
589	762
589	867
589	951
589	969
589	972
590	169
590	269
590	492
590	838
590	895
590	896
590	924
590	930
591	351
591	435
591	720
591	732
591	805
591	886
591	931
591	963
592	778
592	811
592	949
592	973
592	979
592	985
592	986
592	992
593	25
593	249
593	687
593	841
593	887
593	905
593	955
593	976
594	340
594	609
594	707
594	816
594	878
594	903
594	936
594	990
595	96
595	822
595	854
595	940
595	956
595	969
595	977
595	983
596	224
596	613
596	739
596	762
596	867
596	901
596	905
596	972
597	3
597	542
597	639
597	665
597	669
597	825
597	941
597	953
598	89
598	231
598	577
598	679
598	759
598	829
598	957
598	988
599	328
599	409
599	737
599	795
599	850
599	961
599	978
599	997
600	94
600	107
600	266
600	545
600	567
600	833
600	960
600	1000
601	119
601	630
601	721
601	751
601	866
601	948
601	960
601	967
602	59
602	522
602	692
602	719
602	831
602	959
602	972
602	987
603	115
603	149
603	217
603	429
603	678
603	754
603	809
603	995
604	5
604	342
604	836
604	904
604	946
604	961
604	975
604	984
605	301
605	766
605	901
605	904
605	911
605	915
605	959
605	988
606	401
606	583
606	645
606	749
606	776
606	887
606	955
606	994
607	179
607	508
607	620
607	644
607	883
607	917
607	969
607	995
608	303
608	472
608	784
608	861
608	862
608	950
608	953
608	987
609	594
609	816
609	849
609	903
609	915
609	959
609	977
609	990
610	405
610	506
610	561
610	646
610	779
610	818
610	978
611	696
611	862
611	863
611	915
611	936
611	942
611	996
612	651
612	868
612	874
612	927
612	940
612	963
612	982
612	991
613	260
613	448
613	470
613	596
613	649
613	746
613	907
613	966
614	242
614	539
614	550
614	639
614	725
614	763
614	941
614	953
615	13
615	17
615	203
615	404
615	667
615	801
615	891
615	971
616	122
616	766
616	878
616	879
616	924
616	974
616	985
616	986
617	408
617	582
617	709
617	799
617	883
617	906
617	921
617	922
617	971
618	123
618	308
618	572
618	765
618	831
618	891
618	959
618	972
618	987
619	495
619	705
619	852
619	863
619	871
619	909
619	930
619	963
619	996
620	211
620	223
620	301
620	607
620	728
620	802
620	834
620	925
620	969
621	355
621	474
621	534
621	548
621	568
621	573
621	688
621	738
621	865
622	19
622	447
622	684
622	713
622	739
622	828
622	958
623	144
623	317
623	362
623	411
623	823
623	859
623	891
623	942
623	997
624	292
624	381
624	672
624	743
624	748
624	771
624	958
624	982
624	991
625	77
625	871
625	921
625	927
625	945
625	946
625	949
625	950
625	991
626	142
626	153
626	161
626	437
626	648
626	674
626	716
626	841
626	925
627	216
627	570
627	672
627	822
627	858
627	941
627	979
627	990
627	1000
628	388
628	647
628	712
628	845
628	846
628	919
628	975
628	980
628	984
629	176
629	548
629	837
629	925
629	948
629	958
629	976
629	988
629	996
630	119
630	319
630	532
630	601
630	748
630	751
630	768
630	960
630	967
631	34
631	164
631	262
631	294
631	412
631	451
631	527
631	796
631	1000
632	222
632	322
632	324
632	412
632	716
632	766
632	801
632	837
632	999
633	384
633	388
633	862
633	882
633	910
633	918
633	946
633	950
633	961
634	137
634	515
634	532
634	586
634	854
634	956
634	967
634	977
634	983
635	106
635	721
635	885
635	952
635	965
635	968
635	981
635	989
635	992
636	292
636	672
636	719
636	913
636	935
636	950
636	982
636	991
636	994
637	535
637	544
637	773
637	781
637	793
637	913
637	935
637	976
637	984
638	479
638	514
638	664
638	695
638	879
638	886
638	973
638	985
638	986
639	597
639	614
639	665
639	728
639	763
639	825
639	890
639	941
639	953
640	310
640	653
640	697
640	824
640	847
640	892
640	910
640	933
640	946
641	24
641	446
641	559
641	704
641	887
641	912
641	941
641	963
641	988
642	73
642	588
642	654
642	686
642	894
642	948
642	953
642	973
642	998
643	304
643	699
643	771
643	808
643	869
643	893
643	920
643	981
643	989
644	607
644	731
644	791
644	887
644	906
644	937
644	955
644	979
644	996
645	366
645	435
645	521
645	576
645	606
645	767
645	884
645	982
645	991
646	463
646	572
646	610
646	815
646	836
646	891
646	918
646	973
646	978
647	578
647	628
647	845
647	846
647	919
647	975
647	976
647	978
647	984
648	626
648	736
648	755
648	814
648	856
648	863
648	925
648	927
648	941
649	269
649	401
649	448
649	462
649	470
649	613
649	690
649	746
649	907
650	8
650	23
650	399
650	417
650	541
650	780
650	909
650	964
650	996
651	502
651	573
651	612
651	757
651	874
651	927
651	962
651	982
651	991
652	512
652	834
652	887
652	901
652	945
652	949
652	955
652	986
652	994
653	389
653	486
653	640
653	697
653	828
653	892
653	895
653	910
653	946
654	588
654	642
654	686
654	813
654	859
654	894
654	897
654	953
654	998
655	265
655	573
655	667
655	797
655	858
655	865
655	932
655	993
655	995
656	50
656	397
656	508
656	578
656	747
656	760
656	782
656	966
656	980
657	361
657	405
657	835
657	852
657	889
657	941
657	981
657	989
657	998
658	711
658	747
658	756
658	810
658	817
658	937
658	951
658	954
658	974
659	43
659	135
659	489
659	492
659	570
659	813
659	915
659	1000
660	397
660	502
660	710
660	886
660	916
660	917
660	939
660	947
660	966
661	372
661	879
661	928
661	954
661	965
661	968
661	992
661	994
661	995
662	242
662	485
662	698
662	770
662	803
662	842
662	855
662	937
662	993
663	255
663	305
663	384
663	461
663	516
663	722
663	753
663	775
663	843
663	959
664	83
664	145
664	279
664	479
664	484
664	638
664	674
664	704
664	841
664	904
665	487
665	514
665	597
665	639
665	687
665	763
665	890
665	941
665	953
665	977
666	120
666	283
666	706
666	743
666	761
666	827
666	953
666	960
667	98
667	577
667	615
667	655
667	672
667	787
667	829
667	954
667	962
667	994
668	452
668	458
668	563
668	700
668	752
668	864
668	961
668	966
668	970
668	971
669	209
669	318
669	374
669	485
669	531
669	597
669	803
669	942
669	953
669	993
670	8
670	207
670	289
670	323
670	378
670	421
670	431
670	439
670	549
670	734
671	27
671	677
671	708
671	929
671	933
671	938
671	944
671	985
671	986
671	998
672	21
672	265
672	292
672	356
672	624
672	627
672	636
672	667
672	724
672	970
673	148
673	589
673	674
673	704
673	762
673	867
673	946
673	951
673	969
673	972
674	424
674	479
674	626
674	664
674	673
674	844
674	888
674	910
674	946
674	950
675	298
675	500
675	509
675	701
675	874
675	934
675	965
675	980
675	987
675	992
676	5
676	135
676	136
676	156
676	584
676	859
676	871
676	936
676	946
676	967
677	61
677	671
677	708
677	929
677	933
677	938
677	944
677	985
677	986
677	998
678	115
678	251
678	436
678	546
678	551
678	561
678	603
678	754
678	821
678	832
679	101
679	208
679	428
679	450
679	524
679	598
679	826
679	844
679	888
679	962
680	102
680	304
680	731
680	822
680	857
680	864
680	925
680	930
680	956
680	980
681	446
681	550
681	705
681	795
681	797
681	819
681	825
681	852
681	892
681	961
682	71
682	93
682	296
682	392
682	691
682	794
682	804
682	831
682	940
682	999
683	282
683	342
683	476
683	867
683	896
683	898
683	946
683	975
683	984
683	995
684	622
684	739
684	819
684	851
684	870
684	876
684	880
684	921
684	944
684	986
685	332
685	464
685	693
685	750
685	786
685	868
685	997
686	73
686	230
686	588
686	642
686	654
686	894
686	948
686	953
686	974
686	998
687	28
687	431
687	593
687	665
687	812
687	931
687	937
687	958
687	959
687	974
688	84
688	621
688	694
688	714
688	787
688	849
688	868
688	877
688	951
689	247
689	581
689	713
689	715
689	729
689	770
689	774
689	810
689	811
689	979
690	167
690	260
690	376
690	401
690	448
690	470
690	649
690	746
690	907
690	941
691	682
691	720
691	776
691	804
691	916
691	917
691	960
691	969
691	985
691	986
692	272
692	602
692	735
692	816
692	878
692	903
692	915
692	930
692	956
692	990
693	1
693	52
693	134
693	267
693	518
693	685
693	777
693	866
693	934
693	979
694	84
694	688
694	714
694	787
694	818
694	849
694	868
694	877
694	951
695	216
695	224
695	227
695	372
695	543
695	585
695	638
695	931
695	937
695	972
696	39
696	611
696	747
696	818
696	863
696	915
696	936
696	942
696	996
697	310
697	389
697	640
697	653
697	806
697	824
697	847
697	910
697	946
697	964
698	433
698	485
698	531
698	662
698	803
698	855
698	919
698	925
698	942
698	993
699	643
699	771
699	808
699	814
699	869
699	893
699	920
699	981
699	989
700	168
700	337
700	348
700	438
700	514
700	556
700	557
700	668
700	752
700	936
700	970
701	224
701	240
701	330
701	675
701	802
701	860
701	946
701	965
701	980
701	987
701	992
702	50
702	179
702	521
702	564
702	754
702	821
702	861
702	950
702	971
702	981
702	989
703	12
703	127
703	246
703	306
703	360
703	559
703	847
703	854
703	912
703	934
703	967
704	479
704	641
704	664
704	673
704	768
704	867
704	906
704	921
704	939
704	947
704	988
705	315
705	346
705	469
705	526
705	619
705	681
705	758
705	852
705	899
705	905
705	979
706	120
706	206
706	283
706	666
706	751
706	761
706	827
706	953
706	960
707	594
707	838
707	924
707	925
707	939
707	947
707	952
707	954
707	968
707	990
707	994
708	425
708	671
708	677
708	929
708	933
708	938
708	944
708	966
708	985
708	986
708	998
709	582
709	617
709	799
709	883
709	898
709	906
709	921
709	922
709	960
709	971
709	972
710	35
710	239
710	297
710	337
710	357
710	395
710	569
710	660
710	778
710	960
710	969
711	88
711	295
711	313
711	354
711	529
711	658
711	817
711	931
711	937
711	970
711	974
712	287
712	448
712	517
712	628
712	845
712	846
712	860
712	919
712	975
712	976
712	984
713	558
713	622
713	689
713	739
713	811
713	817
713	852
713	974
713	979
713	982
713	991
714	72
714	84
714	161
714	414
714	688
714	694
714	787
714	849
714	868
714	877
714	951
715	42
715	508
715	689
715	736
715	772
715	782
715	811
715	914
715	945
715	961
715	972
716	142
716	260
716	295
716	626
716	632
716	892
716	907
716	908
716	910
716	956
716	999
717	385
717	422
717	528
717	554
717	882
717	905
717	914
717	915
717	918
717	956
717	997
718	258
718	439
718	560
718	877
718	907
718	913
718	935
718	945
718	949
718	982
718	991
719	602
719	636
719	876
719	908
719	928
719	952
719	962
719	963
719	981
719	989
719	995
720	45
720	591
720	691
720	732
720	805
720	809
720	886
720	889
720	892
720	899
720	931
721	307
721	601
721	635
721	748
721	798
721	833
721	835
721	925
721	958
721	975
721	984
722	109
722	228
722	276
722	305
722	380
722	478
722	480
722	663
722	843
722	936
722	959
723	80
723	256
723	437
723	446
723	477
723	503
723	744
723	946
723	957
723	971
723	990
724	153
724	407
724	540
724	554
724	672
724	892
724	895
724	901
724	904
724	981
724	989
725	614
725	761
725	763
725	776
725	827
725	843
725	896
725	924
725	931
725	959
725	970
726	257
726	350
726	402
726	788
726	795
726	820
726	916
726	917
726	948
726	979
726	999
727	760
727	782
727	826
727	913
727	935
727	952
727	962
727	965
727	968
727	992
727	1000
728	9
728	429
728	620
728	639
728	862
728	913
728	935
728	950
728	976
728	985
728	986
729	689
729	740
729	754
729	783
729	811
729	840
729	842
729	866
729	885
729	923
729	961
730	504
730	581
730	765
730	789
730	873
730	897
730	952
730	968
731	304
731	322
731	514
731	644
731	680
731	822
731	857
731	864
731	925
731	956
731	980
732	435
732	472
732	591
732	720
732	805
732	886
732	889
732	892
732	899
732	931
732	963
733	2
733	326
733	367
733	413
733	734
733	815
733	836
733	866
734	431
734	535
734	670
734	733
734	815
734	836
734	851
734	852
734	855
734	880
734	993
734	996
735	3
735	182
735	507
735	692
735	816
735	857
735	878
735	903
735	948
735	956
735	959
735	990
736	250
736	403
736	538
736	648
736	715
736	797
736	856
736	858
736	892
736	916
736	979
736	987
737	458
737	599
737	783
737	795
737	850
737	890
737	891
737	912
737	961
737	964
737	978
737	997
738	355
738	434
738	474
738	548
738	568
738	573
738	621
738	780
738	865
738	884
738	890
738	982
739	19
739	145
739	291
739	339
739	447
739	486
739	596
739	622
739	684
739	713
739	828
739	987
740	139
740	173
740	320
740	396
740	525
740	729
740	744
740	790
740	840
740	866
740	911
740	1000
741	764
741	792
741	800
741	832
741	839
741	872
741	898
741	928
741	995
741	996
742	31
742	191
742	400
742	432
742	851
742	880
742	884
742	932
742	998
743	92
743	108
743	112
743	381
743	415
743	442
743	624
743	666
743	758
743	799
743	813
743	911
744	396
744	540
744	553
744	589
744	723
744	740
744	762
744	819
744	867
744	876
744	937
744	957
745	512
745	773
745	776
745	823
745	884
745	899
745	913
745	939
745	947
745	958
745	976
745	988
746	167
746	376
746	401
746	462
746	475
746	613
746	649
746	690
746	758
746	769
746	907
746	992
747	250
747	656
747	658
747	696
747	797
747	853
747	858
747	863
747	914
747	923
747	945
747	974
748	119
748	232
748	275
748	319
748	501
748	624
748	630
748	721
748	866
748	935
748	948
748	960
749	102
749	194
749	291
749	423
749	541
749	546
749	565
749	606
749	833
749	868
749	964
749	972
750	332
750	464
750	685
750	768
750	786
750	868
750	974
750	997
751	275
751	319
751	335
751	395
751	601
751	630
751	706
751	759
751	768
751	948
751	960
751	967
752	85
752	152
752	168
752	246
752	438
752	556
752	668
752	700
752	772
752	875
752	936
752	970
753	461
753	663
753	791
753	803
753	809
753	864
753	951
753	956
753	962
753	974
753	993
753	996
754	61
754	217
754	436
754	461
754	484
754	551
754	603
754	678
754	702
754	729
754	866
754	912
755	159
755	336
755	383
755	457
755	537
755	648
755	759
755	791
755	814
755	944
755	962
755	996
756	488
756	490
756	521
756	563
756	576
756	658
756	780
756	829
756	862
756	950
756	974
756	988
756	997
757	418
757	473
757	496
757	651
757	874
757	927
757	934
757	940
757	963
757	982
757	988
757	989
757	991
758	557
758	558
758	705
758	743
758	746
758	793
758	907
758	913
758	926
758	935
758	960
758	973
758	996
759	39
759	566
759	598
759	751
759	755
759	814
759	887
759	955
759	958
759	962
759	964
759	967
759	996
760	50
760	92
760	150
760	179
760	286
760	397
760	419
760	656
760	727
760	782
760	919
760	966
760	980
761	48
761	120
761	283
761	375
761	569
761	666
761	706
761	725
761	827
761	953
761	960
762	76
762	148
762	537
762	589
762	596
762	673
762	744
762	789
762	867
762	946
762	951
762	969
762	972
763	51
763	117
763	254
763	487
763	497
763	614
763	639
763	665
763	725
763	779
763	825
763	869
763	890
764	525
764	741
764	792
764	800
764	832
764	839
764	872
764	898
764	928
764	995
765	427
765	581
765	618
765	730
765	789
765	873
765	897
765	952
765	968
766	280
766	449
766	553
766	605
766	616
766	632
766	887
766	899
766	924
766	955
766	982
766	991
766	999
767	645
767	898
767	914
767	921
767	922
767	926
767	928
767	937
767	945
767	949
767	958
767	962
767	973
768	154
768	483
768	630
768	704
768	750
768	751
768	786
768	864
768	944
768	980
768	985
768	986
768	997
769	410
769	452
769	530
769	585
769	746
769	872
769	879
769	882
769	907
769	918
769	945
769	949
769	998
770	282
770	367
770	662
770	689
770	784
770	811
770	861
770	867
770	926
770	972
770	973
770	979
770	999
771	552
771	624
771	643
771	699
771	808
771	869
771	893
771	920
771	981
771	989
772	26
772	261
772	324
772	369
772	504
772	506
772	513
772	715
772	752
772	819
772	876
772	908
772	999
773	40
773	53
773	526
773	544
773	637
773	745
773	781
773	793
773	848
773	889
773	913
773	935
773	976
774	318
774	321
774	457
774	689
774	785
774	811
774	933
774	966
774	967
774	971
774	979
774	993
774	997
775	585
775	663
775	782
775	817
775	843
775	879
775	920
775	966
775	970
775	980
775	981
775	984
775	989
776	44
776	91
776	284
776	460
776	538
776	583
776	606
776	691
776	725
776	745
776	969
776	970
776	989
777	32
777	52
777	114
777	134
777	267
777	518
777	527
777	565
777	693
777	779
777	934
777	966
777	979
778	35
778	109
778	239
778	289
778	297
778	357
778	415
778	471
778	490
778	592
778	710
778	930
778	960
779	132
779	487
779	516
779	610
779	763
779	777
779	821
779	825
779	843
779	978
779	979
779	981
779	989
780	406
780	432
780	566
780	650
780	738
780	756
780	865
780	887
780	952
780	955
780	968
780	996
780	997
781	223
781	353
781	365
781	535
781	637
781	773
781	793
781	848
781	889
781	913
781	935
781	976
781	998
782	179
782	248
782	357
782	397
782	562
782	578
782	656
782	715
782	727
782	760
782	775
782	966
782	980
783	545
783	729
783	737
783	795
783	830
783	850
783	918
783	961
783	964
783	972
783	978
783	979
783	997
784	125
784	312
784	327
784	472
784	496
784	608
784	770
784	848
784	861
784	862
784	932
784	950
784	953
784	987
785	14
785	130
785	131
785	196
785	314
785	527
785	774
785	798
785	835
785	849
785	855
785	970
785	971
785	998
786	75
786	155
786	332
786	464
786	506
786	510
786	561
786	685
786	750
786	768
786	868
786	953
786	988
786	997
787	76
787	84
787	109
787	147
787	277
787	317
787	667
787	688
787	694
787	714
787	849
787	868
787	877
787	951
788	6
788	350
788	373
788	402
788	726
788	820
788	830
788	842
788	848
788	916
788	917
788	948
788	979
788	999
789	334
789	427
789	444
789	488
789	581
789	730
789	762
789	765
789	873
789	897
789	941
789	952
789	968
790	18
790	90
790	139
790	173
790	320
790	396
790	525
790	530
790	740
790	840
790	911
790	940
790	950
790	1000
791	54
791	75
791	159
791	336
791	379
791	383
791	457
791	644
791	753
791	755
791	814
791	888
791	962
791	996
792	395
792	741
792	764
792	800
792	832
792	839
792	872
792	898
792	928
792	995
793	40
793	365
793	535
793	544
793	576
793	637
793	758
793	773
793	781
793	828
793	889
793	913
793	935
793	984
794	71
794	285
794	385
794	390
794	392
794	480
794	682
794	804
794	830
794	831
794	845
794	925
794	942
794	999
795	55
795	545
795	599
795	681
795	726
795	737
795	783
795	850
795	891
795	912
795	961
795	964
795	979
795	997
796	4
796	34
796	78
796	157
796	262
796	370
796	451
796	631
796	809
796	879
796	894
796	937
796	946
796	1000
797	1
797	187
797	215
797	655
797	681
797	736
797	747
797	837
797	856
797	858
797	931
797	951
797	979
797	987
798	14
798	41
798	83
798	130
798	314
798	395
798	721
798	785
798	835
798	849
798	860
798	963
798	970
798	971
799	484
799	582
799	617
799	709
799	743
799	883
799	906
799	921
799	922
799	930
799	932
799	960
799	971
799	972
800	181
800	482
800	741
800	764
800	792
800	832
800	839
800	872
800	898
800	928
800	966
800	971
800	995
801	418
801	450
801	615
801	632
801	826
801	844
801	853
801	861
801	862
801	923
801	950
801	971
801	973
801	999
802	620
802	701
802	834
802	842
802	861
802	862
802	903
802	920
802	925
802	965
802	981
802	989
802	990
802	992
803	171
803	209
803	318
803	374
803	433
803	526
803	662
803	669
803	698
803	753
803	812
803	842
803	855
803	953
803	993
804	71
804	93
804	285
804	385
804	392
804	399
804	412
804	462
804	682
804	691
804	794
804	831
804	942
804	965
804	999
805	294
805	351
805	435
805	574
805	591
805	720
805	732
805	809
805	886
805	889
805	892
805	899
805	931
805	963
805	977
806	110
806	225
806	349
806	499
806	536
806	543
806	560
806	697
806	878
806	879
806	895
806	903
806	910
806	990
806	998
807	245
807	441
807	881
807	902
807	911
807	921
807	939
807	947
807	948
807	987
807	999
808	505
808	552
808	643
808	699
808	771
808	869
808	893
808	920
808	936
808	981
808	985
808	989
809	4
809	70
809	398
809	603
809	720
809	753
809	796
809	805
809	821
809	828
809	882
809	886
809	918
809	990
809	1000
810	191
810	658
810	689
810	811
810	839
810	911
810	920
810	944
810	974
810	979
810	981
810	985
810	986
810	989
810	995
811	72
811	102
811	113
811	247
811	370
811	592
811	689
811	713
811	715
811	729
811	770
811	774
811	810
811	979
811	997
812	323
812	439
812	477
812	551
812	687
812	803
812	821
812	838
812	896
812	924
812	925
812	944
812	985
812	986
812	993
813	442
813	570
813	588
813	654
813	659
813	743
813	815
813	891
813	894
813	901
813	904
813	911
813	965
813	992
813	1000
814	159
814	232
814	241
814	336
814	383
814	404
814	457
814	464
814	648
814	699
814	755
814	759
814	791
814	962
814	996
815	2
815	326
815	413
815	454
815	522
815	542
815	646
815	733
815	734
815	813
815	836
815	866
816	182
816	272
816	341
816	344
816	594
816	609
816	692
816	735
816	849
816	878
816	903
816	930
816	936
816	959
816	971
816	990
817	294
817	295
817	313
817	466
817	529
817	658
817	711
817	713
817	775
817	909
817	931
817	951
817	963
817	970
817	974
817	996
818	114
818	405
818	610
818	694
818	696
818	853
818	861
818	862
818	863
818	920
818	926
818	950
818	978
818	981
818	989
818	996
819	62
819	273
819	456
819	504
819	513
819	681
819	684
819	744
819	772
819	868
819	876
819	908
819	956
819	966
819	980
819	999
820	6
820	180
820	195
820	198
820	279
820	350
820	373
820	402
820	557
820	726
820	788
820	916
820	917
820	948
820	979
820	999
821	9
821	36
821	45
821	61
821	115
821	251
821	387
821	429
821	436
821	551
821	678
821	702
821	779
821	809
821	812
821	912
822	3
822	178
822	221
822	241
822	359
822	414
822	537
822	574
822	595
822	627
822	680
822	731
822	864
822	875
822	956
822	980
823	74
823	144
823	170
823	270
823	337
823	362
823	395
823	411
823	623
823	745
823	859
823	877
823	891
823	930
823	942
823	997
824	459
824	640
824	697
824	860
824	882
824	910
824	918
824	920
824	921
824	922
824	923
824	926
824	973
824	981
824	989
825	28
825	172
825	487
825	497
825	514
825	539
825	542
825	597
825	639
825	681
825	763
825	779
825	890
825	943
825	953
825	981
826	101
826	208
826	428
826	450
826	524
826	679
826	727
826	801
826	841
826	844
826	846
826	868
826	888
826	893
826	900
826	962
827	22
827	120
827	141
827	216
827	271
827	283
827	293
827	337
827	370
827	572
827	666
827	706
827	725
827	761
827	953
827	960
828	19
828	310
828	498
828	540
828	568
828	622
828	653
828	739
828	793
828	809
828	865
828	884
828	892
828	910
828	913
828	935
829	39
829	89
829	108
829	128
829	252
829	316
829	490
829	575
829	577
829	598
829	667
829	756
829	934
829	957
829	965
829	988
830	285
830	386
830	545
830	783
830	788
830	794
830	914
830	916
830	917
830	920
830	945
830	949
830	961
830	981
830	989
830	999
831	103
831	266
831	366
831	553
831	567
831	602
831	618
831	682
831	794
831	804
831	878
831	903
831	913
831	962
831	990
831	1000
832	185
832	263
832	547
832	678
832	741
832	764
832	792
832	800
832	839
832	857
832	860
832	872
832	898
832	928
832	966
832	971
832	995
833	266
833	525
833	565
833	600
833	721
833	749
833	840
833	863
833	901
833	904
833	940
833	944
833	964
833	985
833	986
833	988
833	1000
834	160
834	165
834	205
834	211
834	486
834	512
834	571
834	578
834	620
834	652
834	802
834	899
834	925
834	936
834	969
834	976
834	978
835	14
835	41
835	127
835	130
835	196
835	314
835	378
835	510
835	657
835	721
835	785
835	798
835	849
835	860
835	962
835	971
835	998
836	2
836	8
836	53
836	78
836	99
836	207
836	326
836	413
836	522
836	542
836	604
836	646
836	733
836	734
836	815
836	866
836	969
837	87
837	434
837	629
837	632
837	797
837	838
837	841
837	858
837	892
837	896
837	906
837	921
837	922
837	924
837	958
837	999
838	1
838	214
838	331
838	391
838	475
838	476
838	492
838	578
838	590
838	707
838	812
838	837
838	890
838	896
838	899
838	924
838	995
839	42
839	300
839	482
839	547
839	741
839	764
839	792
839	800
839	810
839	832
839	872
839	898
839	928
839	966
839	971
839	995
839	997
840	90
840	139
840	173
840	241
840	320
840	396
840	525
840	729
840	740
840	790
840	833
840	886
840	895
840	911
840	940
840	947
840	1000
841	46
841	279
841	479
841	566
841	593
841	626
841	664
841	826
841	837
841	844
841	887
841	888
841	925
841	954
841	955
841	958
841	990
842	313
842	662
842	729
842	788
842	802
842	803
842	856
842	909
842	916
842	917
842	927
842	931
842	974
842	982
842	987
842	991
842	993
843	264
843	305
843	335
843	380
843	453
843	459
843	461
843	478
843	516
843	563
843	663
843	722
843	725
843	775
843	779
843	936
843	959
843	981
844	101
844	145
844	208
844	278
844	428
844	450
844	524
844	546
844	674
844	679
844	801
844	826
844	841
844	883
844	888
844	900
844	953
844	962
845	287
845	302
845	517
845	533
845	628
845	647
845	712
845	794
845	846
845	849
845	912
845	919
845	940
845	975
845	976
845	978
845	980
845	984
846	56
846	244
846	302
846	533
846	628
846	647
846	712
846	826
846	845
846	900
846	912
846	919
846	940
846	975
846	976
846	978
846	980
846	984
847	91
847	389
847	410
847	411
847	419
847	452
847	640
847	697
847	703
847	897
847	910
847	930
847	934
847	942
847	952
847	962
847	968
847	970
848	88
848	773
848	781
848	784
848	788
848	861
848	895
848	896
848	898
848	899
848	913
848	928
848	935
848	941
848	950
848	963
848	974
848	995
849	425
849	609
849	688
849	694
849	714
849	785
849	787
849	798
849	816
849	835
849	845
849	885
849	906
849	923
849	926
849	975
849	984
849	990
850	55
850	212
850	353
850	409
850	545
850	599
850	737
850	783
850	795
850	905
850	912
850	961
850	964
850	972
850	978
850	979
850	980
850	997
851	31
851	191
851	400
851	432
851	684
851	734
851	742
851	857
851	880
851	932
851	951
851	998
852	104
852	117
852	255
852	315
852	346
852	361
852	408
852	469
852	558
852	619
852	657
852	681
852	705
852	713
852	734
852	899
852	905
852	988
852	996
853	15
853	37
853	453
853	587
853	747
853	801
853	818
853	885
853	907
853	923
853	926
853	931
853	951
853	957
853	966
853	969
853	973
853	978
853	982
854	54
854	104
854	121
854	137
854	364
854	465
854	515
854	532
854	595
854	634
854	703
854	884
854	940
854	952
854	956
854	967
854	969
854	977
854	983
855	77
855	86
855	171
855	209
855	303
855	374
855	433
855	485
855	531
855	662
855	698
855	734
855	785
855	803
855	924
855	925
855	937
855	953
855	993
856	126
856	127
856	187
856	215
856	250
856	255
856	338
856	344
856	403
856	471
856	648
856	736
856	797
856	842
856	858
856	892
856	931
856	951
856	987
857	112
857	509
857	680
857	731
857	735
857	832
857	851
857	864
857	885
857	898
857	903
857	923
857	928
857	932
857	965
857	973
857	990
857	992
857	995
858	187
858	202
858	215
858	403
858	506
858	510
858	627
858	655
858	736
858	747
858	797
858	837
858	856
858	920
858	931
858	948
858	951
858	979
858	987
859	411
859	513
859	582
859	584
859	623
859	654
859	676
859	823
859	871
859	876
859	894
859	908
859	927
859	934
859	982
859	991
859	993
859	997
859	998
860	196
860	701
860	712
860	798
860	824
860	832
860	835
860	881
860	902
860	919
860	928
860	939
860	945
860	947
860	965
860	975
860	984
860	992
860	995
861	125
861	312
861	327
861	472
861	608
861	702
861	770
861	784
861	801
861	802
861	818
861	848
861	862
861	932
861	950
861	953
861	955
861	963
861	987
862	125
862	312
862	327
862	472
862	608
862	611
862	633
862	728
862	756
862	784
862	801
862	802
862	818
862	861
862	932
862	950
862	951
862	953
862	987
863	83
863	117
863	133
863	153
863	210
863	248
863	337
863	611
863	619
863	648
863	696
863	747
863	818
863	833
863	905
863	915
863	936
863	942
863	996
864	18
864	178
864	271
864	281
864	304
864	375
864	460
864	471
864	483
864	668
864	680
864	731
864	753
864	768
864	822
864	857
864	925
864	956
864	980
865	126
865	201
865	231
865	355
865	387
865	434
865	474
865	534
865	548
865	568
865	573
865	621
865	655
865	738
865	780
865	828
865	884
865	890
865	989
866	16
866	172
866	236
866	251
866	267
866	275
866	413
866	436
866	518
866	601
866	693
866	729
866	733
866	740
866	748
866	754
866	815
866	836
866	967
866	979
867	148
867	221
867	246
867	271
867	489
867	537
867	589
867	596
867	673
867	683
867	704
867	744
867	762
867	770
867	910
867	913
867	946
867	951
867	969
867	972
868	483
868	565
868	612
868	685
868	688
868	694
868	714
868	749
868	750
868	786
868	787
868	819
868	826
868	876
868	888
868	900
868	908
868	964
868	997
869	274
869	467
869	505
869	552
869	579
869	643
869	699
869	763
869	771
869	808
869	893
869	920
869	936
869	941
869	981
869	989
870	63
870	140
870	286
870	368
870	382
870	493
870	562
870	580
870	684
870	900
870	909
870	914
870	945
870	949
870	957
870	978
871	5
871	81
871	98
871	118
871	136
871	138
871	156
871	204
871	238
871	359
871	584
871	619
871	625
871	676
871	859
871	909
871	934
871	946
871	952
871	967
872	135
872	185
872	263
872	300
872	386
872	482
872	547
872	741
872	764
872	769
872	792
872	800
872	832
872	839
872	892
872	898
872	928
872	966
872	971
872	995
873	20
873	177
873	334
873	345
873	354
873	425
873	427
873	444
873	488
873	551
873	581
873	730
873	765
873	789
873	890
873	897
873	941
873	952
873	968
873	979
874	57
874	79
874	311
874	328
874	329
874	418
874	463
874	473
874	496
874	502
874	612
874	651
874	675
874	757
874	927
874	960
874	963
874	982
874	988
874	991
875	168
875	189
875	443
875	468
875	495
875	752
875	822
875	878
875	893
875	903
875	920
875	943
875	949
875	954
875	970
875	981
875	989
875	990
875	994
875	1000
876	42
876	62
876	158
876	235
876	273
876	359
876	369
876	380
876	467
876	490
876	504
876	513
876	684
876	719
876	744
876	772
876	819
876	859
876	868
876	908
876	980
877	270
877	317
877	448
877	454
877	564
877	688
877	694
877	714
877	718
877	787
877	823
877	893
877	907
877	920
877	942
877	943
877	954
877	981
877	989
877	994
877	997
878	70
878	169
878	182
878	272
878	341
878	344
878	398
878	456
878	541
878	594
878	616
878	692
878	735
878	806
878	816
878	831
878	875
878	903
878	915
878	936
878	990
879	1
879	110
879	224
879	227
879	393
879	412
879	530
879	543
879	585
879	616
879	638
879	661
879	769
879	775
879	796
879	806
879	888
879	890
879	931
879	937
879	972
880	31
880	33
880	76
880	126
880	150
880	175
880	191
880	289
880	338
880	343
880	382
880	400
880	421
880	432
880	490
880	684
880	734
880	742
880	851
880	932
880	998
881	245
881	273
881	324
881	441
881	807
881	860
881	899
881	902
881	911
881	939
881	947
881	948
881	987
881	999
882	123
882	149
882	377
882	422
882	471
882	528
882	554
882	555
882	583
882	633
882	717
882	769
882	809
882	824
882	905
882	915
882	918
882	956
882	987
882	997
883	582
883	607
883	617
883	709
883	799
883	844
883	906
883	921
883	922
883	930
883	932
883	960
883	971
883	972
884	261
884	284
884	291
884	474
884	513
884	515
884	540
884	572
884	583
884	645
884	738
884	742
884	745
884	828
884	854
884	865
884	908
884	970
884	977
884	983
884	987
884	999
885	37
885	68
885	229
885	453
885	538
885	587
885	635
885	729
885	849
885	853
885	857
885	889
885	909
885	917
885	923
885	926
885	931
885	957
885	966
885	969
885	973
885	978
886	28
886	175
886	259
886	351
886	404
886	435
886	483
886	579
886	591
886	638
886	660
886	720
886	732
886	805
886	809
886	840
886	889
886	892
886	899
886	931
886	963
886	968
887	25
887	131
887	184
887	249
887	280
887	460
887	501
887	566
887	579
887	593
887	606
887	641
887	644
887	652
887	759
887	766
887	780
887	841
887	905
887	955
887	962
887	976
888	101
888	163
888	194
888	208
888	214
888	259
888	428
888	446
888	450
888	524
888	546
888	571
888	674
888	679
888	791
888	826
888	841
888	844
888	868
888	879
888	900
888	962
889	213
889	309
889	367
889	399
889	414
889	459
889	657
889	720
889	732
889	773
889	781
889	793
889	805
889	885
889	886
889	911
889	913
889	923
889	926
889	935
889	940
889	973
890	170
890	393
890	434
890	530
890	534
890	639
890	665
890	737
890	738
890	763
890	825
890	838
890	865
890	873
890	879
890	895
890	896
890	897
890	924
890	934
890	937
890	952
890	968
891	13
891	17
891	212
891	234
891	270
891	298
891	481
891	615
891	618
891	623
891	646
891	737
891	795
891	813
891	823
891	942
891	944
891	959
891	961
891	965
891	971
891	992
891	997
892	327
892	349
892	449
892	536
892	540
892	553
892	640
892	653
892	681
892	716
892	720
892	724
892	732
892	736
892	805
892	828
892	837
892	856
892	872
892	886
892	895
892	910
892	921
893	30
893	105
893	222
893	274
893	467
893	505
893	552
893	580
893	643
893	699
893	771
893	808
893	826
893	869
893	875
893	877
893	920
893	936
893	941
893	981
893	989
894	73
894	78
894	116
894	203
894	230
894	257
894	277
894	293
894	387
894	390
894	447
894	466
894	550
894	588
894	642
894	654
894	686
894	796
894	813
894	859
894	948
894	953
894	998
895	525
895	536
895	557
895	560
895	590
895	653
895	724
895	806
895	840
895	848
895	890
895	892
895	896
895	910
895	933
895	937
895	938
895	940
895	944
895	984
895	985
895	986
895	1000
896	22
896	67
896	102
896	107
896	108
896	253
896	324
896	331
896	391
896	415
896	476
896	492
896	590
896	683
896	725
896	812
896	837
896	838
896	848
896	890
896	895
896	924
896	962
897	20
897	177
897	334
897	345
897	354
897	425
897	427
897	444
897	488
897	581
897	654
897	730
897	765
897	789
897	847
897	873
897	890
897	941
897	952
897	968
897	993
898	33
898	263
898	300
898	386
898	438
898	482
898	547
898	683
898	709
898	741
898	764
898	767
898	792
898	800
898	832
898	839
898	848
898	857
898	872
898	928
898	966
898	971
898	995
899	346
899	469
899	474
899	512
899	578
899	705
899	720
899	732
899	745
899	766
899	805
899	834
899	838
899	848
899	852
899	881
899	886
899	902
899	924
899	939
899	947
899	983
899	996
900	10
900	111
900	171
900	428
900	433
900	523
900	574
900	826
900	844
900	846
900	868
900	870
900	888
900	914
900	919
900	937
900	938
900	945
900	949
900	964
900	975
900	980
900	984
900	993
901	146
901	153
901	170
901	205
901	301
901	343
901	395
901	408
901	514
901	557
901	559
901	596
901	605
901	652
901	724
901	813
901	833
901	904
901	911
901	915
901	959
901	988
901	990
901	997
902	181
902	190
902	245
902	441
902	508
902	807
902	860
902	881
902	899
902	911
902	939
902	947
902	948
902	987
902	998
902	999
903	47
903	70
903	278
903	326
903	344
903	398
903	507
903	594
903	609
903	692
903	735
903	802
903	806
903	816
903	831
903	857
903	875
903	878
903	930
903	936
903	943
903	956
903	959
903	990
904	301
904	471
904	604
904	605
904	664
904	724
904	813
904	833
904	901
904	911
904	915
904	923
904	959
904	988
905	199
905	280
905	315
905	339
905	364
905	409
905	532
905	566
905	593
905	596
905	705
905	717
905	850
905	852
905	863
905	882
905	887
905	918
905	955
905	961
905	972
905	977
905	983
905	997
906	27
906	375
906	582
906	617
906	644
906	704
906	709
906	799
906	837
906	849
906	883
906	921
906	922
906	930
906	932
906	958
906	960
906	971
906	972
907	108
907	167
907	216
907	260
907	376
907	401
907	421
907	448
907	462
907	470
907	491
907	522
907	613
907	649
907	690
907	716
907	718
907	746
907	758
907	769
907	853
907	877
907	968
907	985
908	26
908	42
908	62
908	82
908	99
908	158
908	235
908	261
908	273
908	369
908	491
908	504
908	513
908	716
908	719
908	772
908	819
908	859
908	868
908	876
908	884
908	956
908	976
908	980
908	999
909	81
909	156
909	204
909	228
909	417
909	619
909	650
909	817
909	842
909	870
909	871
909	885
909	914
909	923
909	926
909	937
909	939
909	945
909	949
909	964
909	973
909	974
909	992
909	996
910	113
910	133
910	150
910	234
910	276
910	310
910	389
910	399
910	424
910	431
910	523
910	557
910	633
910	640
910	653
910	674
910	697
910	716
910	806
910	824
910	828
910	847
910	867
910	892
910	895
911	112
911	309
911	360
911	377
911	381
911	442
911	549
911	605
911	740
911	743
911	790
911	807
911	810
911	813
911	840
911	881
911	889
911	901
911	902
911	904
911	926
911	939
911	947
911	988
911	1000
912	61
912	243
912	306
912	308
912	551
912	641
912	703
912	737
912	754
912	795
912	821
912	845
912	846
912	850
912	919
912	941
912	961
912	962
912	963
912	965
912	967
912	975
912	984
912	988
913	40
913	255
913	353
913	365
913	535
913	544
913	579
913	636
913	637
913	718
913	727
913	728
913	745
913	758
913	773
913	781
913	793
913	828
913	831
913	848
913	867
913	889
913	935
913	959
913	976
914	51
914	63
914	140
914	200
914	278
914	286
914	368
914	382
914	414
914	493
914	580
914	715
914	717
914	747
914	767
914	830
914	870
914	900
914	909
914	945
914	949
914	957
914	978
915	41
915	43
915	422
915	570
915	605
915	609
915	611
915	659
915	692
915	696
915	717
915	863
915	878
915	882
915	901
915	904
915	918
915	932
915	956
915	988
915	990
915	996
915	1000
916	6
916	72
916	146
916	180
916	198
916	350
916	373
916	402
916	494
916	510
916	546
916	569
916	660
916	691
916	726
916	736
916	788
916	820
916	830
916	842
916	917
916	948
916	975
916	979
916	999
917	6
917	146
917	180
917	198
917	333
917	350
917	356
917	373
917	402
917	562
917	569
917	607
917	660
917	691
917	726
917	788
917	820
917	830
917	842
917	885
917	916
917	948
917	979
917	995
917	999
918	163
918	231
918	271
918	276
918	291
918	322
918	422
918	497
918	522
918	528
918	554
918	555
918	633
918	646
918	717
918	769
918	783
918	809
918	824
918	882
918	905
918	915
918	926
918	956
918	997
919	38
919	100
919	116
919	129
919	151
919	244
919	302
919	517
919	533
919	555
919	628
919	647
919	698
919	712
919	760
919	845
919	846
919	860
919	900
919	912
919	940
919	975
919	978
919	980
919	984
920	105
920	274
920	467
920	505
920	552
920	643
920	699
920	771
920	775
920	802
920	808
920	810
920	818
920	824
920	830
920	858
920	869
920	875
920	877
920	893
920	936
920	941
920	964
920	981
920	989
920	991
921	27
921	145
921	205
921	241
921	308
921	582
921	617
921	625
921	684
921	704
921	709
921	767
921	799
921	807
921	824
921	837
921	883
921	892
921	906
921	922
921	930
921	932
921	960
921	971
921	972
921	988
922	27
922	65
922	117
922	131
922	206
922	256
922	414
922	520
922	582
922	617
922	709
922	767
922	799
922	824
922	837
922	883
922	906
922	921
922	930
922	932
922	939
922	960
922	971
922	972
922	975
922	999
923	15
923	37
923	68
923	229
923	244
923	453
923	587
923	729
923	747
923	801
923	824
923	849
923	853
923	857
923	885
923	889
923	904
923	909
923	926
923	931
923	951
923	957
923	966
923	969
923	973
923	978
924	7
924	67
924	117
924	169
924	253
924	331
924	391
924	408
924	415
924	476
924	492
924	541
924	561
924	590
924	616
924	707
924	725
924	766
924	812
924	837
924	838
924	855
924	890
924	896
924	899
924	945
925	142
925	161
925	183
925	206
925	242
925	558
925	620
925	626
925	629
925	648
925	680
925	698
925	707
925	721
925	731
925	794
925	802
925	812
925	834
925	841
925	855
925	864
925	958
925	980
925	988
925	993
925	996
926	15
926	68
926	229
926	259
926	308
926	453
926	587
926	758
926	767
926	770
926	818
926	824
926	849
926	853
926	885
926	889
926	909
926	911
926	918
926	923
926	931
926	951
926	952
926	966
926	969
926	973
926	978
927	57
927	79
927	129
927	311
927	328
927	329
927	418
927	463
927	473
927	496
927	502
927	612
927	625
927	648
927	651
927	757
927	842
927	859
927	874
927	934
927	940
927	962
927	963
927	982
927	988
927	991
927	992
928	33
928	185
928	192
928	263
928	300
928	386
928	482
928	485
928	547
928	661
928	719
928	741
928	764
928	767
928	792
928	800
928	832
928	839
928	848
928	857
928	860
928	872
928	898
928	949
928	966
928	971
928	995
929	416
929	519
929	543
929	588
929	671
929	677
929	708
929	933
929	938
929	944
929	964
929	966
929	974
929	985
929	986
929	998
930	7
930	39
930	60
930	89
930	144
930	252
930	270
930	398
930	424
930	590
930	619
930	680
930	692
930	778
930	799
930	816
930	823
930	847
930	883
930	903
930	906
930	921
930	922
930	942
930	963
930	988
930	990
930	997
931	122
931	316
931	591
931	687
931	695
931	711
931	720
931	725
931	732
931	797
931	805
931	817
931	842
931	853
931	856
931	858
931	879
931	885
931	886
931	923
931	926
931	937
931	951
931	956
931	970
931	972
931	973
931	974
932	174
932	312
932	400
932	420
932	443
932	655
932	742
932	784
932	799
932	851
932	857
932	861
932	862
932	880
932	883
932	906
932	915
932	921
932	922
932	943
932	950
932	954
932	965
932	970
932	987
932	992
932	994
932	998
933	299
933	321
933	416
933	519
933	640
933	671
933	677
933	708
933	774
933	895
933	929
933	938
933	944
933	964
933	966
933	985
933	986
933	998
934	134
934	238
934	296
934	306
934	506
934	509
934	584
934	675
934	693
934	703
934	757
934	777
934	829
934	847
934	859
934	871
934	890
934	927
934	962
934	965
934	967
934	979
934	980
934	982
934	988
934	991
934	992
935	40
935	146
935	155
935	194
935	269
935	353
935	365
935	480
935	501
935	535
935	544
935	550
935	579
935	636
935	637
935	718
935	727
935	728
935	748
935	758
935	773
935	781
935	793
935	828
935	848
935	889
935	913
935	950
935	976
936	348
936	478
936	556
936	571
936	574
936	594
936	611
936	676
936	696
936	700
936	722
936	752
936	808
936	816
936	834
936	843
936	863
936	869
936	878
936	893
936	903
936	920
936	942
936	959
936	963
936	981
936	989
936	990
936	996
937	34
937	262
937	529
937	543
937	572
937	644
937	658
937	662
937	687
937	695
937	711
937	744
937	767
937	796
937	855
937	879
937	890
937	895
937	900
937	909
937	931
937	946
937	953
937	959
937	972
937	974
937	987
937	993
937	1000
938	29
938	219
938	220
938	299
938	416
938	487
938	519
938	671
938	677
938	708
938	895
938	900
938	929
938	933
938	944
938	964
938	966
938	985
938	986
938	998
939	48
939	69
939	181
939	190
939	245
939	339
939	441
939	660
939	704
939	707
939	745
939	807
939	860
939	881
939	899
939	902
939	909
939	911
939	922
939	947
939	948
939	987
939	999
940	46
940	56
940	124
940	595
940	612
940	682
940	757
940	790
940	833
940	840
940	845
940	846
940	854
940	889
940	895
940	919
940	927
940	948
940	958
940	968
940	969
940	975
940	976
940	977
940	982
940	983
940	984
940	988
940	991
940	1000
941	24
941	28
941	254
941	352
941	430
941	523
941	597
941	614
941	627
941	639
941	641
941	648
941	657
941	665
941	690
941	789
941	848
941	869
941	873
941	893
941	897
941	912
941	920
941	952
941	963
941	968
941	981
941	988
941	989
942	7
942	60
942	93
942	270
942	303
942	375
942	385
942	497
942	569
942	611
942	623
942	669
942	696
942	698
942	794
942	804
942	823
942	847
942	863
942	877
942	891
942	930
942	936
942	954
942	963
942	967
942	981
942	993
942	996
942	999
943	58
943	64
943	97
943	233
943	268
943	288
943	340
943	363
943	372
943	420
943	443
943	825
943	875
943	877
943	903
943	932
943	954
943	994
944	95
944	219
944	220
944	299
944	416
944	519
944	671
944	677
944	684
944	708
944	755
944	768
944	810
944	812
944	833
944	891
944	895
944	929
944	933
944	938
944	962
944	964
944	966
944	985
944	986
944	998
945	63
945	140
945	183
945	200
945	286
945	322
945	368
945	382
945	454
945	459
945	493
945	501
945	578
945	580
945	625
945	652
945	715
945	718
945	747
945	767
945	769
945	830
945	860
945	870
945	900
945	909
945	914
945	924
945	949
945	957
945	978
946	136
946	164
946	310
946	451
946	477
946	503
946	584
946	604
946	625
946	633
946	640
946	653
946	673
946	674
946	676
946	683
946	697
946	701
946	723
946	762
946	796
946	867
946	871
946	937
946	956
946	957
946	967
946	969
946	971
946	972
946	1000
947	22
947	66
947	82
947	83
947	91
947	128
947	181
947	190
947	203
947	245
947	264
947	337
947	441
947	494
947	497
947	660
947	704
947	707
947	745
947	807
947	840
947	860
947	881
947	899
947	902
947	911
947	939
947	948
947	960
947	987
947	999
948	176
948	319
948	426
948	588
948	601
948	629
948	642
948	686
948	726
948	735
948	748
948	751
948	788
948	807
948	820
948	858
948	881
948	894
948	902
948	916
948	917
948	939
948	940
948	947
948	953
948	958
948	967
948	983
948	996
948	999
949	63
949	66
949	74
949	140
949	200
949	286
949	368
949	378
949	382
949	421
949	423
949	446
949	493
949	571
949	580
949	592
949	625
949	652
949	718
949	767
949	769
949	830
949	870
949	875
949	900
949	909
949	914
949	928
949	945
949	957
949	974
949	978
950	47
950	69
950	75
950	125
950	241
950	277
950	293
950	312
950	327
950	375
950	472
950	480
950	608
950	625
950	633
950	636
950	674
950	702
950	728
950	756
950	784
950	790
950	801
950	818
950	848
950	861
950	862
950	932
950	935
950	953
950	987
950	991
951	250
951	529
951	563
951	589
951	658
951	673
951	688
951	694
951	714
951	753
951	762
951	787
951	797
951	817
951	851
951	853
951	856
951	858
951	862
951	867
951	923
951	926
951	931
951	957
951	963
951	972
951	973
951	974
951	978
951	983
952	20
952	123
952	177
952	232
952	334
952	345
952	354
952	359
952	425
952	427
952	444
952	488
952	581
952	635
952	707
952	719
952	727
952	730
952	765
952	780
952	789
952	847
952	854
952	871
952	873
952	890
952	897
952	926
952	941
952	968
953	53
953	370
953	531
953	597
953	608
953	614
953	639
953	642
953	654
953	665
953	666
953	669
953	686
953	706
953	761
953	784
953	786
953	803
953	825
953	827
953	844
953	855
953	861
953	862
953	894
953	937
953	948
953	950
953	960
953	987
953	993
954	58
954	64
954	97
954	233
954	268
954	288
954	340
954	363
954	420
954	443
954	526
954	658
954	661
954	667
954	707
954	841
954	875
954	877
954	932
954	942
954	943
954	981
954	994
955	25
955	184
955	210
955	226
955	230
955	249
955	256
955	264
955	280
955	294
955	335
955	343
955	359
955	377
955	486
955	501
955	539
955	566
955	579
955	593
955	606
955	644
955	652
955	759
955	766
955	780
955	841
955	861
955	887
955	905
955	976
955	999
956	304
956	465
956	470
956	507
956	528
956	554
956	566
956	595
956	634
956	680
956	692
956	716
956	717
956	731
956	735
956	753
956	819
956	822
956	854
956	864
956	882
956	903
956	908
956	915
956	918
956	931
956	946
956	977
956	980
956	983
956	990
956	997
956	999
957	89
957	252
957	333
957	347
957	410
957	437
957	445
957	477
957	493
957	577
957	598
957	723
957	744
957	829
957	853
957	870
957	885
957	914
957	923
957	945
957	946
957	949
957	951
957	961
957	969
957	970
957	971
957	973
957	978
957	980
957	988
957	994
957	998
958	22
958	46
958	75
958	176
958	202
958	221
958	264
958	293
958	294
958	399
958	426
958	483
958	484
958	506
958	538
958	550
958	622
958	624
958	629
958	687
958	721
958	745
958	759
958	767
958	837
958	841
958	906
958	925
958	940
958	948
958	976
958	988
958	996
959	59
959	67
959	154
959	189
959	218
959	341
959	440
959	495
959	516
959	602
959	605
959	609
959	618
959	663
959	687
959	722
959	725
959	735
959	816
959	843
959	891
959	901
959	903
959	904
959	913
959	936
959	937
959	970
959	988
959	990
959	1000
960	35
960	94
960	239
960	266
960	297
960	319
960	357
960	394
960	520
960	567
960	600
960	601
960	630
960	666
960	691
960	706
960	709
960	710
960	748
960	751
960	758
960	761
960	778
960	799
960	827
960	874
960	883
960	906
960	921
960	922
960	947
960	953
960	1000
961	55
961	87
961	212
961	255
961	281
961	384
961	409
961	415
961	458
961	491
961	524
961	545
961	549
961	575
961	599
961	604
961	633
961	668
961	681
961	715
961	729
961	737
961	783
961	795
961	830
961	850
961	891
961	905
961	912
961	957
961	964
961	972
961	976
961	978
961	979
961	997
962	12
962	59
962	306
962	457
962	463
962	496
962	524
962	572
962	651
962	667
962	679
962	719
962	727
962	753
962	755
962	759
962	767
962	791
962	814
962	826
962	831
962	835
962	844
962	847
962	887
962	888
962	896
962	912
962	927
962	934
962	944
962	967
962	972
962	978
962	982
962	991
962	996
963	24
963	60
963	226
963	313
963	351
963	435
963	497
963	502
963	506
963	526
963	559
963	562
963	591
963	612
963	619
963	641
963	719
963	732
963	757
963	798
963	805
963	817
963	848
963	861
963	874
963	886
963	912
963	927
963	930
963	936
963	941
963	942
963	951
963	974
963	982
963	988
963	991
964	10
964	23
964	225
964	352
964	371
964	379
964	417
964	458
964	499
964	565
964	650
964	697
964	737
964	749
964	759
964	783
964	795
964	833
964	850
964	868
964	900
964	909
964	920
964	929
964	933
964	938
964	944
964	961
964	985
964	986
964	996
965	29
965	162
965	174
965	240
965	298
965	330
965	359
965	500
965	509
965	635
965	661
965	675
965	701
965	727
965	802
965	804
965	813
965	829
965	857
965	860
965	891
965	912
965	932
965	934
965	980
965	987
965	992
966	138
966	237
966	254
966	321
966	406
966	419
966	613
966	656
966	660
966	668
966	708
966	760
966	774
966	775
966	777
966	782
966	800
966	819
966	832
966	839
966	853
966	872
966	885
966	898
966	923
966	926
966	928
966	929
966	933
966	938
966	944
966	969
966	973
966	985
966	986
966	995
966	997
967	12
967	16
967	92
967	119
967	124
967	136
967	193
967	201
967	204
967	236
967	238
967	275
967	306
967	465
967	532
967	537
967	601
967	630
967	634
967	676
967	703
967	751
967	759
967	774
967	854
967	866
967	871
967	912
967	934
967	942
967	946
967	948
967	962
967	977
967	983
967	991
968	20
968	74
968	95
968	99
968	109
968	146
968	177
968	210
968	214
968	334
968	345
968	354
968	390
968	425
968	427
968	444
968	475
968	488
968	539
968	581
968	635
968	661
968	707
968	727
968	730
968	765
968	780
968	789
968	847
968	873
968	886
968	890
968	897
968	907
968	940
968	941
968	952
969	44
969	121
969	148
969	207
969	284
969	356
969	364
969	459
969	478
969	512
969	583
969	587
969	589
969	595
969	607
969	620
969	673
969	691
969	710
969	762
969	776
969	834
969	836
969	853
969	854
969	867
969	885
969	923
969	926
969	940
969	946
969	957
969	966
969	970
969	973
969	976
969	977
969	983
970	11
970	41
970	44
970	152
970	196
970	206
970	284
970	329
970	347
970	348
970	410
970	445
970	529
970	556
970	574
970	583
970	668
970	672
970	700
970	711
970	725
970	752
970	775
970	776
970	785
970	798
970	817
970	847
970	875
970	884
970	931
970	932
970	957
970	959
970	969
970	971
970	974
970	998
971	13
971	17
971	80
971	314
971	437
971	477
971	503
971	615
971	617
971	668
971	702
971	709
971	723
971	774
971	785
971	798
971	799
971	800
971	801
971	816
971	832
971	835
971	839
971	872
971	883
971	891
971	898
971	906
971	921
971	922
971	928
971	946
971	957
971	970
971	983
971	995
971	998
972	59
972	78
972	87
972	178
972	227
972	402
972	458
972	484
972	530
972	572
972	589
972	596
972	602
972	618
972	673
972	695
972	709
972	715
972	749
972	762
972	770
972	783
972	799
972	850
972	867
972	879
972	883
972	905
972	906
972	921
972	922
972	931
972	937
972	946
972	951
972	961
972	962
972	987
973	15
973	37
973	68
973	78
973	155
973	223
973	229
973	231
973	248
973	281
973	324
973	415
973	441
973	447
973	453
973	587
973	592
973	638
973	642
973	646
973	758
973	767
973	770
973	801
973	824
973	853
973	857
973	885
973	889
973	909
973	923
973	926
973	931
973	951
973	957
973	966
973	969
973	978
974	8
974	88
974	98
974	99
974	109
974	210
974	248
974	257
974	295
974	313
974	335
974	356
974	387
974	480
974	529
974	559
974	578
974	616
974	658
974	686
974	687
974	711
974	713
974	747
974	750
974	753
974	756
974	810
974	817
974	842
974	848
974	909
974	929
974	931
974	937
974	949
974	951
974	963
974	970
975	38
975	56
975	74
975	100
975	116
975	129
975	147
975	151
975	244
975	287
975	293
975	302
975	456
975	468
975	510
975	517
975	533
975	561
975	604
975	628
975	647
975	683
975	712
975	721
975	845
975	846
975	849
975	860
975	900
975	912
975	916
975	919
975	922
975	940
975	976
975	978
975	980
975	984
975	1000
976	46
976	113
976	165
976	184
976	249
976	365
976	426
976	445
976	484
976	512
976	535
976	539
976	566
976	593
976	629
976	637
976	647
976	712
976	728
976	745
976	773
976	781
976	834
976	845
976	846
976	887
976	908
976	913
976	935
976	940
976	955
976	958
976	961
976	969
976	975
976	980
976	984
976	988
976	996
977	54
977	96
977	100
977	104
977	121
977	124
977	137
977	364
977	465
977	491
977	515
977	532
977	569
977	571
977	575
977	595
977	609
977	634
977	665
977	805
977	854
977	884
977	905
977	940
977	956
977	967
977	969
977	983
978	82
978	387
978	405
978	409
978	493
978	517
978	533
978	541
978	580
978	587
978	599
978	610
978	646
978	647
978	737
978	779
978	783
978	818
978	834
978	845
978	846
978	850
978	853
978	870
978	885
978	914
978	919
978	923
978	926
978	945
978	949
978	951
978	957
978	961
978	962
978	973
978	975
978	979
978	982
978	984
978	986
979	32
979	87
979	114
979	163
979	215
979	247
979	384
979	403
979	518
979	592
979	627
979	644
979	689
979	693
979	705
979	713
979	726
979	736
979	770
979	774
979	777
979	779
979	783
979	788
979	795
979	797
979	810
979	811
979	820
979	850
979	858
979	866
979	873
979	916
979	917
979	934
979	961
979	978
979	982
979	999
980	29
980	50
980	53
980	151
980	158
980	162
980	178
980	235
980	351
980	504
980	508
980	562
980	628
980	656
980	675
980	680
980	701
980	731
980	760
980	768
980	775
980	782
980	819
980	822
980	845
980	846
980	850
980	864
980	876
980	900
980	908
980	919
980	925
980	934
980	956
980	957
980	965
980	975
980	976
980	984
980	987
980	992
981	30
981	105
981	127
981	222
981	274
981	467
981	494
981	505
981	510
981	552
981	635
981	643
981	657
981	699
981	702
981	719
981	724
981	771
981	775
981	779
981	802
981	808
981	810
981	818
981	824
981	825
981	830
981	843
981	869
981	875
981	877
981	893
981	920
981	936
981	941
981	942
981	954
981	989
982	57
982	79
982	141
982	192
982	210
982	234
982	281
982	311
982	328
982	329
982	377
982	418
982	456
982	463
982	473
982	496
982	502
982	574
982	612
982	624
982	636
982	645
982	651
982	713
982	718
982	738
982	757
982	766
982	842
982	853
982	859
982	874
982	927
982	934
982	940
982	962
982	963
982	978
982	979
982	988
982	989
982	991
983	48
983	54
983	76
983	92
983	96
983	104
983	121
983	124
983	137
983	205
983	269
983	296
983	317
983	333
983	364
983	378
983	390
983	408
983	465
983	466
983	480
983	491
983	515
983	532
983	542
983	569
983	571
983	575
983	595
983	634
983	854
983	884
983	899
983	905
983	940
983	948
983	951
983	956
983	967
983	969
983	971
983	977
984	38
984	56
984	83
984	100
984	116
984	129
984	135
984	151
984	205
984	244
984	287
984	302
984	356
984	468
984	486
984	489
984	517
984	533
984	539
984	561
984	604
984	628
984	637
984	647
984	683
984	712
984	721
984	775
984	793
984	845
984	846
984	849
984	860
984	895
984	900
984	912
984	919
984	940
984	975
984	976
984	978
984	980
985	69
985	95
985	123
985	145
985	194
985	219
985	220
985	291
985	299
985	343
985	377
985	416
985	454
985	456
985	519
985	522
985	527
985	549
985	592
985	616
985	638
985	671
985	677
985	691
985	708
985	728
985	768
985	808
985	810
985	812
985	833
985	895
985	907
985	929
985	933
985	938
985	944
985	964
985	966
985	986
985	987
985	993
985	998
986	47
986	95
986	147
986	192
986	203
986	207
986	214
986	219
986	220
986	251
986	299
986	393
986	416
986	456
986	460
986	471
986	519
986	527
986	549
986	592
986	616
986	638
986	652
986	671
986	677
986	684
986	691
986	708
986	728
986	768
986	810
986	812
986	833
986	895
986	929
986	933
986	938
986	944
986	964
986	966
986	978
986	985
986	998
987	69
987	240
987	379
987	403
987	408
987	454
987	500
987	538
987	572
987	602
987	608
987	618
987	675
987	701
987	736
987	739
987	784
987	797
987	807
987	842
987	856
987	858
987	861
987	862
987	881
987	882
987	884
987	902
987	932
987	937
987	939
987	947
987	950
987	953
987	965
987	972
987	980
987	985
987	991
987	992
987	999
988	24
988	128
988	239
988	301
988	311
988	426
988	460
988	473
988	506
988	520
988	577
988	598
988	605
988	629
988	641
988	704
988	745
988	756
988	757
988	786
988	829
988	833
988	852
988	874
988	901
988	904
988	911
988	912
988	915
988	921
988	925
988	927
988	930
988	934
988	940
988	941
988	957
988	958
988	959
988	963
988	976
988	982
988	991
988	996
988	998
989	30
989	48
989	105
989	222
989	248
989	274
989	276
989	290
989	333
989	379
989	421
989	467
989	494
989	505
989	510
989	550
989	552
989	635
989	643
989	657
989	699
989	702
989	719
989	724
989	757
989	771
989	775
989	776
989	779
989	802
989	808
989	810
989	818
989	824
989	830
989	865
989	869
989	875
989	877
989	893
989	920
989	936
989	941
989	981
989	982
990	70
990	123
990	141
990	170
990	182
990	259
990	261
990	272
990	281
990	341
990	344
990	360
990	398
990	404
990	411
990	483
990	491
990	507
990	527
990	542
990	563
990	594
990	609
990	627
990	692
990	707
990	723
990	735
990	802
990	806
990	809
990	816
990	831
990	841
990	849
990	857
990	875
990	878
990	901
990	903
990	915
990	930
990	936
990	956
990	959
991	36
991	57
991	66
991	79
991	202
991	246
991	259
991	264
991	290
991	311
991	328
991	329
991	338
991	370
991	418
991	463
991	468
991	473
991	496
991	502
991	574
991	612
991	624
991	625
991	636
991	645
991	651
991	713
991	718
991	757
991	766
991	842
991	859
991	874
991	920
991	927
991	934
991	940
991	950
991	962
991	963
991	967
991	982
991	987
991	988
992	2
992	29
992	36
992	48
992	133
992	162
992	174
992	175
992	216
992	226
992	240
992	277
992	283
992	290
992	298
992	308
992	317
992	324
992	330
992	339
992	379
992	424
992	500
992	509
992	526
992	527
992	539
992	592
992	635
992	661
992	675
992	701
992	727
992	746
992	802
992	813
992	857
992	860
992	891
992	909
992	927
992	932
992	934
992	965
992	980
992	987
993	18
993	36
993	51
993	65
993	77
993	86
993	149
993	171
993	209
993	221
993	226
993	242
993	252
993	269
993	303
993	318
993	339
993	423
993	433
993	459
993	484
993	485
993	489
993	501
993	531
993	549
993	569
993	655
993	662
993	669
993	698
993	734
993	753
993	774
993	803
993	812
993	842
993	855
993	859
993	897
993	900
993	925
993	937
993	942
993	953
993	985
994	48
994	58
994	64
994	65
994	92
994	97
994	123
994	170
994	202
994	223
994	232
994	233
994	262
994	268
994	276
994	288
994	289
994	322
994	323
994	335
994	340
994	343
994	363
994	390
994	404
994	420
994	423
994	443
994	449
994	501
994	537
994	542
994	550
994	562
994	579
994	606
994	636
994	652
994	661
994	667
994	707
994	875
994	877
994	932
994	943
994	954
994	957
995	22
995	33
995	72
995	91
995	118
995	149
995	183
995	185
995	201
995	255
995	256
995	263
995	277
995	296
995	300
995	308
995	322
995	345
995	386
995	482
995	491
995	497
995	547
995	571
995	603
995	607
995	655
995	661
995	683
995	719
995	741
995	764
995	792
995	800
995	810
995	832
995	838
995	839
995	848
995	857
995	860
995	872
995	898
995	917
995	928
995	966
995	971
996	23
996	32
996	47
996	159
996	336
996	346
996	361
996	399
996	404
996	417
996	426
996	469
996	526
996	547
996	611
996	619
996	629
996	644
996	650
996	696
996	734
996	741
996	753
996	755
996	758
996	759
996	780
996	791
996	814
996	817
996	818
996	852
996	863
996	899
996	909
996	915
996	925
996	936
996	942
996	948
996	958
996	962
996	964
996	976
996	988
996	999
997	55
997	74
997	118
997	138
997	199
997	237
997	321
997	332
997	362
997	384
997	406
997	411
997	422
997	464
997	528
997	545
997	555
997	599
997	623
997	685
997	717
997	737
997	750
997	756
997	768
997	774
997	780
997	783
997	786
997	795
997	811
997	823
997	839
997	850
997	859
997	868
997	877
997	882
997	891
997	901
997	905
997	918
997	930
997	956
997	961
997	966
998	3
998	11
998	14
998	31
998	73
998	130
998	175
998	195
998	206
998	230
998	256
998	314
998	347
998	400
998	410
998	432
998	452
998	588
998	642
998	654
998	657
998	671
998	677
998	686
998	708
998	742
998	769
998	781
998	785
998	806
998	835
998	851
998	859
998	880
998	894
998	902
998	929
998	932
998	933
998	938
998	944
998	957
998	970
998	971
998	985
998	986
998	988
999	26
999	71
999	153
999	180
999	261
999	285
999	369
999	375
999	385
999	392
999	447
999	514
999	632
999	682
999	716
999	726
999	766
999	770
999	772
999	788
999	794
999	801
999	804
999	807
999	819
999	820
999	830
999	837
999	881
999	884
999	902
999	908
999	916
999	917
999	922
999	939
999	942
999	947
999	948
999	955
999	956
999	979
999	987
999	996
999	1000
1000	4
1000	17
1000	43
1000	94
1000	99
1000	107
1000	139
1000	141
1000	154
1000	157
1000	164
1000	166
1000	189
1000	201
1000	218
1000	320
1000	325
1000	394
1000	396
1000	403
1000	440
1000	451
1000	489
1000	495
1000	567
1000	570
1000	600
1000	627
1000	631
1000	659
1000	727
1000	740
1000	790
1000	796
1000	809
1000	813
1000	831
1000	833
1000	840
1000	875
1000	895
1000	911
1000	915
1000	937
1000	940
1000	946
1000	959
1000	960
1000	975
1000	999
