1	645
1	887
1	898
1	968
2	342
2	509
2	948
2	982
3	380
3	730
3	795
3	997
4	192
4	263
4	550
4	691
5	432
5	637
5	814
5	945
6	62
6	578
6	639
6	793
6	803
6	999
7	763
7	833
7	875
7	968
7	979
8	149
8	523
8	541
8	870
9	351
9	717
9	746
9	989
10	18
10	777
10	825
10	980
10	999
11	154
11	545
11	648
11	769
12	506
12	821
12	832
12	985
13	50
13	820
13	852
13	930
14	801
14	842
14	968
14	980
15	99
15	853
15	929
15	999
16	488
16	658
16	705
16	785
17	652
17	691
17	791
17	908
18	10
18	251
18	483
18	722
19	881
19	953
19	971
19	999
20	693
20	796
20	906
20	997
21	477
21	791
21	942
21	994
22	162
22	276
22	300
22	513
22	793
22	969
23	204
23	600
23	939
23	966
24	361
24	702
24	764
24	781
25	189
25	927
25	965
25	996
26	279
26	485
26	529
26	972
27	486
27	888
27	909
27	920
28	284
28	550
28	734
28	852
28	996
29	238
29	401
29	885
29	924
30	640
30	711
30	795
30	908
30	980
31	857
31	889
31	935
31	975
32	67
32	627
32	709
32	976
33	914
33	943
33	978
33	993
34	333
34	665
34	856
34	945
35	664
35	775
35	932
35	997
36	115
36	796
36	842
36	918
37	104
37	131
37	343
37	793
38	699
38	930
38	963
38	985
39	300
39	953
39	971
39	999
40	65
40	265
40	564
40	673
41	698
41	762
41	801
41	907
42	707
42	914
42	948
42	993
43	271
43	686
43	950
43	989
44	142
44	551
44	885
44	924
45	252
45	765
45	845
45	967
46	134
46	331
46	644
46	666
47	151
47	589
47	605
47	648
47	969
48	587
48	719
48	911
48	973
48	986
49	333
49	414
49	762
49	786
49	948
50	13
50	859
50	913
50	994
51	884
51	928
51	957
51	973
52	830
52	896
52	951
52	979
53	246
53	555
53	621
53	719
54	868
54	885
54	936
54	952
54	996
55	687
55	915
55	955
55	982
56	858
56	940
56	952
56	987
57	924
57	930
57	946
57	955
57	977
58	874
58	879
58	952
58	962
59	748
59	863
59	931
59	973
60	301
60	588
60	821
60	886
61	777
61	849
61	901
61	946
62	6
62	787
62	868
62	973
63	453
63	839
63	948
63	959
63	996
64	363
64	769
64	867
64	998
65	40
65	540
65	850
65	920
66	891
66	900
66	948
66	977
67	32
67	509
67	773
67	929
68	573
68	706
68	747
68	972
68	979
69	266
69	675
69	762
69	850
70	134
70	821
70	972
70	995
71	690
71	695
71	798
71	886
72	510
72	723
72	757
72	832
73	730
73	795
73	862
73	997
74	323
74	687
74	696
74	771
75	272
75	386
75	733
75	995
76	956
76	959
76	967
76	997
77	479
77	556
77	616
77	993
78	586
78	728
78	883
78	911
79	805
79	888
79	947
79	1000
80	90
80	125
80	467
80	911
81	160
81	267
81	821
81	992
82	395
82	810
82	813
82	913
82	951
83	108
83	940
83	952
83	987
84	770
84	928
84	970
84	983
85	314
85	626
85	703
85	929
86	727
86	863
86	931
86	973
87	200
87	619
87	656
87	799
88	809
88	836
88	900
88	938
89	177
89	344
89	793
89	866
89	970
90	80
90	586
90	728
90	911
91	284
91	583
91	779
91	939
92	696
92	771
92	835
92	967
93	778
93	940
93	952
93	987
94	794
94	843
94	930
94	995
95	396
95	711
95	808
95	986
96	396
96	801
96	913
96	973
96	977
96	979
97	98
97	206
97	920
97	994
98	97
98	468
98	878
98	960
99	15
99	806
99	890
99	990
100	393
100	737
100	758
100	858
101	857
101	876
101	889
101	935
102	414
102	592
102	846
102	866
103	302
103	654
103	897
103	973
104	37
104	123
104	341
104	793
105	178
105	874
105	943
105	978
106	541
106	618
106	902
106	942
107	145
107	207
107	853
107	883
108	83
108	619
108	656
108	799
109	501
109	554
109	850
109	872
109	955
110	450
110	806
110	894
110	974
111	838
111	901
111	907
111	913
111	929
111	951
112	335
112	536
112	733
112	936
113	252
113	321
113	596
113	697
114	576
114	593
114	813
114	842
115	36
115	593
115	891
115	918
116	679
116	765
116	930
116	942
117	725
117	901
117	934
117	946
118	678
118	706
118	978
118	982
118	991
119	609
119	845
119	855
119	983
120	289
120	702
120	741
120	948
121	241
121	244
121	714
121	795
121	978
121	999
122	593
122	763
122	939
122	978
122	979
122	987
123	104
123	556
123	612
123	740
123	945
123	980
124	266
124	738
124	956
124	959
125	80
125	907
125	916
125	968
126	420
126	908
126	975
126	990
127	664
127	906
127	932
127	997
128	855
128	862
128	906
128	983
129	458
129	704
129	782
129	996
130	210
130	485
130	529
130	944
131	37
131	536
131	936
131	960
132	859
132	913
132	984
132	994
133	512
133	522
133	855
133	906
134	46
134	70
134	670
134	779
135	704
135	710
135	782
135	891
136	143
136	355
136	678
136	909
137	944
137	953
137	971
137	999
138	900
138	980
138	995
138	998
139	318
139	731
139	814
139	960
140	499
140	706
140	906
140	911
140	951
140	973
140	996
141	652
141	673
141	732
141	850
142	44
142	277
142	967
142	977
143	136
143	678
143	812
143	909
144	316
144	617
144	949
144	994
145	107
145	974
145	980
145	995
146	917
146	975
146	981
146	991
147	751
147	760
147	780
147	989
148	203
148	280
148	903
148	989
149	8
149	350
149	523
149	541
150	601
150	695
150	886
150	963
151	47
151	241
151	473
151	779
151	838
152	702
152	953
152	971
152	999
153	379
153	531
153	542
153	897
153	951
153	969
154	11
154	363
154	391
154	769
155	209
155	640
155	884
155	930
156	780
156	792
156	818
156	875
157	733
157	749
157	820
157	823
158	928
158	970
158	981
158	998
159	322
159	362
159	866
159	963
160	81
160	227
160	648
160	691
161	665
161	904
161	960
161	977
162	22
162	237
162	828
162	966
163	704
163	710
163	782
163	843
164	297
164	699
164	711
164	776
165	879
165	975
165	981
165	991
166	231
166	333
166	670
166	985
167	583
167	880
167	908
167	990
168	574
168	739
168	907
168	964
169	331
169	863
169	931
169	973
170	671
170	781
170	865
170	970
171	504
171	718
171	897
171	988
172	504
172	718
172	897
172	967
173	178
173	442
173	484
173	728
174	730
174	897
174	929
174	970
174	995
175	296
175	658
175	785
175	974
176	675
176	848
176	951
176	988
176	999
177	89
177	263
177	550
177	925
178	105
178	173
178	978
178	1000
179	694
179	786
179	872
179	1000
180	428
180	908
180	912
180	946
180	987
181	730
181	735
181	762
181	796
181	929
181	999
182	535
182	633
182	672
182	762
183	407
183	846
183	868
183	891
184	265
184	373
184	654
184	739
185	806
185	861
185	890
185	894
186	832
186	942
186	968
186	977
187	438
187	690
187	903
187	948
187	979
188	552
188	579
188	883
188	932
188	994
188	999
189	25
189	721
189	893
189	995
190	495
190	958
190	961
190	969
191	574
191	602
191	816
191	907
192	4
192	416
192	908
192	946
193	654
193	768
193	792
193	818
194	471
194	487
194	688
194	930
194	979
194	987
195	235
195	813
195	885
195	976
195	979
196	600
196	719
196	837
196	864
196	987
196	990
197	201
197	342
197	542
197	615
198	702
198	767
198	781
198	918
199	642
199	741
199	886
199	956
200	87
200	441
200	656
200	799
201	197
201	342
201	388
201	615
202	356
202	706
202	853
202	901
203	148
203	614
203	620
203	989
204	23
204	770
204	928
204	970
205	431
205	436
205	736
205	875
206	97
206	920
206	922
206	994
207	107
207	502
207	731
207	854
207	978
208	544
208	798
208	821
208	966
209	155
209	650
209	884
209	930
210	130
210	513
210	657
210	789
211	386
211	507
211	747
211	855
212	598
212	765
212	884
212	897
212	982
213	830
213	896
213	951
213	979
214	587
214	714
214	786
214	888
215	927
215	965
215	971
215	996
216	570
216	806
216	890
216	934
217	432
217	731
217	947
217	963
217	969
217	980
217	991
218	538
218	897
218	950
218	966
218	987
218	995
219	222
219	819
219	943
219	980
220	264
220	635
220	709
220	853
221	279
221	299
221	463
221	833
222	219
222	916
222	980
222	988
223	653
223	797
223	897
223	980
223	996
224	604
224	813
224	842
224	984
225	761
225	771
225	835
225	871
226	524
226	769
226	795
226	921
226	926
226	996
227	160
227	555
227	618
227	879
227	912
227	959
228	917
228	975
228	981
228	984
228	991
229	816
229	850
229	853
229	903
229	970
229	991
230	358
230	506
230	605
230	948
230	955
230	987
230	994
231	166
231	595
231	723
231	948
231	996
231	999
232	822
232	941
232	958
232	961
232	969
233	655
233	879
233	897
233	929
233	942
233	989
234	751
234	760
234	780
234	956
234	989
235	195
235	263
235	734
235	884
235	930
236	478
236	553
236	767
236	920
236	992
237	162
237	521
237	554
237	732
237	744
238	29
238	370
238	532
238	918
238	924
239	780
239	864
239	879
239	973
239	987
239	999
240	516
240	602
240	847
240	907
240	984
241	121
241	151
241	837
241	852
241	886
241	999
242	366
242	630
242	685
242	816
242	880
243	276
243	484
243	686
243	816
243	945
243	999
244	121
244	740
244	813
244	842
244	984
245	361
245	479
245	702
245	781
245	954
246	53
246	555
246	621
246	719
247	295
247	481
247	763
247	982
247	986
248	534
248	546
248	758
248	860
248	1000
249	725
249	809
249	825
249	900
249	938
250	809
250	825
250	900
250	938
250	963
251	18
251	589
251	745
251	897
251	984
251	990
252	45
252	113
252	799
252	818
252	959
253	726
253	916
253	943
253	980
253	982
254	359
254	562
254	865
254	874
254	954
255	553
255	754
255	770
255	928
255	970
256	772
256	878
256	978
256	993
256	1000
257	691
257	767
257	912
257	935
257	948
257	961
257	978
258	267
258	302
258	347
258	678
258	854
259	788
259	809
259	837
259	938
259	963
260	759
260	897
260	916
260	946
260	978
260	987
261	528
261	549
261	641
261	841
261	899
262	680
262	787
262	801
262	820
262	823
263	4
263	177
263	235
263	564
263	925
264	220
264	590
264	854
264	974
264	989
265	40
265	184
265	362
265	657
265	850
266	69
266	124
266	738
266	956
266	959
267	81
267	258
267	312
267	745
267	980
268	273
268	722
268	865
268	949
268	997
269	295
269	559
269	829
269	910
269	957
270	356
270	735
270	871
270	908
270	926
270	956
271	43
271	677
271	923
271	950
271	989
272	75
272	340
272	505
272	936
272	1000
273	268
273	920
273	929
273	932
273	950
273	991
274	368
274	732
274	850
274	939
274	993
275	816
275	834
275	842
275	978
275	986
275	987
276	22
276	243
276	406
276	521
276	775
277	142
277	292
277	904
277	960
277	977
278	543
278	554
278	698
278	786
278	988
279	26
279	221
279	299
279	812
279	994
280	148
280	614
280	735
280	750
280	903
281	744
281	856
281	880
281	910
281	998
282	629
282	881
282	953
282	971
282	999
283	802
283	808
283	940
283	952
283	987
284	28
284	91
284	864
284	939
284	957
285	357
285	814
285	885
285	924
285	990
286	623
286	680
286	810
286	852
286	985
287	385
287	690
287	885
287	915
287	977
288	636
288	683
288	956
288	959
288	997
289	120
289	698
289	833
289	986
289	988
290	825
290	838
290	879
290	885
290	911
290	999
291	519
291	524
291	561
291	756
291	966
292	277
292	532
292	539
292	589
292	977
293	794
293	843
293	876
293	893
293	995
294	330
294	636
294	956
294	959
294	967
295	247
295	269
295	330
295	646
295	763
296	175
296	521
296	594
296	785
296	974
297	164
297	580
297	866
297	974
297	992
298	684
298	759
298	795
298	819
298	852
298	999
299	221
299	279
299	559
299	833
299	994
300	22
300	39
300	529
300	660
300	972
301	60
301	763
301	866
301	884
301	970
302	103
302	258
302	495
302	536
302	866
303	611
303	743
303	868
303	891
303	915
304	782
304	917
304	975
304	981
304	991
305	487
305	812
305	880
305	957
305	962
306	755
306	917
306	975
306	981
306	991
307	839
307	857
307	889
307	935
307	985
308	488
308	740
308	795
308	955
308	962
309	698
309	916
309	929
309	961
309	971
309	982
310	405
310	567
310	775
310	941
310	957
311	439
311	589
311	880
311	960
311	977
312	267
312	605
312	616
312	800
312	821
313	393
313	546
313	737
313	758
313	1000
314	85
314	509
314	671
314	929
314	976
315	512
315	941
315	958
315	961
315	969
316	144
316	865
316	936
316	977
316	986
317	603
317	908
317	918
317	934
317	968
318	139
318	598
318	731
318	867
318	960
319	352
319	416
319	596
319	693
319	904
320	397
320	805
320	820
320	926
320	947
321	113
321	780
321	844
321	942
321	978
321	985
322	159
322	679
322	826
322	862
322	868
323	74
323	425
323	761
323	871
323	967
324	839
324	857
324	889
324	914
324	935
325	543
325	903
325	916
325	974
325	997
325	999
326	517
326	837
326	986
326	992
326	998
327	330
327	430
327	612
327	792
327	818
328	778
328	826
328	940
328	952
328	987
329	389
329	399
329	732
329	850
329	949
330	294
330	295
330	327
330	826
330	971
330	978
331	46
331	169
331	436
331	560
331	567
332	749
332	758
332	799
332	816
332	978
332	995
333	34
333	49
333	166
333	985
333	993
334	386
334	936
334	960
334	987
334	998
335	112
335	805
335	878
335	936
335	1000
336	675
336	707
336	889
336	948
336	993
337	372
337	605
337	800
337	804
337	993
338	642
338	767
338	850
338	932
338	954
339	593
339	620
339	834
339	864
339	903
340	272
340	405
340	936
340	937
340	992
341	104
341	343
341	636
341	793
341	815
342	2
342	197
342	201
342	542
342	615
343	37
343	341
343	537
343	793
343	867
344	89
344	509
344	687
344	922
344	946
344	969
344	996
345	660
345	762
345	837
345	848
345	951
345	991
345	996
346	832
346	889
346	913
346	922
346	998
347	258
347	678
347	854
347	909
347	918
348	453
348	717
348	905
348	976
348	992
349	679
349	783
349	826
349	891
349	912
350	149
350	523
350	541
350	749
350	776
351	9
351	643
351	878
351	905
351	906
352	319
352	416
352	596
352	904
352	908
353	507
353	609
353	747
353	948
353	983
354	544
354	731
354	913
354	968
354	970
354	977
355	136
355	383
355	629
355	923
355	950
356	202
356	270
356	823
356	950
356	968
357	285
357	388
357	853
357	973
357	978
357	996
358	230
358	411
358	679
358	868
358	912
359	254
359	451
359	865
359	964
359	989
360	511
360	560
360	902
360	943
360	994
361	24
361	245
361	702
361	781
361	783
362	159
362	265
362	399
362	816
362	993
363	64
363	154
363	545
363	769
363	998
364	839
364	968
364	985
364	990
364	995
365	463
365	837
365	946
365	970
365	974
365	995
366	242
366	630
366	685
366	816
366	909
367	663
367	748
367	786
367	879
367	922
368	274
368	395
368	399
368	657
368	693
369	821
369	864
369	886
369	932
369	995
370	238
370	469
370	562
370	924
370	925
371	495
371	531
371	898
371	920
371	996
371	999
372	337
372	605
372	804
372	905
372	1000
373	184
373	673
373	732
373	850
373	889
374	745
374	889
374	920
374	972
374	977
374	979
375	535
375	633
375	762
375	986
376	729
376	830
376	896
376	951
376	979
377	693
377	859
377	887
377	913
377	994
378	608
378	682
378	686
378	923
378	950
379	153
379	510
379	652
379	757
379	832
380	3
380	432
380	472
380	839
380	948
380	980
381	496
381	805
381	926
381	947
381	1000
382	457
382	693
382	935
382	977
382	995
383	355
383	629
383	677
383	875
383	923
384	748
384	811
384	931
384	973
384	1000
385	287
385	487
385	782
385	830
385	932
385	1000
386	75
386	211
386	334
386	536
386	936
387	772
387	839
387	857
387	889
387	935
388	201
388	357
388	542
388	615
388	855
389	329
389	839
389	857
389	889
389	985
390	640
390	734
390	841
390	884
390	930
391	154
391	545
391	724
391	769
391	998
392	731
392	773
392	839
392	949
392	961
392	973
393	100
393	313
393	546
393	758
393	860
394	580
394	586
394	622
394	711
394	866
395	82
395	368
395	399
395	406
395	949
396	95
396	96
396	821
396	866
396	974
397	320
397	565
397	805
397	926
397	947
398	895
398	927
398	965
398	996
399	329
399	362
399	368
399	395
399	882
400	832
400	834
400	889
400	923
400	986
401	29
401	447
401	551
401	645
401	994
402	617
402	765
402	853
402	994
402	999
403	762
403	934
403	968
403	979
403	982
404	614
404	620
404	857
404	864
404	903
405	310
405	340
405	513
405	798
405	970
406	276
406	395
406	497
406	534
406	762
406	837
407	183
407	728
407	826
407	868
407	891
407	912
408	509
408	520
408	874
408	929
408	976
408	990
409	433
409	661
409	720
409	887
409	898
409	968
410	464
410	499
410	571
410	764
410	838
410	992
411	358
411	521
411	583
411	857
411	938
411	971
411	987
412	634
412	847
412	881
412	953
412	971
412	999
413	753
413	822
413	941
413	958
413	961
413	969
414	49
414	102
414	592
414	685
414	699
414	866
415	526
415	591
415	611
415	826
415	891
415	912
416	192
416	319
416	352
416	596
416	693
416	892
417	523
417	735
417	819
417	838
417	842
417	894
417	978
418	496
418	553
418	603
418	705
418	769
418	871
418	987
419	727
419	803
419	863
419	931
419	942
419	973
420	126
420	741
420	888
420	908
420	925
420	990
421	678
421	685
421	753
421	763
421	977
421	978
421	995
422	445
422	458
422	704
422	710
422	782
422	833
423	647
423	843
423	876
423	896
423	993
423	995
424	737
424	831
424	882
424	915
424	955
424	982
425	323
425	527
425	761
425	771
425	798
425	833
426	807
426	840
426	861
426	894
426	943
426	974
427	735
427	901
427	926
427	932
427	980
427	999
428	180
428	586
428	728
428	829
428	911
428	999
429	746
429	808
429	940
429	941
429	952
429	987
430	327
430	612
430	768
430	792
430	818
430	970
431	205
431	537
431	548
431	598
431	875
431	934
432	5
432	217
432	380
432	627
432	814
432	945
433	409
433	661
433	720
433	887
433	898
433	968
434	638
434	738
434	746
434	940
434	952
434	987
435	439
435	874
435	960
435	967
435	977
435	978
436	205
436	331
436	886
436	902
436	969
436	979
436	992
437	788
437	836
437	900
437	938
437	963
437	995
438	187
438	560
438	867
438	883
438	960
438	976
439	311
439	435
439	494
439	589
439	918
439	977
440	730
440	780
440	789
440	821
440	929
440	970
440	971
440	996
441	200
441	619
441	656
441	799
441	944
441	1000
442	173
442	455
442	732
442	864
442	902
442	947
443	669
443	854
443	895
443	927
443	965
443	996
444	608
444	650
444	849
444	879
444	942
444	980
445	422
445	454
445	458
445	704
445	710
445	782
446	503
446	608
446	651
446	686
446	865
446	923
447	401
447	551
447	722
447	924
447	990
447	994
448	550
448	735
448	871
448	906
448	969
448	980
449	751
449	760
449	780
449	989
450	110
450	807
450	828
450	861
450	890
450	894
451	359
451	555
451	652
451	922
451	959
451	987
451	995
452	624
452	636
452	738
452	842
452	956
452	959
453	63
453	348
453	576
453	763
453	970
453	990
454	445
454	795
454	935
454	960
454	963
454	968
455	442
455	459
455	473
455	735
455	815
455	933
456	733
456	835
456	933
456	935
456	969
456	973
456	977
457	382
457	671
457	709
457	848
457	929
457	976
458	129
458	422
458	445
458	704
458	710
458	782
459	455
459	543
459	548
459	854
459	936
459	970
460	501
460	508
460	631
460	734
460	884
460	930
461	676
461	770
461	895
461	927
461	965
461	996
462	482
462	504
462	718
462	886
462	897
462	988
463	221
463	365
463	498
463	712
463	833
463	994
464	410
464	499
464	571
464	838
464	869
464	992
465	469
465	564
465	617
465	924
465	990
465	994
466	736
466	831
466	882
466	915
466	955
466	982
467	80
467	697
467	899
467	905
467	910
467	911
468	98
468	486
468	909
468	920
468	960
468	984
469	370
469	465
469	520
469	617
469	924
469	964
470	658
470	665
470	705
470	785
470	814
470	974
471	194
471	836
471	875
471	903
471	972
471	999
472	380
472	495
472	576
472	717
472	813
472	842
473	151
473	455
473	735
473	776
473	933
473	984
474	678
474	796
474	899
474	922
474	930
474	979
474	991
475	696
475	742
475	835
475	871
475	937
475	967
476	549
476	630
476	923
476	930
476	942
476	995
476	996
477	21
477	511
477	902
477	942
477	983
477	994
478	236
478	553
478	764
478	767
478	779
478	992
479	77
479	245
479	862
479	911
479	947
479	977
479	978
480	725
480	777
480	849
480	901
480	946
480	982
481	247
481	560
481	742
481	763
481	804
481	829
482	462
482	504
482	718
482	878
482	897
482	988
483	18
483	841
483	948
483	956
483	968
483	985
484	173
484	243
484	508
484	675
484	862
484	873
485	26
485	130
485	529
485	960
485	972
485	975
486	27
486	468
486	572
486	920
486	984
486	994
487	194
487	305
487	385
487	599
487	957
487	962
488	16
488	308
488	594
488	705
488	785
488	810
489	647
489	794
489	843
489	876
489	893
489	995
490	734
490	832
490	842
490	970
490	976
490	992
490	999
491	667
491	690
491	895
491	927
491	965
491	996
492	778
492	802
492	808
492	940
492	952
492	987
493	859
493	913
493	914
493	942
493	984
493	994
494	439
494	869
494	885
494	918
494	945
494	977
495	190
495	302
495	371
495	472
495	832
495	934
496	381
496	418
496	805
496	926
496	947
496	1000
497	406
497	798
497	886
497	914
497	986
497	990
498	463
498	728
498	902
498	936
498	970
498	996
499	140
499	410
499	464
499	571
499	838
499	992
500	729
500	830
500	896
500	900
500	951
500	979
501	109
501	460
501	517
501	658
501	963
501	979
501	991
502	207
502	580
502	699
502	711
502	974
502	986
503	446
503	629
503	677
503	779
503	923
503	937
503	950
504	171
504	172
504	462
504	482
504	718
504	897
504	967
505	272
505	518
505	733
505	909
505	936
505	960
505	998
506	12
506	230
506	595
506	652
506	757
506	858
506	939
507	211
507	353
507	512
507	522
507	747
507	855
507	940
508	460
508	484
508	759
508	886
508	982
508	996
508	998
509	2
509	67
509	314
509	344
509	408
509	520
509	929
510	72
510	379
510	595
510	652
510	757
510	832
510	985
511	360
511	477
511	569
511	618
511	734
511	902
511	942
512	133
512	315
512	507
512	522
512	581
512	609
512	855
513	22
513	210
513	405
513	657
513	714
513	888
513	976
514	671
514	720
514	771
514	823
514	946
514	951
514	982
515	815
515	837
515	838
515	884
515	948
515	969
515	998
516	240
516	584
516	602
516	632
516	646
516	739
516	907
517	326
517	501
517	837
517	944
517	974
517	986
517	992
518	505
518	701
518	878
518	936
518	960
518	992
518	1000
519	291
519	524
519	561
519	578
519	709
519	966
519	979
520	408
520	469
520	509
520	816
520	908
520	995
520	996
521	237
521	276
521	296
521	411
521	541
521	983
521	989
522	133
522	507
522	512
522	607
522	609
522	854
522	855
523	8
523	149
523	350
523	417
523	541
523	742
523	870
524	226
524	291
524	519
524	561
524	677
524	844
524	966
525	753
525	822
525	860
525	941
525	958
525	961
525	969
526	415
526	743
526	798
526	826
526	868
526	891
526	912
527	425
527	761
527	771
527	835
527	858
527	871
527	958
528	261
528	538
528	641
528	694
528	856
528	985
528	992
529	26
529	130
529	300
529	485
529	944
529	960
529	970
530	547
530	576
530	847
530	881
530	953
530	971
530	999
531	153
531	371
531	559
531	695
531	798
531	873
531	986
532	238
532	292
532	762
532	770
532	871
532	950
532	979
532	1000
533	582
533	672
533	721
533	851
533	876
533	893
533	995
534	248
534	406
534	546
534	548
534	616
534	758
534	1000
535	182
535	375
535	633
535	762
536	112
536	131
536	302
536	386
536	701
536	909
536	998
537	343
537	431
537	581
537	853
537	866
537	982
537	995
538	218
538	528
538	552
538	641
538	841
538	856
538	985
539	292
539	667
539	669
539	895
539	927
539	965
539	996
540	65
540	890
540	937
540	942
540	993
540	995
540	996
541	8
541	106
541	149
541	350
541	521
541	523
541	870
542	153
542	197
542	342
542	388
542	615
542	708
542	789
543	278
543	325
543	459
543	596
543	698
543	986
543	988
544	208
544	354
544	690
544	695
544	798
544	886
544	957
545	11
545	363
545	391
545	717
545	769
545	829
545	998
546	248
546	313
546	393
546	534
546	758
546	783
546	1000
547	530
547	634
547	847
547	881
547	953
547	971
547	999
548	431
548	459
548	534
548	763
548	781
548	816
548	923
549	261
549	476
549	641
549	873
549	899
549	985
549	992
550	4
550	28
550	177
550	448
550	642
550	859
550	925
551	44
551	401
551	447
551	885
551	893
551	924
551	949
552	188
552	538
552	793
552	907
552	922
552	945
552	996
553	236
553	255
553	418
553	478
553	767
553	962
553	992
554	109
554	237
554	278
554	698
554	833
554	986
554	988
555	53
555	227
555	246
555	451
555	621
555	719
555	925
556	77
556	123
556	605
556	800
556	910
556	993
556	1000
557	716
557	790
557	791
557	902
557	942
557	943
557	994
558	749
558	787
558	801
558	820
558	823
558	997
559	269
559	299
559	531
559	839
559	907
559	952
559	991
560	331
560	360
560	438
560	481
560	701
560	965
560	979
561	291
561	519
561	524
561	709
561	844
561	930
561	966
562	254
562	370
562	865
562	892
562	989
562	998
562	1000
563	723
563	726
563	819
563	853
563	916
563	954
563	988
564	40
564	263
564	465
564	735
564	758
564	810
564	982
565	397
565	805
565	926
565	947
565	962
565	972
565	994
566	606
566	729
566	830
566	896
566	951
566	979
566	1000
567	310
567	331
567	580
567	605
567	647
567	905
567	914
567	990
568	700
568	727
568	748
568	803
568	811
568	863
568	931
568	973
569	511
569	653
569	793
569	873
569	912
569	916
569	931
569	980
570	216
570	750
570	806
570	807
570	861
570	894
570	932
570	974
571	410
571	464
571	499
571	696
571	724
571	756
571	838
571	992
572	486
572	665
572	765
572	857
572	877
572	892
572	938
572	956
573	68
573	759
573	863
573	894
573	899
573	911
573	923
573	952
574	168
574	191
574	584
574	739
574	907
574	964
574	983
574	984
575	790
575	827
575	851
575	917
575	921
575	975
575	981
575	991
576	114
576	453
576	472
576	530
576	593
576	740
576	813
576	984
577	663
577	750
577	784
577	864
577	879
577	881
577	922
577	962
578	6
578	519
578	625
578	747
578	769
578	875
578	923
578	957
579	188
579	773
579	777
579	849
579	863
579	901
579	946
579	997
580	297
580	394
580	502
580	567
580	592
580	699
580	988
580	992
581	512
581	537
581	609
581	744
581	775
581	776
581	855
581	976
582	533
582	721
582	794
582	843
582	876
582	893
582	993
582	995
583	91
583	167
583	411
583	759
583	864
583	937
583	943
583	957
584	516
584	574
584	602
584	632
584	739
584	800
584	907
584	984
585	872
585	908
585	920
585	932
585	947
585	948
585	999
585	1000
586	78
586	90
586	394
586	428
586	649
586	797
586	911
586	919
587	48
587	214
587	603
587	714
587	841
587	845
587	854
587	976
588	60
588	858
588	898
588	934
588	942
588	947
588	950
588	968
589	47
589	251
589	292
589	311
589	439
589	883
589	967
589	977
590	264
590	825
590	846
590	873
590	901
590	920
590	932
590	946
591	415
591	623
591	680
591	810
591	852
591	985
592	102
592	414
592	580
592	662
592	699
592	799
592	824
592	988
593	114
593	115
593	122
593	339
593	576
593	740
593	813
593	842
594	296
594	488
594	658
594	785
594	814
594	974
594	975
594	998
595	231
595	506
595	510
595	757
595	792
595	832
595	858
595	985
596	113
596	319
596	352
596	416
596	543
596	635
596	675
596	904
597	611
597	743
597	796
597	826
597	868
597	912
597	962
597	983
598	212
598	318
598	431
598	707
598	761
598	855
598	898
598	948
599	487
599	714
599	763
599	871
599	963
599	973
599	976
599	994
600	23
600	196
600	674
600	867
600	934
600	939
600	964
600	966
601	150
601	668
601	690
601	695
601	798
601	815
601	834
601	957
602	191
602	240
602	516
602	584
602	632
602	739
602	907
602	964
603	317
603	418
603	587
603	697
603	714
603	789
603	841
603	909
604	224
604	612
604	756
604	916
604	926
604	963
604	980
604	991
605	47
605	230
605	312
605	337
605	372
605	556
605	567
605	644
606	566
606	729
606	830
606	896
606	923
606	951
606	979
607	522
607	769
607	929
607	959
607	969
607	973
607	976
607	980
608	378
608	444
608	446
608	651
608	657
608	923
608	950
608	990
609	119
609	353
609	512
609	522
609	581
609	706
609	821
609	976
610	615
610	632
610	739
610	857
610	865
610	897
610	936
610	949
611	303
611	415
611	597
611	796
611	812
611	846
611	891
611	912
612	123
612	327
612	430
612	604
612	768
612	815
612	818
612	983
613	788
613	825
613	836
613	840
613	900
613	938
613	963
613	974
614	203
614	280
614	404
614	620
614	780
614	903
614	909
614	989
615	197
615	201
615	342
615	388
615	542
615	610
615	789
615	857
616	77
616	312
616	534
616	903
616	944
616	965
616	979
616	984
617	144
617	402
617	465
617	469
617	645
617	885
617	924
617	932
618	106
618	227
618	511
618	716
618	791
618	812
618	828
618	902
619	87
619	108
619	441
619	656
619	799
619	899
619	944
619	946
620	203
620	339
620	404
620	614
620	775
620	864
620	880
620	903
621	53
621	246
621	555
621	642
621	719
621	856
621	925
621	929
622	394
622	866
622	931
622	947
622	959
622	969
622	978
622	999
623	286
623	591
623	680
623	810
623	852
623	856
623	875
623	985
624	452
624	683
624	738
624	860
624	867
624	956
624	959
624	988
625	578
625	653
625	668
625	786
625	834
625	875
626	85
626	632
626	682
626	751
626	929
626	947
626	976
626	981
627	32
627	432
627	713
627	926
627	928
627	929
627	969
627	970
628	688
628	757
628	832
628	836
628	924
628	932
628	969
628	980
629	282
629	355
629	383
629	503
629	686
629	923
629	950
629	967
630	242
630	366
630	476
630	685
630	721
630	816
630	909
630	914
631	460
631	640
631	650
631	734
631	841
631	884
631	930
631	998
632	516
632	584
632	602
632	610
632	626
632	647
632	739
632	907
633	182
633	375
633	535
633	762
633	984
634	412
634	547
634	847
634	860
634	881
634	953
634	971
634	984
634	999
635	220
635	596
635	792
635	885
635	924
635	928
635	949
635	970
635	1000
636	288
636	294
636	341
636	452
636	683
636	872
636	956
636	959
636	988
637	5
637	817
637	846
637	898
637	900
637	936
637	968
637	974
637	982
638	434
638	746
638	778
638	802
638	808
638	940
638	952
638	959
638	987
639	6
639	789
639	919
639	954
639	955
639	957
639	961
639	979
639	982
640	30
640	155
640	390
640	631
640	650
640	772
640	884
640	930
640	966
641	261
641	528
641	538
641	549
641	870
641	896
641	905
641	985
641	992
642	199
642	338
642	550
642	621
642	732
642	951
642	984
642	995
642	1000
643	351
643	777
643	878
643	890
643	901
643	913
643	947
643	950
643	976
644	46
644	605
644	799
644	886
644	887
644	964
644	968
644	999
644	1000
645	1
645	401
645	617
645	687
645	697
645	703
645	784
645	924
645	990
646	295
646	516
646	758
646	803
646	891
646	907
646	931
646	978
646	991
647	423
647	489
647	567
647	632
647	672
647	843
647	876
647	893
647	995
648	11
648	47
648	160
648	649
648	870
648	907
648	949
648	966
648	991
649	586
649	648
649	699
649	846
649	870
649	911
649	926
649	969
649	978
650	209
650	444
650	631
650	640
650	687
650	884
650	892
650	930
650	934
651	446
651	608
651	664
651	686
651	779
651	905
651	950
651	967
651	990
652	17
652	141
652	379
652	451
652	506
652	510
652	757
652	832
652	985
653	223
653	569
653	625
653	654
653	668
653	786
653	834
653	875
653	905
654	103
654	184
654	193
654	653
654	681
654	707
654	948
654	980
654	995
655	233
655	753
655	755
655	766
655	822
655	941
655	958
655	961
655	969
656	87
656	108
656	200
656	441
656	619
656	799
656	829
656	899
656	944
657	210
657	265
657	368
657	513
657	608
657	699
657	963
657	987
657	991
658	16
658	175
658	470
658	501
658	594
658	744
658	785
658	898
658	998
659	666
659	715
659	736
659	831
659	882
659	915
659	955
659	982
659	988
660	300
660	345
660	723
660	781
660	898
660	968
660	977
660	980
660	983
661	409
661	433
661	720
661	763
661	887
661	898
661	968
662	592
662	699
662	767
662	824
662	852
662	887
662	913
662	968
662	991
663	367
663	577
663	681
663	750
663	783
663	879
663	888
663	922
663	962
664	35
664	127
664	651
664	692
664	756
664	888
664	906
664	932
664	997
665	34
665	161
665	470
665	572
665	706
665	883
665	942
665	977
665	979
666	46
666	659
666	715
666	736
666	831
666	882
666	915
666	955
666	982
667	491
667	539
667	669
667	676
667	895
667	927
667	965
667	983
667	996
668	601
668	625
668	653
668	928
668	932
668	970
668	977
668	995
668	999
669	443
669	539
669	667
669	676
669	819
669	895
669	927
669	965
669	996
670	134
670	166
670	750
670	810
670	926
670	929
670	946
670	985
670	991
671	170
671	314
671	457
671	514
671	771
671	848
671	874
671	929
671	976
672	182
672	533
672	647
672	721
672	794
672	843
672	876
672	893
672	995
673	40
673	141
673	373
673	840
673	850
673	858
673	949
673	974
673	993
674	600
674	781
674	820
674	823
674	916
674	922
674	973
674	980
674	985
675	69
675	176
675	336
675	484
675	596
675	855
675	948
675	970
675	972
676	461
676	667
676	669
676	895
676	927
676	946
676	965
676	983
676	996
677	271
677	383
677	503
677	524
677	905
677	950
677	967
677	989
677	990
678	118
678	136
678	143
678	258
678	347
678	421
678	474
678	854
678	879
679	116
679	322
679	349
679	358
679	743
679	796
679	891
679	912
679	983
680	262
680	286
680	591
680	623
680	800
680	810
680	852
680	944
680	985
681	654
681	663
681	723
681	726
681	819
681	916
681	945
681	980
681	988
682	378
682	626
682	731
682	743
682	799
682	861
682	891
682	994
682	995
683	288
683	624
683	636
683	738
683	845
683	947
683	956
683	959
683	997
684	298
684	790
684	827
684	851
684	917
684	921
684	975
684	981
684	991
685	242
685	366
685	414
685	421
685	630
685	816
685	880
685	909
685	914
686	43
686	243
686	378
686	446
686	629
686	651
686	923
686	950
686	971
687	55
687	74
687	344
687	645
687	650
687	885
687	930
687	978
687	986
688	194
688	628
688	722
688	723
688	726
688	819
688	916
688	972
688	980
689	696
689	722
689	768
689	781
689	853
689	923
689	928
689	970
689	986
690	71
690	187
690	287
690	491
690	544
690	601
690	798
690	954
690	986
691	4
691	17
691	160
691	257
691	791
691	818
691	919
691	942
691	982
692	664
692	880
692	915
692	932
692	942
692	947
692	982
692	983
692	991
692	998
693	20
693	319
693	368
693	377
693	382
693	416
693	840
693	956
693	963
693	990
694	179
694	528
694	751
694	780
694	845
694	865
694	884
694	922
694	930
694	949
695	71
695	150
695	531
695	544
695	601
695	869
695	886
695	914
695	966
695	986
696	74
696	92
696	475
696	571
696	689
696	771
696	835
696	871
696	937
696	954
697	113
697	467
697	603
697	645
697	747
697	792
697	845
697	849
697	911
697	946
698	41
698	278
698	289
698	309
698	543
698	554
698	737
698	766
698	986
698	988
699	38
699	164
699	414
699	502
699	580
699	592
699	649
699	657
699	662
699	988
700	568
700	727
700	748
700	803
700	811
700	863
700	931
700	957
700	968
700	973
701	518
701	536
701	560
701	733
701	834
701	860
701	936
701	956
701	992
701	1000
702	24
702	120
702	152
702	198
702	245
702	361
702	764
702	781
702	848
702	918
703	85
703	645
703	783
703	833
703	882
703	920
703	924
703	929
703	932
703	955
704	129
704	135
704	163
704	422
704	445
704	458
704	710
704	782
704	869
704	916
705	16
705	418
705	470
705	488
705	785
705	872
705	873
705	880
705	974
705	998
706	68
706	118
706	140
706	202
706	609
706	665
706	828
706	853
706	906
706	937
707	42
707	336
707	598
707	654
707	750
707	850
707	870
707	914
707	948
707	993
708	542
708	737
708	866
708	948
708	956
708	967
708	977
708	982
708	990
708	993
709	32
709	220
709	457
709	519
709	561
709	824
709	853
709	932
709	950
709	996
710	135
710	163
710	422
710	445
710	458
710	704
710	782
710	833
710	869
710	961
711	30
711	95
711	164
711	394
711	502
711	848
711	866
711	986
711	988
711	992
712	463
712	730
712	795
712	855
712	874
712	910
712	929
712	979
712	997
712	1000
713	627
713	752
713	809
713	825
713	836
713	900
713	938
713	939
713	963
713	990
714	121
714	214
714	513
714	587
714	599
714	603
714	786
714	854
714	888
714	976
715	659
715	666
715	736
715	831
715	839
715	882
715	915
715	955
715	982
715	994
716	557
716	618
716	745
716	791
716	877
716	902
716	906
716	942
716	983
716	994
717	9
717	348
717	472
717	545
717	793
717	814
717	868
717	912
717	977
717	996
718	171
718	172
718	462
718	482
718	504
718	841
718	897
718	944
718	967
718	988
719	48
719	53
719	196
719	246
719	555
719	621
719	754
719	821
719	856
719	925
720	409
720	433
720	514
720	661
720	887
720	898
720	968
721	189
721	533
721	582
721	630
721	672
721	794
721	843
721	876
721	893
721	993
721	995
722	18
722	268
722	447
722	688
722	689
722	898
722	906
722	916
722	949
722	968
722	997
723	72
723	231
723	563
723	660
723	681
723	688
723	726
723	744
723	916
723	945
723	980
724	391
724	571
724	768
724	838
724	898
724	901
724	920
724	946
724	951
724	968
724	984
725	117
725	249
725	480
725	773
725	777
725	849
725	901
725	939
725	946
725	982
725	989
726	253
726	563
726	681
726	688
726	723
726	819
726	861
726	916
726	945
726	972
726	980
727	86
727	419
727	568
727	700
727	748
727	793
727	803
727	811
727	863
727	931
727	973
728	78
728	90
728	173
728	407
728	428
728	498
728	742
728	905
728	910
728	911
728	919
729	376
729	500
729	566
729	606
729	830
729	896
729	951
729	979
729	993
730	3
730	73
730	174
730	181
730	440
730	712
730	795
730	966
730	997
731	139
731	207
731	217
731	318
731	354
731	392
731	682
731	883
731	909
731	960
731	976
732	141
732	237
732	274
732	329
732	373
732	442
732	642
732	840
732	850
732	949
732	993
733	75
733	112
733	157
733	456
733	505
733	701
733	834
733	936
733	992
733	998
733	1000
734	28
734	235
734	390
734	460
734	490
734	511
734	631
734	745
734	884
734	930
734	934
735	181
735	270
735	280
735	417
735	427
735	448
735	455
735	473
735	564
735	776
735	933
736	205
736	466
736	659
736	666
736	715
736	831
736	882
736	915
736	955
736	982
736	994
737	100
737	313
737	424
737	698
737	708
737	750
737	855
737	885
737	924
737	986
737	990
738	124
738	266
738	434
738	452
738	624
738	683
738	956
738	959
738	974
738	988
738	997
739	168
739	184
739	516
739	574
739	584
739	602
739	610
739	632
739	907
739	964
739	984
740	123
740	244
740	308
740	576
740	593
740	813
740	814
740	842
740	872
740	984
740	991
741	120
741	199
741	420
741	776
741	784
741	844
741	880
741	908
741	925
741	990
741	998
742	475
742	481
742	523
742	728
742	771
742	911
742	925
742	935
742	948
742	986
742	987
743	303
743	526
743	597
743	679
743	682
743	796
743	826
743	833
743	868
743	891
743	912
744	237
744	281
744	581
744	658
744	723
744	792
744	860
744	898
744	968
744	974
744	980
745	251
745	267
745	374
745	716
745	734
745	884
745	886
745	924
745	942
745	957
745	991
746	9
746	429
746	434
746	638
746	778
746	802
746	808
746	940
746	952
746	976
746	987
747	68
747	211
747	353
747	507
747	578
747	697
747	845
747	855
747	862
747	967
747	976
747	983
748	59
748	367
748	384
748	568
748	700
748	727
748	803
748	811
748	863
748	931
748	973
748	983
749	157
749	332
749	350
749	558
749	787
749	801
749	820
749	823
749	856
749	933
749	964
749	997
750	280
750	570
750	577
750	663
750	670
750	707
750	737
750	903
750	948
750	950
750	978
750	998
751	147
751	234
751	449
751	626
751	694
751	760
751	780
751	868
751	933
751	989
752	713
752	806
752	837
752	872
752	879
752	898
752	922
752	968
752	978
752	993
752	996
752	998
753	413
753	421
753	525
753	655
753	755
753	766
753	822
753	941
753	958
753	961
753	969
754	255
754	719
754	770
754	844
754	858
754	928
754	954
754	962
754	964
754	970
754	988
754	998
755	306
755	655
755	753
755	766
755	822
755	902
755	941
755	958
755	961
755	969
756	291
756	571
756	604
756	664
756	765
756	838
756	845
756	898
756	920
756	932
756	968
756	992
757	72
757	379
757	506
757	510
757	595
757	628
757	652
757	832
757	851
757	858
757	939
757	985
758	100
758	248
758	313
758	332
758	393
758	534
758	546
758	564
758	646
758	860
758	971
758	1000
759	260
759	298
759	508
759	573
759	583
759	779
759	937
759	939
759	943
759	957
759	977
759	987
760	147
760	234
760	449
760	751
760	780
760	817
760	933
760	989
761	225
761	323
761	425
761	527
761	598
761	771
761	835
761	871
761	892
761	937
761	949
761	954
762	41
762	49
762	69
762	181
762	182
762	345
762	375
762	403
762	406
762	532
762	535
762	633
763	7
763	122
763	247
763	295
763	301
763	421
763	453
763	481
763	548
763	599
763	661
763	804
764	24
764	410
764	478
764	702
764	837
764	838
764	859
764	875
764	913
764	954
764	966
764	992
765	45
765	116
765	212
765	402
765	572
765	756
765	791
765	844
765	845
765	864
765	918
765	974
766	655
766	698
766	753
766	755
766	822
766	941
766	958
766	961
766	969
767	198
767	236
767	257
767	338
767	478
767	553
767	662
767	814
767	869
767	888
767	962
767	992
768	193
768	430
768	612
768	689
768	724
768	792
768	818
768	860
768	892
768	913
768	937
768	939
768	983
769	11
769	64
769	154
769	226
769	363
769	391
769	418
769	545
769	578
769	607
769	786
769	962
769	998
770	84
770	204
770	255
770	461
770	532
770	754
770	848
770	928
770	954
770	962
770	964
770	970
770	998
771	74
771	92
771	225
771	425
771	514
771	527
771	671
771	696
771	742
771	761
771	835
771	848
771	871
772	256
772	387
772	640
772	792
772	818
772	926
772	930
772	935
772	947
772	955
772	978
772	982
772	987
773	67
773	392
773	579
773	725
773	777
773	797
773	849
773	883
773	901
773	919
773	946
773	989
773	993
774	790
774	817
774	827
774	851
774	917
774	921
774	924
774	975
774	981
774	991
775	35
775	276
775	310
775	581
775	620
775	879
775	903
775	922
775	931
775	932
775	938
775	963
775	976
776	164
776	350
776	473
776	581
776	735
776	741
776	908
776	951
776	956
776	979
776	983
776	986
776	997
777	10
777	61
777	480
777	579
777	643
777	725
777	773
777	815
777	849
777	939
777	946
777	989
777	997
778	93
778	328
778	492
778	638
778	746
778	795
778	802
778	808
778	940
778	952
778	972
778	985
778	987
779	91
779	134
779	151
779	478
779	503
779	651
779	759
779	794
779	807
779	844
779	915
779	966
779	995
780	147
780	156
780	234
780	239
780	321
780	440
780	449
780	614
780	694
780	751
780	760
780	933
780	989
781	24
781	170
781	198
781	245
781	361
781	548
781	660
781	674
781	689
781	702
781	783
781	848
781	918
782	129
782	135
782	163
782	304
782	385
782	422
782	445
782	458
782	704
782	710
782	794
782	833
782	869
783	349
783	361
783	546
783	663
783	703
783	781
783	879
783	923
783	950
783	964
783	965
783	996
783	1000
784	577
784	645
784	741
784	838
784	879
784	892
784	908
784	922
784	924
784	948
784	961
784	969
785	16
785	175
785	296
785	470
785	488
785	594
785	658
785	705
785	880
785	910
785	919
785	974
785	998
786	49
786	179
786	214
786	278
786	367
786	625
786	653
786	714
786	769
786	922
786	986
786	987
786	993
787	62
787	262
787	558
787	749
787	801
787	820
787	823
787	919
787	964
787	997
788	259
788	437
788	613
788	804
788	809
788	825
788	836
788	900
788	934
788	938
788	939
788	963
788	988
789	210
789	440
789	542
789	603
789	615
789	639
789	810
789	852
789	859
789	913
789	920
789	951
789	979
790	557
790	575
790	684
790	774
790	817
790	827
790	851
790	917
790	921
790	975
790	981
790	991
791	17
791	21
791	557
791	618
791	691
791	716
791	765
791	815
791	902
791	910
791	942
791	943
791	983
791	994
792	156
792	193
792	327
792	430
792	595
792	635
792	697
792	744
792	768
792	772
792	862
792	892
792	937
792	939
793	6
793	22
793	37
793	89
793	104
793	341
793	343
793	552
793	569
793	717
793	727
793	815
793	867
793	914
794	94
794	293
794	489
794	582
794	672
794	721
794	779
794	782
794	820
794	843
794	873
794	876
794	957
794	995
795	3
795	30
795	73
795	121
795	226
795	298
795	308
795	454
795	712
795	730
795	778
795	827
795	966
795	997
796	20
796	36
796	181
796	474
796	597
796	611
796	679
796	743
796	812
796	826
796	868
796	891
796	912
796	945
797	223
797	586
797	773
797	865
797	874
797	889
797	901
797	911
797	922
797	935
797	955
797	973
797	982
797	998
798	71
798	208
798	405
798	425
798	497
798	526
798	531
798	544
798	601
798	690
798	815
798	886
798	919
798	966
799	87
799	108
799	200
799	252
799	332
799	441
799	592
799	619
799	644
799	656
799	682
799	829
799	899
799	944
800	312
800	337
800	556
800	584
800	680
800	852
800	889
800	907
800	926
800	935
800	947
800	955
800	961
800	969
801	14
801	41
801	96
801	262
801	558
801	749
801	787
801	820
801	822
801	823
801	856
801	933
801	964
801	997
802	283
802	492
802	638
802	746
802	778
802	808
802	848
802	933
802	940
802	943
802	952
802	976
802	985
802	987
803	6
803	419
803	568
803	646
803	700
803	727
803	748
803	811
803	834
803	863
803	931
803	957
803	973
803	983
804	337
804	372
804	481
804	763
804	788
804	805
804	871
804	946
804	947
804	949
804	956
804	959
804	993
804	997
805	79
805	320
805	335
805	381
805	397
805	496
805	565
805	804
805	867
805	926
805	947
805	962
805	972
805	1000
806	99
806	110
806	185
806	216
806	570
806	752
806	807
806	861
806	890
806	894
806	937
806	945
806	966
806	993
807	426
807	450
807	570
807	779
807	806
807	861
807	890
807	894
807	934
807	943
807	966
807	970
807	990
807	993
808	95
808	283
808	429
808	492
808	638
808	746
808	778
808	802
808	940
808	952
808	954
808	972
808	985
808	987
809	88
809	249
809	250
809	259
809	713
809	788
809	825
809	836
809	900
809	938
809	945
809	963
809	979
809	990
810	82
810	286
810	488
810	564
810	591
810	623
810	670
810	680
810	789
810	852
810	856
810	875
810	944
810	985
811	384
811	568
811	700
811	727
811	748
811	803
811	841
811	863
811	894
811	910
811	931
811	973
811	983
811	993
812	143
812	279
812	305
812	611
812	618
812	796
812	893
812	942
812	957
812	965
812	978
812	994
812	995
812	996
813	82
813	114
813	195
813	224
813	244
813	472
813	576
813	593
813	740
813	814
813	842
813	918
813	967
813	984
814	5
814	139
814	285
814	432
814	470
814	594
814	717
814	740
814	767
814	813
814	875
814	909
814	950
814	976
814	992
815	341
815	455
815	515
815	601
815	612
815	777
815	791
815	793
815	798
815	818
815	849
815	902
815	908
815	933
815	946
816	191
816	229
816	242
816	243
816	275
816	332
816	362
816	366
816	520
816	548
816	630
816	685
816	880
816	909
816	914
817	637
817	760
817	774
817	790
817	827
817	851
817	917
817	921
817	975
817	981
817	991
818	156
818	193
818	252
818	327
818	430
818	612
818	691
818	768
818	772
818	815
818	860
818	875
818	892
818	937
818	950
819	219
819	298
819	417
819	563
819	669
819	681
819	688
819	726
819	829
819	916
819	945
819	954
819	972
819	980
819	988
820	13
820	157
820	262
820	320
820	558
820	674
820	749
820	787
820	794
820	801
820	823
820	856
820	933
820	964
820	997
821	12
821	60
821	70
821	81
821	208
821	312
821	369
821	396
821	440
821	609
821	719
821	855
821	903
821	986
821	993
822	232
822	413
822	525
822	655
822	753
822	755
822	766
822	801
822	941
822	958
822	961
822	969
823	157
823	262
823	356
823	514
823	558
823	674
823	749
823	787
823	801
823	820
823	844
823	858
823	933
823	964
823	997
824	592
824	662
824	709
824	834
824	839
824	850
824	931
824	935
824	956
824	959
824	973
824	981
824	991
824	992
824	993
825	10
825	249
825	250
825	290
825	590
825	613
825	713
825	788
825	809
825	836
825	892
825	900
825	938
825	963
825	990
826	322
826	328
826	330
826	349
826	407
826	415
826	526
826	597
826	743
826	796
826	862
826	891
826	912
826	945
826	962
827	575
827	684
827	774
827	790
827	795
827	817
827	851
827	917
827	921
827	975
827	981
827	985
827	991
828	162
828	450
828	618
828	706
828	853
828	859
828	863
828	902
828	913
828	926
828	931
828	937
828	947
828	949
828	966
828	973
829	269
829	428
829	481
829	545
829	656
829	799
829	819
829	859
829	899
829	910
829	911
829	913
829	916
829	965
829	980
829	998
830	52
830	213
830	376
830	385
830	500
830	566
830	606
830	729
830	896
830	951
830	979
831	424
831	466
831	659
831	666
831	715
831	736
831	882
831	915
831	948
831	955
831	972
831	982
831	984
831	994
832	12
832	72
832	186
832	346
832	379
832	400
832	490
832	495
832	510
832	595
832	628
832	652
832	757
832	854
832	939
832	984
833	7
833	221
833	289
833	299
833	422
833	425
833	463
833	554
833	703
833	710
833	743
833	782
833	871
833	906
833	922
833	949
834	275
834	339
834	400
834	601
834	625
834	653
834	701
834	733
834	803
834	824
834	850
834	875
834	903
834	950
834	955
834	989
835	92
835	225
835	456
835	475
835	527
835	696
835	761
835	771
835	858
835	871
835	892
835	938
835	949
835	954
835	967
835	986
836	88
836	437
836	471
836	613
836	628
836	713
836	788
836	809
836	825
836	900
836	931
836	933
836	938
836	963
836	988
836	994
837	196
837	241
837	259
837	326
837	345
837	365
837	406
837	515
837	517
837	752
837	764
837	944
837	974
837	986
837	992
837	998
838	111
838	151
838	290
838	410
838	417
838	464
838	499
838	515
838	571
838	724
838	756
838	764
838	784
838	869
838	892
838	992
839	63
839	307
839	324
839	364
839	380
839	387
839	389
839	392
839	559
839	715
839	824
839	857
839	889
839	925
839	935
839	985
840	426
840	613
840	673
840	693
840	732
840	865
840	926
840	947
840	951
840	952
840	954
840	963
840	979
840	987
840	988
840	995
841	261
841	390
841	483
841	538
841	587
841	603
841	631
841	718
841	811
841	897
841	930
841	931
841	938
841	963
841	973
841	976
842	14
842	36
842	114
842	224
842	244
842	275
842	417
842	452
842	472
842	490
842	593
842	740
842	813
842	872
842	983
842	984
843	94
843	163
843	293
843	423
843	489
843	582
843	647
843	672
843	721
843	794
843	876
843	893
843	904
843	957
843	993
843	995
844	321
844	524
844	561
844	741
844	754
844	765
844	779
844	823
844	868
844	892
844	908
844	912
844	928
844	950
844	959
844	970
844	974
845	45
845	119
845	587
845	683
845	694
845	697
845	747
845	756
845	765
845	872
845	876
845	893
845	927
845	959
845	966
845	976
845	998
846	102
846	183
846	590
846	611
846	637
846	649
846	887
846	891
846	898
846	926
846	947
846	951
846	955
846	968
846	979
846	981
846	982
847	240
847	412
847	530
847	547
847	634
847	881
847	949
847	953
847	967
847	971
847	984
847	986
847	999
848	176
848	345
848	457
848	671
848	702
848	711
848	770
848	771
848	781
848	802
848	866
848	893
848	928
848	929
848	954
848	970
848	995
849	61
849	444
849	480
849	579
849	697
849	725
849	773
849	777
849	815
849	883
849	901
849	919
849	939
849	946
849	989
849	997
849	999
850	65
850	69
850	109
850	141
850	229
850	265
850	274
850	329
850	338
850	373
850	673
850	707
850	732
850	824
850	834
850	858
850	949
851	533
851	575
851	684
851	757
851	774
851	790
851	817
851	827
851	917
851	921
851	975
851	981
851	991
852	13
852	28
852	241
852	286
852	298
852	591
852	623
852	662
852	680
852	789
852	800
852	810
852	856
852	875
852	918
852	944
852	985
853	15
853	107
853	202
853	220
853	229
853	357
853	402
853	537
853	563
853	689
853	706
853	709
853	828
853	883
853	906
853	937
853	957
854	207
854	258
854	264
854	347
854	443
854	459
854	522
854	587
854	678
854	714
854	832
854	855
854	923
854	950
854	952
854	987
854	997
855	119
855	128
855	133
855	211
855	388
855	507
855	512
855	522
855	581
855	598
855	675
855	712
855	737
855	747
855	821
855	854
855	983
856	34
856	281
856	528
856	538
856	621
856	623
856	719
856	749
856	801
856	810
856	820
856	852
856	887
856	898
856	960
856	968
856	997
857	31
857	101
857	307
857	324
857	387
857	389
857	404
857	411
857	572
857	610
857	615
857	839
857	869
857	889
857	925
857	935
857	985
858	56
858	100
858	506
858	527
858	588
858	595
858	673
858	754
858	757
858	823
858	835
858	850
858	928
858	956
858	970
858	974
858	993
859	50
859	132
859	377
859	493
859	550
859	764
859	789
859	828
859	829
859	873
859	913
859	914
859	984
859	994
860	248
860	393
860	525
860	624
860	634
860	701
860	744
860	758
860	768
860	818
860	892
860	918
860	936
860	940
860	959
860	987
860	988
861	185
861	426
861	450
861	570
861	682
861	726
861	806
861	807
861	890
861	894
861	899
861	934
861	943
861	945
861	974
861	990
861	993
862	73
862	128
862	322
862	479
862	484
862	747
862	792
862	826
862	868
862	873
862	936
862	937
862	972
862	978
862	981
862	983
862	991
862	998
863	59
863	86
863	169
863	419
863	568
863	573
863	579
863	700
863	727
863	748
863	803
863	811
863	828
863	910
863	931
863	957
863	973
863	983
864	196
864	239
864	284
864	339
864	369
864	404
864	442
864	577
864	583
864	620
864	765
864	903
864	920
864	922
864	938
864	981
864	991
864	994
865	170
865	254
865	268
865	316
865	359
865	446
865	562
865	610
865	694
865	797
865	840
865	878
865	892
865	954
865	964
865	989
865	998
865	1000
866	89
866	102
866	159
866	297
866	301
866	302
866	394
866	396
866	414
866	537
866	622
866	708
866	711
866	848
866	974
866	988
866	992
866	996
867	64
867	318
867	343
867	438
867	600
867	624
867	793
867	805
867	926
867	934
867	947
867	956
867	964
867	974
867	975
867	976
867	981
867	991
868	54
868	62
868	183
868	303
868	322
868	358
868	407
868	526
868	597
868	717
868	743
868	751
868	796
868	844
868	862
868	877
868	912
868	983
869	464
869	494
869	695
869	704
869	710
869	767
869	782
869	838
869	857
869	874
869	889
869	935
869	961
869	962
869	971
869	977
869	992
869	999
870	8
870	523
870	541
870	641
870	648
870	649
870	707
870	878
870	906
870	920
870	940
870	948
870	952
870	953
870	971
870	984
870	994
870	999
871	225
871	270
871	323
871	418
871	448
871	475
871	527
871	532
871	599
871	696
871	761
871	771
871	804
871	833
871	835
871	892
871	949
871	968
872	109
872	179
872	585
872	636
872	705
872	740
872	752
872	842
872	845
872	878
872	910
872	915
872	918
872	949
872	956
872	959
872	982
872	1000
873	484
873	531
873	549
873	569
873	590
873	705
873	794
873	859
873	862
873	876
873	889
873	913
873	915
873	935
873	955
873	982
873	984
873	995
874	58
874	105
874	254
874	408
874	435
874	671
874	712
874	797
874	869
874	882
874	922
874	932
874	955
874	959
874	977
874	978
874	982
874	997
875	7
875	156
875	205
875	383
875	431
875	471
875	578
875	623
875	625
875	653
875	764
875	810
875	814
875	818
875	834
875	852
875	934
875	988
876	101
876	293
876	423
876	489
876	533
876	582
876	647
876	672
876	721
876	794
876	843
876	845
876	873
876	893
876	899
876	966
876	993
876	995
877	572
877	716
877	868
877	891
877	902
877	912
877	915
877	942
877	955
877	965
877	975
877	978
877	981
877	982
877	991
877	993
877	996
877	1000
878	98
878	256
878	335
878	351
878	482
878	518
878	643
878	865
878	870
878	872
878	920
878	936
878	948
878	960
878	964
878	978
878	989
878	993
878	998
879	58
879	165
879	227
879	233
879	239
879	290
879	367
879	444
879	577
879	663
879	678
879	752
879	775
879	783
879	784
879	888
879	922
879	949
879	962
880	167
880	242
880	281
880	305
880	311
880	620
880	685
880	692
880	705
880	741
880	785
880	816
880	903
880	908
880	951
880	957
880	962
880	979
880	989
881	19
881	282
881	412
881	530
881	547
881	577
881	634
881	847
881	895
881	953
881	967
881	971
881	984
881	986
881	999
882	399
882	424
882	466
882	659
882	666
882	703
882	715
882	736
882	831
882	874
882	915
882	918
882	955
882	972
882	982
882	984
882	989
882	994
883	78
883	107
883	188
883	438
883	589
883	665
883	731
883	773
883	849
883	853
883	901
883	953
883	965
883	971
883	976
883	977
883	994
883	996
883	999
884	51
884	155
884	209
884	212
884	235
884	301
884	390
884	460
884	515
884	631
884	640
884	650
884	694
884	734
884	745
884	885
884	930
884	934
884	938
885	29
885	44
885	54
885	195
885	285
885	287
885	290
885	494
885	551
885	617
885	635
885	687
885	737
885	884
885	924
885	925
885	949
885	990
885	994
886	60
886	71
886	150
886	199
886	241
886	369
886	436
886	462
886	497
886	508
886	544
886	644
886	695
886	745
886	798
886	914
886	954
886	966
886	986
887	1
887	377
887	409
887	433
887	644
887	661
887	662
887	720
887	846
887	856
887	898
887	968
887	997
888	27
888	79
888	214
888	420
888	513
888	663
888	664
888	714
888	767
888	879
888	908
888	922
888	932
888	962
888	975
888	981
888	990
888	991
888	997
889	31
889	101
889	307
889	324
889	336
889	346
889	373
889	374
889	387
889	389
889	400
889	797
889	800
889	839
889	857
889	869
889	873
889	914
889	935
889	985
890	99
890	185
890	216
890	450
890	540
890	643
890	806
890	807
890	861
890	894
890	899
890	912
890	925
890	943
890	945
890	966
890	969
890	974
890	990
890	993
891	66
891	115
891	135
891	183
891	303
891	349
891	407
891	415
891	526
891	611
891	646
891	679
891	682
891	743
891	796
891	826
891	846
891	877
891	912
891	983
892	416
892	562
892	572
892	650
892	761
892	768
892	784
892	792
892	818
892	825
892	835
892	838
892	844
892	860
892	865
892	871
892	938
892	963
892	992
892	1000
893	189
893	293
893	489
893	533
893	551
893	582
893	647
893	672
893	721
893	812
893	843
893	845
893	848
893	876
893	899
893	904
893	919
893	957
893	993
893	995
894	110
894	185
894	417
894	426
894	450
894	570
894	573
894	806
894	807
894	811
894	861
894	890
894	899
894	925
894	934
894	945
894	954
894	966
894	990
894	993
895	398
895	443
895	461
895	491
895	539
895	667
895	669
895	676
895	881
895	927
895	945
895	962
895	964
895	965
895	983
895	992
895	996
896	52
896	213
896	376
896	423
896	500
896	566
896	606
896	641
896	729
896	830
896	904
896	951
896	979
897	103
897	153
897	171
897	172
897	174
897	212
897	218
897	223
897	233
897	251
897	260
897	462
897	482
897	504
897	610
897	718
897	841
897	935
897	967
897	972
897	988
898	1
898	371
898	409
898	433
898	588
898	598
898	637
898	658
898	660
898	661
898	720
898	722
898	724
898	744
898	752
898	756
898	846
898	856
898	887
898	917
898	968
899	261
899	467
899	474
899	549
899	573
899	619
899	656
899	799
899	829
899	861
899	876
899	890
899	893
899	894
899	905
899	933
899	935
899	978
899	992
899	993
899	995
900	66
900	88
900	138
900	249
900	250
900	437
900	500
900	613
900	637
900	713
900	788
900	809
900	825
900	836
900	933
900	934
900	938
900	941
900	963
900	988
900	990
901	61
901	111
901	117
901	202
901	427
901	480
901	579
901	590
901	643
901	724
901	725
901	773
901	797
901	849
901	883
901	919
901	939
901	946
901	974
901	989
901	997
902	106
902	360
902	436
902	442
902	477
902	498
902	511
902	557
902	618
902	716
902	755
902	791
902	815
902	828
902	877
902	910
902	942
902	943
902	977
902	983
902	994
903	148
903	187
903	229
903	280
903	325
903	339
903	404
903	471
903	614
903	616
903	620
903	750
903	775
903	821
903	834
903	864
903	880
903	907
903	909
903	972
903	989
904	161
904	277
904	319
904	352
904	596
904	843
904	893
904	896
904	919
904	927
904	951
904	953
904	965
904	971
904	977
904	979
904	988
904	990
904	995
904	996
904	999
905	348
905	351
905	372
905	467
905	567
905	641
905	651
905	653
905	677
905	728
905	899
905	911
905	914
905	923
905	975
905	976
905	981
905	985
905	991
905	992
905	1000
906	20
906	127
906	128
906	133
906	140
906	351
906	448
906	664
906	706
906	716
906	722
906	833
906	853
906	870
906	932
906	949
906	976
906	985
906	989
906	992
906	996
907	41
907	111
907	125
907	168
907	191
907	240
907	516
907	552
907	559
907	574
907	584
907	602
907	632
907	646
907	648
907	739
907	800
907	903
907	923
907	964
907	984
908	17
908	30
908	126
908	167
908	180
908	192
908	270
908	317
908	352
908	420
908	520
908	585
908	741
908	776
908	784
908	815
908	844
908	880
908	888
908	925
908	990
909	27
909	136
909	143
909	347
909	366
909	468
909	505
909	536
909	603
909	614
909	630
909	685
909	731
909	814
909	816
909	903
909	920
909	936
909	960
909	976
909	983
909	989
910	269
910	281
910	467
910	556
910	712
910	728
910	785
910	791
910	811
910	829
910	863
910	872
910	902
910	911
910	919
910	927
910	931
910	942
910	965
910	973
910	986
910	996
911	48
911	78
911	80
911	90
911	140
911	290
911	428
911	467
911	479
911	573
911	586
911	649
911	697
911	728
911	742
911	797
911	829
911	905
911	910
911	919
911	939
911	973
912	180
912	227
912	257
912	349
912	358
912	407
912	415
912	526
912	569
912	597
912	611
912	679
912	717
912	743
912	796
912	826
912	844
912	868
912	877
912	890
912	891
912	983
913	50
913	82
913	96
913	111
913	132
913	346
913	354
913	377
913	493
913	643
913	662
913	764
913	768
913	789
913	828
913	829
913	859
913	873
913	914
913	952
913	984
913	994
914	33
914	42
914	324
914	493
914	497
914	567
914	630
914	685
914	695
914	707
914	793
914	816
914	859
914	886
914	889
914	905
914	913
914	935
914	948
914	978
914	993
914	1000
915	55
915	287
915	303
915	424
915	466
915	659
915	666
915	692
915	715
915	736
915	779
915	831
915	872
915	873
915	877
915	882
915	955
915	972
915	982
915	984
915	991
915	994
916	125
916	222
916	253
916	260
916	309
916	325
916	563
916	569
916	604
916	674
916	681
916	688
916	704
916	722
916	723
916	726
916	819
916	829
916	943
916	958
916	972
916	980
917	146
917	228
917	304
917	306
917	575
917	684
917	774
917	790
917	817
917	827
917	851
917	898
917	921
917	943
917	944
917	960
917	975
917	981
917	991
918	36
918	115
918	198
918	238
918	317
918	347
918	439
918	494
918	702
918	765
918	781
918	813
918	852
918	860
918	872
918	882
918	924
918	925
918	945
918	955
918	974
918	977
918	982
919	586
919	639
919	691
919	728
919	773
919	785
919	787
919	798
919	849
919	893
919	901
919	904
919	910
919	911
919	925
919	945
919	946
919	953
919	954
919	957
919	971
919	977
919	999
920	27
920	65
920	97
920	206
920	236
920	273
920	371
920	374
920	468
920	486
920	585
920	590
920	703
920	724
920	756
920	789
920	864
920	870
920	878
920	909
920	960
920	994
920	997
921	226
921	575
921	684
921	774
921	790
921	817
921	827
921	851
921	917
921	959
921	975
921	981
921	991
922	206
922	344
922	346
922	367
922	451
922	474
922	552
922	577
922	663
922	674
922	694
922	752
922	775
922	784
922	786
922	797
922	833
922	864
922	874
922	879
922	888
922	940
922	943
923	271
923	355
923	378
923	383
923	400
923	446
923	476
923	503
923	548
923	573
923	578
923	606
923	608
923	629
923	686
923	689
923	783
923	854
923	905
923	907
923	950
923	989
923	990
924	29
924	44
924	57
924	238
924	285
924	370
924	447
924	465
924	469
924	551
924	617
924	628
924	635
924	645
924	703
924	737
924	745
924	774
924	784
924	885
924	918
924	925
924	949
924	981
925	177
925	263
925	370
925	420
925	550
925	555
925	621
925	719
925	741
925	742
925	839
925	857
925	885
925	890
925	894
925	908
925	918
925	919
925	924
925	935
925	951
925	990
925	991
925	993
926	226
926	270
926	320
926	381
926	397
926	427
926	496
926	565
926	604
926	627
926	649
926	670
926	772
926	800
926	805
926	828
926	840
926	846
926	867
926	947
926	962
926	972
926	995
926	1000
927	25
927	215
927	398
927	443
927	461
927	491
927	539
927	667
927	669
927	676
927	845
927	895
927	904
927	910
927	932
927	933
927	945
927	962
927	964
927	965
927	983
927	996
928	51
928	84
928	158
928	204
928	255
928	627
928	635
928	668
928	689
928	754
928	770
928	844
928	848
928	858
928	953
928	954
928	962
928	964
928	965
928	970
928	998
929	15
929	67
929	85
929	111
929	174
929	181
929	233
929	273
929	309
929	314
929	408
929	440
929	457
929	509
929	607
929	621
929	626
929	627
929	670
929	671
929	703
929	712
929	848
929	979
930	13
930	38
930	57
930	94
930	116
930	155
930	194
930	209
930	235
930	390
930	460
930	474
930	476
930	561
930	631
930	640
930	650
930	687
930	694
930	734
930	772
930	841
930	884
930	934
931	59
931	86
931	169
931	384
931	419
931	568
931	569
931	622
931	646
931	700
931	727
931	748
931	775
931	803
931	811
931	824
931	828
931	836
931	841
931	863
931	910
931	957
931	973
931	983
932	35
932	127
932	188
932	273
932	338
932	369
932	385
932	427
932	570
932	585
932	590
932	617
932	628
932	664
932	668
932	692
932	703
932	709
932	756
932	775
932	874
932	888
932	906
932	927
932	997
933	455
933	456
933	473
933	735
933	749
933	751
933	760
933	780
933	801
933	802
933	815
933	820
933	823
933	836
933	899
933	900
933	927
933	938
933	940
933	952
933	963
933	978
933	987
933	989
933	993
934	117
934	216
934	317
934	403
934	431
934	495
934	588
934	600
934	650
934	734
934	788
934	807
934	861
934	867
934	875
934	884
934	894
934	900
934	930
934	938
934	963
934	966
934	978
934	993
934	1000
935	31
935	101
935	257
935	307
935	324
935	382
935	387
935	454
935	456
935	742
935	772
935	797
935	800
935	824
935	839
935	857
935	869
935	873
935	889
935	897
935	899
935	914
935	925
935	956
935	985
936	54
936	112
936	131
936	272
936	316
936	334
936	335
936	340
936	386
936	459
936	498
936	505
936	518
936	610
936	637
936	701
936	733
936	860
936	862
936	878
936	909
936	937
936	943
936	976
936	992
937	340
937	475
937	503
937	540
937	583
937	696
937	706
937	759
937	761
937	768
937	792
937	806
937	818
937	828
937	853
937	862
937	936
937	939
937	943
937	958
937	961
937	967
937	969
937	983
937	986
937	998
938	88
938	249
938	250
938	259
938	411
938	437
938	572
938	613
938	713
938	775
938	788
938	809
938	825
938	835
938	836
938	841
938	864
938	884
938	892
938	900
938	933
938	934
938	939
938	963
938	988
938	990
939	23
939	91
939	122
939	274
939	284
939	506
939	600
939	713
939	725
939	757
939	759
939	768
939	777
939	788
939	792
939	832
939	849
939	901
939	911
939	937
939	938
939	963
939	964
939	979
939	983
939	985
940	56
940	83
940	93
940	283
940	328
940	429
940	434
940	492
940	507
940	638
940	746
940	778
940	802
940	808
940	860
940	870
940	922
940	933
940	943
940	952
940	954
940	972
940	976
940	985
940	987
940	997
941	232
941	310
941	315
941	413
941	429
941	525
941	655
941	753
941	755
941	766
941	822
941	900
941	944
941	958
941	961
941	969
942	21
942	106
942	116
942	186
942	233
942	321
942	419
942	444
942	476
942	477
942	493
942	511
942	540
942	557
942	588
942	665
942	691
942	692
942	716
942	745
942	791
942	812
942	877
942	902
942	910
942	983
942	994
943	33
943	105
943	219
943	253
943	360
943	426
943	557
943	583
943	759
943	791
943	802
943	807
943	861
943	890
943	902
943	916
943	917
943	922
943	936
943	937
943	940
943	952
943	957
943	978
943	980
943	987
943	1000
944	130
944	137
944	441
944	517
944	529
944	616
944	619
944	656
944	680
944	718
944	799
944	810
944	837
944	852
944	917
944	941
944	958
944	960
944	961
944	969
944	972
944	975
944	981
944	985
944	986
944	991
944	998
945	5
945	34
945	123
945	243
945	432
945	494
945	552
945	681
945	723
945	726
945	796
945	806
945	809
945	819
945	826
945	861
945	890
945	894
945	895
945	918
945	919
945	927
945	965
945	968
945	977
945	980
945	996
946	57
946	61
946	117
946	180
946	192
946	260
946	344
946	365
946	480
946	514
946	579
946	590
946	619
946	670
946	676
946	697
946	724
946	725
946	773
946	777
946	804
946	815
946	849
946	901
946	919
946	965
946	989
946	997
947	79
947	217
947	320
947	381
947	397
947	442
947	479
947	496
947	565
947	585
947	588
947	622
947	626
947	643
947	683
947	692
947	772
947	800
947	804
947	805
947	828
947	840
947	846
947	867
947	926
947	962
947	972
947	1000
948	2
948	42
948	49
948	63
948	66
948	120
948	187
948	230
948	231
948	257
948	336
948	353
948	380
948	483
948	515
948	585
948	598
948	654
948	675
948	707
948	708
948	742
948	750
948	784
948	831
948	870
948	878
948	914
948	993
949	144
949	268
949	329
949	392
949	395
949	551
949	610
949	635
949	648
949	673
949	694
949	722
949	732
949	761
949	804
949	828
949	833
949	835
949	847
949	850
949	871
949	872
949	879
949	885
949	906
949	924
949	962
949	966
949	990
950	43
950	218
950	271
950	273
950	355
950	356
950	378
950	503
950	532
950	588
950	608
950	629
950	643
950	651
950	677
950	686
950	709
950	750
950	783
950	814
950	818
950	834
950	844
950	854
950	923
950	966
950	967
950	989
950	990
951	52
951	82
951	111
951	140
951	153
951	176
951	213
951	345
951	376
951	500
951	514
951	566
951	606
951	642
951	724
951	729
951	776
951	789
951	830
951	840
951	846
951	880
951	896
951	904
951	925
951	959
951	979
951	992
952	54
952	56
952	58
952	83
952	93
952	283
952	328
952	429
952	434
952	492
952	559
952	573
952	638
952	746
952	778
952	802
952	808
952	840
952	854
952	870
952	913
952	933
952	940
952	943
952	954
952	972
952	976
952	985
952	987
953	19
953	39
953	137
953	152
953	282
953	412
953	530
953	547
953	634
953	847
953	870
953	881
953	883
953	904
953	919
953	928
953	958
953	967
953	971
953	973
953	984
953	986
953	999
954	245
954	254
954	338
954	563
954	639
954	690
954	696
954	754
954	761
954	764
954	770
954	808
954	819
954	835
954	840
954	848
954	865
954	886
954	894
954	919
954	928
954	940
954	952
954	970
954	980
954	986
954	987
954	988
954	989
954	998
955	55
955	57
955	109
955	230
955	308
955	424
955	466
955	639
955	659
955	666
955	703
955	715
955	736
955	772
955	797
955	800
955	831
955	834
955	846
955	873
955	874
955	877
955	882
955	915
955	918
955	972
955	982
955	984
955	990
955	994
956	76
956	124
956	199
956	234
956	266
956	270
956	288
956	294
956	452
956	483
956	572
956	624
956	636
956	683
956	693
956	701
956	708
956	738
956	776
956	804
956	824
956	858
956	867
956	872
956	935
956	959
956	967
956	974
956	988
956	997
957	51
957	269
957	284
957	305
957	310
957	487
957	544
957	578
957	583
957	601
957	639
957	700
957	745
957	759
957	794
957	803
957	812
957	843
957	853
957	863
957	880
957	893
957	919
957	931
957	943
957	961
957	962
957	968
957	973
957	995
958	190
958	232
958	315
958	413
958	525
958	527
958	655
958	753
958	755
958	766
958	822
958	916
958	937
958	941
958	944
958	953
958	961
958	969
958	971
959	63
959	76
959	124
959	227
959	252
959	266
959	288
959	294
959	451
959	452
959	607
959	622
959	624
959	636
959	638
959	683
959	738
959	804
959	824
959	844
959	845
959	860
959	872
959	874
959	921
959	951
959	956
959	967
959	974
959	988
959	997
960	98
960	131
960	139
960	161
960	277
960	311
960	318
960	334
960	435
960	438
960	454
960	468
960	485
960	505
960	518
960	529
960	731
960	856
960	878
960	909
960	917
960	920
960	944
960	972
960	973
960	975
960	977
960	980
960	981
960	991
960	994
961	190
961	232
961	257
961	309
961	315
961	392
961	413
961	525
961	639
961	655
961	710
961	753
961	755
961	766
961	784
961	800
961	822
961	869
961	937
961	941
961	944
961	957
961	958
961	969
962	58
962	305
962	308
962	487
962	553
962	565
962	577
962	597
962	663
962	754
962	767
962	769
962	770
962	805
962	826
962	869
962	879
962	880
962	888
962	895
962	926
962	927
962	928
962	947
962	949
962	957
962	965
962	970
962	992
962	996
962	998
963	38
963	150
963	159
963	217
963	250
963	259
963	437
963	454
963	501
963	599
963	604
963	613
963	657
963	693
963	713
963	775
963	788
963	809
963	825
963	836
963	840
963	841
963	892
963	900
963	933
963	934
963	938
963	939
963	985
963	988
963	989
963	990
964	168
964	359
964	469
964	574
964	600
964	602
964	644
964	739
964	749
964	754
964	770
964	783
964	787
964	801
964	820
964	823
964	865
964	867
964	878
964	895
964	907
964	927
964	928
964	939
964	965
964	966
964	970
964	984
964	985
964	996
964	998
964	1000
965	25
965	215
965	398
965	443
965	461
965	491
965	539
965	560
965	616
965	667
965	669
965	676
965	783
965	812
965	829
965	877
965	883
965	895
965	904
965	910
965	927
965	928
965	945
965	946
965	962
965	964
965	983
965	996
966	23
966	162
966	208
966	218
966	291
966	519
966	524
966	561
966	600
966	640
966	648
966	695
966	730
966	764
966	779
966	795
966	798
966	806
966	807
966	828
966	845
966	876
966	886
966	890
966	894
966	934
966	949
966	950
966	964
966	986
966	997
967	45
967	76
967	92
967	142
967	172
967	294
967	323
967	435
967	475
967	504
967	589
967	629
967	651
967	677
967	708
967	718
967	747
967	813
967	835
967	847
967	881
967	897
967	937
967	950
967	953
967	956
967	959
967	971
967	973
967	977
967	988
967	990
967	999
968	1
968	7
968	14
968	125
968	186
968	317
968	354
968	356
968	364
968	403
968	409
968	433
968	454
968	483
968	588
968	637
968	644
968	660
968	661
968	662
968	700
968	720
968	722
968	724
968	744
968	752
968	756
968	846
968	856
968	871
968	887
968	898
968	945
968	957
969	22
969	47
969	153
969	190
969	217
969	232
969	315
969	344
969	413
969	436
969	448
969	456
969	515
969	525
969	607
969	622
969	627
969	628
969	649
969	655
969	753
969	755
969	766
969	784
969	800
969	822
969	890
969	937
969	941
969	944
969	958
969	961
969	987
969	997
970	84
970	89
970	158
970	170
970	174
970	204
970	229
970	255
970	301
970	354
970	365
970	405
970	430
970	440
970	453
970	459
970	490
970	498
970	529
970	627
970	635
970	668
970	675
970	689
970	754
970	770
970	807
970	844
970	848
970	858
970	928
970	954
970	962
970	964
970	998
971	19
971	39
971	137
971	152
971	215
971	282
971	309
971	330
971	411
971	412
971	440
971	530
971	547
971	634
971	686
971	758
971	847
971	869
971	870
971	881
971	883
971	904
971	919
971	953
971	958
971	967
971	984
971	986
971	999
972	26
972	68
972	70
972	300
972	374
972	471
972	485
972	565
972	675
972	688
972	726
972	778
972	805
972	808
972	819
972	831
972	862
972	882
972	897
972	903
972	915
972	916
972	926
972	940
972	944
972	947
972	952
972	955
972	960
972	980
972	982
972	987
972	988
972	998
972	1000
973	48
973	51
973	59
973	62
973	86
973	96
973	103
973	140
973	169
973	239
973	357
973	384
973	392
973	419
973	456
973	568
973	599
973	607
973	674
973	700
973	727
973	748
973	797
973	803
973	811
973	824
973	828
973	841
973	863
973	910
973	911
973	931
973	953
973	957
973	960
973	967
973	983
974	110
974	145
974	175
974	264
974	296
974	297
974	325
974	365
974	396
974	426
974	470
974	502
974	517
974	570
974	594
974	613
974	637
974	673
974	705
974	738
974	744
974	765
974	785
974	837
974	844
974	858
974	861
974	866
974	867
974	890
974	901
974	918
974	956
974	959
974	988
974	989
974	992
974	998
975	31
975	126
975	146
975	165
975	228
975	304
975	306
975	485
975	575
975	594
975	684
975	774
975	790
975	817
975	827
975	851
975	867
975	877
975	888
975	905
975	917
975	921
975	944
975	960
975	981
975	991
976	32
976	195
976	314
976	348
976	408
976	438
976	457
976	490
976	513
976	581
976	587
976	599
976	607
976	609
976	626
976	643
976	671
976	714
976	731
976	746
976	747
976	775
976	802
976	814
976	841
976	845
976	867
976	883
976	905
976	906
976	909
976	936
976	940
976	952
976	987
976	989
976	999
976	1000
977	57
977	66
977	96
977	142
977	161
977	186
977	277
977	287
977	292
977	311
977	316
977	354
977	374
977	382
977	421
977	435
977	439
977	456
977	479
977	494
977	589
977	660
977	665
977	668
977	708
977	717
977	759
977	869
977	874
977	883
977	902
977	904
977	918
977	919
977	945
977	960
977	967
977	980
978	33
978	105
978	118
978	121
978	122
978	178
978	207
978	256
978	257
978	260
978	275
978	321
978	330
978	332
978	357
978	417
978	421
978	435
978	479
978	622
978	646
978	649
978	687
978	750
978	752
978	772
978	812
978	862
978	874
978	877
978	878
978	899
978	914
978	933
978	934
978	943
978	993
978	1000
979	7
979	52
979	68
979	96
979	122
979	187
979	194
979	195
979	213
979	374
979	376
979	403
979	436
979	474
979	500
979	501
979	519
979	532
979	560
979	566
979	606
979	616
979	639
979	665
979	712
979	729
979	776
979	789
979	809
979	830
979	840
979	846
979	880
979	896
979	904
979	929
979	939
979	951
980	10
980	14
980	30
980	123
980	138
980	145
980	217
980	219
980	222
980	223
980	253
980	267
980	380
980	427
980	444
980	448
980	569
980	604
980	607
980	628
980	654
980	660
980	674
980	681
980	688
980	723
980	726
980	744
980	819
980	829
980	916
980	943
980	945
980	954
980	960
980	972
980	977
980	988
980	989
981	146
981	158
981	165
981	228
981	304
981	306
981	575
981	626
981	684
981	774
981	790
981	817
981	824
981	827
981	846
981	851
981	862
981	864
981	867
981	877
981	888
981	905
981	917
981	921
981	924
981	944
981	960
981	975
981	991
982	2
982	55
982	118
982	212
982	247
982	253
982	309
982	403
982	424
982	466
982	480
982	508
982	514
982	537
982	564
982	637
982	639
982	659
982	666
982	691
982	692
982	708
982	715
982	725
982	736
982	772
982	797
982	831
982	846
982	872
982	873
982	874
982	877
982	882
982	915
982	918
982	955
982	972
982	984
982	994
983	84
983	119
983	128
983	353
983	477
983	521
983	574
983	597
983	612
983	660
983	667
983	676
983	679
983	692
983	716
983	747
983	748
983	768
983	776
983	791
983	803
983	811
983	842
983	855
983	862
983	863
983	868
983	891
983	895
983	902
983	909
983	912
983	927
983	931
983	937
983	939
983	942
983	965
983	973
983	996
984	132
984	224
984	228
984	240
984	244
984	251
984	468
984	473
984	486
984	493
984	574
984	576
984	584
984	616
984	633
984	634
984	642
984	724
984	739
984	740
984	813
984	831
984	832
984	842
984	847
984	859
984	870
984	873
984	881
984	882
984	907
984	913
984	915
984	953
984	955
984	964
984	971
984	982
984	994
984	999
985	12
985	38
985	166
985	286
985	307
985	321
985	333
985	364
985	389
985	483
985	510
985	528
985	538
985	549
985	591
985	595
985	623
985	641
985	652
985	670
985	674
985	680
985	757
985	778
985	802
985	808
985	810
985	827
985	839
985	852
985	857
985	889
985	905
985	906
985	935
985	939
985	940
985	944
985	952
985	963
985	964
985	987
986	48
986	95
986	247
986	275
986	289
986	316
986	326
986	375
986	400
986	497
986	502
986	517
986	531
986	543
986	554
986	687
986	689
986	690
986	695
986	698
986	711
986	737
986	742
986	776
986	786
986	821
986	835
986	837
986	847
986	881
986	886
986	910
986	937
986	944
986	953
986	954
986	966
986	971
986	988
986	992
986	998
986	999
987	56
987	83
987	93
987	122
987	180
987	194
987	196
987	218
987	230
987	239
987	260
987	275
987	283
987	328
987	334
987	411
987	418
987	429
987	434
987	451
987	492
987	638
987	657
987	742
987	746
987	759
987	772
987	778
987	786
987	802
987	808
987	840
987	854
987	860
987	933
987	940
987	943
987	952
987	954
987	969
987	972
987	976
987	985
988	171
988	176
988	222
988	278
988	289
988	462
988	482
988	543
988	554
988	563
988	580
988	592
988	624
988	636
988	659
988	681
988	698
988	699
988	711
988	718
988	738
988	754
988	788
988	819
988	836
988	840
988	860
988	866
988	875
988	897
988	900
988	904
988	938
988	954
988	956
988	959
988	963
988	967
988	972
988	974
988	980
988	986
988	992
989	9
989	43
989	147
989	148
989	203
989	233
989	234
989	264
989	271
989	359
989	449
989	521
989	562
989	614
989	677
989	725
989	751
989	760
989	773
989	777
989	780
989	834
989	849
989	865
989	878
989	880
989	882
989	901
989	903
989	906
989	909
989	923
989	933
989	946
989	950
989	954
989	963
989	974
989	976
989	980
989	997
989	998
989	1000
990	99
990	126
990	167
990	196
990	251
990	285
990	364
990	408
990	420
990	447
990	453
990	465
990	497
990	567
990	608
990	645
990	651
990	677
990	693
990	708
990	713
990	737
990	741
990	807
990	809
990	825
990	861
990	885
990	888
990	890
990	894
990	900
990	904
990	908
990	923
990	925
990	938
990	949
990	950
990	955
990	963
990	967
990	994
990	997
991	118
991	146
991	165
991	217
991	228
991	229
991	273
991	304
991	306
991	345
991	474
991	501
991	559
991	575
991	604
991	646
991	648
991	657
991	662
991	670
991	684
991	692
991	740
991	745
991	774
991	790
991	817
991	824
991	827
991	851
991	862
991	864
991	867
991	877
991	888
991	905
991	915
991	917
991	921
991	925
991	944
991	960
991	975
991	981
991	997
992	81
992	236
992	297
992	326
992	340
992	348
992	410
992	436
992	464
992	478
992	490
992	499
992	517
992	518
992	528
992	549
992	553
992	571
992	580
992	641
992	701
992	711
992	733
992	756
992	764
992	767
992	814
992	824
992	837
992	838
992	866
992	869
992	892
992	895
992	899
992	905
992	906
992	936
992	951
992	962
992	974
992	986
992	988
992	998
992	1000
993	33
993	42
993	77
993	256
993	274
993	333
993	336
993	337
993	362
993	423
993	540
993	556
993	582
993	673
993	707
993	708
993	721
993	729
993	732
993	752
993	773
993	786
993	804
993	806
993	807
993	811
993	821
993	824
993	843
993	858
993	861
993	876
993	877
993	878
993	890
993	893
993	894
993	899
993	914
993	925
993	933
993	934
993	948
993	978
993	995
993	1000
994	21
994	50
994	97
994	132
994	144
994	188
994	206
994	230
994	279
994	299
994	360
994	377
994	401
994	402
994	447
994	463
994	465
994	477
994	486
994	493
994	557
994	565
994	599
994	682
994	715
994	716
994	736
994	791
994	812
994	831
994	836
994	859
994	864
994	870
994	882
994	883
994	885
994	902
994	913
994	915
994	920
994	942
994	955
994	960
994	982
994	984
994	990
995	70
995	75
995	94
995	138
995	145
995	174
995	189
995	218
995	293
995	332
995	364
995	365
995	369
995	382
995	421
995	423
995	437
995	451
995	476
995	489
995	520
995	533
995	537
995	540
995	582
995	642
995	647
995	654
995	668
995	672
995	682
995	721
995	779
995	794
995	812
995	840
995	843
995	848
995	873
995	876
995	893
995	899
995	904
995	926
995	957
995	993
995	999
996	25
996	28
996	54
996	63
996	129
996	140
996	215
996	223
996	226
996	231
996	344
996	345
996	357
996	371
996	398
996	440
996	443
996	461
996	476
996	491
996	498
996	508
996	520
996	539
996	540
996	552
996	667
996	669
996	676
996	709
996	717
996	752
996	783
996	812
996	866
996	877
996	883
996	895
996	904
996	906
996	910
996	927
996	945
996	962
996	964
996	965
996	983
997	3
997	20
997	35
997	73
997	76
997	127
997	268
997	288
997	325
997	558
997	579
997	664
997	683
997	712
997	722
997	730
997	738
997	749
997	776
997	777
997	787
997	795
997	801
997	804
997	820
997	823
997	849
997	854
997	856
997	874
997	887
997	888
997	901
997	920
997	932
997	940
997	946
997	956
997	959
997	966
997	969
997	989
997	990
997	991
998	64
998	138
998	158
998	281
998	326
998	334
998	346
998	363
998	391
998	505
998	508
998	515
998	536
998	545
998	562
998	594
998	631
998	658
998	692
998	705
998	733
998	741
998	750
998	752
998	754
998	769
998	770
998	785
998	797
998	829
998	837
998	845
998	862
998	865
998	878
998	928
998	937
998	944
998	954
998	962
998	964
998	970
998	972
998	974
998	986
998	989
998	992
998	1000
999	6
999	10
999	15
999	19
999	39
999	121
999	137
999	152
999	176
999	181
999	188
999	231
999	239
999	241
999	243
999	282
999	290
999	298
999	325
999	371
999	402
999	412
999	427
999	428
999	471
999	490
999	530
999	547
999	585
999	622
999	634
999	644
999	668
999	847
999	849
999	869
999	870
999	881
999	883
999	904
999	919
999	953
999	967
999	971
999	976
999	984
999	986
999	995
1000	79
1000	178
1000	179
1000	248
1000	256
1000	272
1000	313
1000	335
1000	372
1000	381
1000	384
1000	385
1000	441
1000	496
1000	518
1000	532
1000	534
1000	546
1000	556
1000	562
1000	566
1000	585
1000	635
1000	642
1000	644
1000	701
1000	712
1000	733
1000	758
1000	783
1000	805
1000	865
1000	872
1000	877
1000	892
1000	905
1000	914
1000	926
1000	934
1000	943
1000	947
1000	964
1000	972
1000	976
1000	978
1000	989
1000	992
1000	993
1000	998
