1	482
1	948
1	966
1	980
2	721
2	733
2	819
2	899
3	658
3	679
3	826
3	952
4	823
4	824
4	874
4	927
5	99
5	813
5	854
5	910
6	477
6	576
6	738
6	917
7	861
7	963
7	968
7	993
8	665
8	998
8	1000
9	841
9	906
9	960
9	993
10	901
10	958
10	961
10	965
11	16
11	779
11	834
11	990
12	931
12	938
12	969
12	982
13	353
13	929
13	932
13	958
14	765
14	955
14	960
14	987
15	892
15	983
15	989
15	994
16	11
16	906
16	963
16	993
17	705
17	750
17	874
17	972
18	608
18	948
18	980
18	996
19	165
19	247
19	763
19	915
20	766
20	844
20	889
20	931
21	885
21	918
21	979
21	999
22	637
22	904
22	917
22	927
23	248
23	694
23	707
23	713
24	605
24	621
24	762
24	804
25	709
25	827
25	957
25	978
26	510
26	739
26	910
26	958
27	351
27	453
27	495
27	585
28	711
28	751
28	850
28	928
29	884
29	887
29	900
29	902
30	961
30	975
30	976
30	984
31	285
31	320
31	570
31	706
32	875
32	891
32	998
32	1000
33	522
33	782
33	788
33	986
34	228
34	267
34	939
34	950
35	164
35	583
35	723
35	752
36	556
36	639
36	966
36	980
37	851
37	898
37	925
37	990
38	440
38	854
38	958
38	965
39	251
39	676
39	883
39	970
40	918
40	941
40	968
40	993
41	909
41	983
41	990
41	994
42	137
42	918
42	959
42	998
43	772
43	929
43	937
43	996
44	71
44	877
44	963
44	993
45	63
45	94
45	841
45	960
46	793
46	963
46	968
46	993
47	620
47	760
47	978
47	997
48	279
48	465
48	959
48	974
49	561
49	619
49	762
49	804
50	550
50	890
50	904
50	927
51	692
51	857
51	929
51	934
52	486
52	667
52	839
52	958
53	797
53	875
53	914
53	958
54	254
54	475
54	875
54	885
55	274
55	330
55	365
55	634
56	938
56	966
56	967
56	999
57	654
57	738
57	908
57	917
58	712
58	973
58	982
58	992
59	853
59	975
59	976
59	984
60	811
60	831
60	936
60	957
61	614
61	701
61	958
61	981
62	406
62	690
62	694
62	793
63	45
63	488
63	491
63	545
64	313
64	726
64	985
64	996
65	982
65	992
65	995
65	997
66	432
66	805
66	896
66	900
67	629
67	759
67	923
67	953
68	108
68	455
68	776
68	896
69	988
69	991
69	998
69	1000
70	717
70	973
70	982
70	992
71	44
71	788
71	945
71	986
72	370
72	500
72	644
72	971
73	781
73	842
73	869
73	927
74	776
74	781
74	869
74	916
75	738
75	856
75	887
75	917
76	414
76	681
76	778
76	966
77	738
77	937
77	985
77	996
78	491
78	634
78	694
78	907
79	499
79	880
79	892
79	909
80	726
80	883
80	923
80	953
81	872
81	929
81	934
81	967
82	232
82	406
82	552
82	971
83	764
83	850
83	883
83	970
84	826
84	979
84	980
84	999
85	569
85	777
85	826
85	949
86	535
86	554
86	959
86	974
87	621
87	831
87	985
87	996
88	408
88	711
88	751
88	850
89	200
89	815
89	830
89	950
90	595
90	745
90	786
90	867
91	453
91	983
91	989
91	994
92	887
92	900
92	902
92	974
93	732
93	824
93	862
93	900
94	45
94	702
94	960
94	987
95	267
95	659
95	785
95	944
96	480
96	725
96	814
96	833
97	233
97	664
97	770
97	946
98	131
98	862
98	874
98	953
99	5
99	480
99	585
99	959
100	213
100	987
100	989
100	994
101	215
101	959
101	974
101	1000
102	555
102	786
102	867
102	981
103	893
103	902
103	998
103	1000
104	166
104	641
104	756
104	770
105	256
105	305
105	923
105	953
106	779
106	925
106	957
106	990
107	383
107	471
107	573
107	867
108	68
108	696
108	859
108	896
109	598
109	701
109	722
109	832
110	767
110	988
110	998
110	1000
111	753
111	932
111	962
111	965
112	544
112	849
112	989
112	994
113	193
113	402
113	430
113	495
114	870
114	969
114	992
114	995
115	597
115	958
115	961
115	965
116	888
116	989
116	992
116	995
117	508
117	562
117	654
117	917
118	338
118	387
118	663
118	720
119	357
119	417
119	659
119	714
120	756
120	888
120	962
120	964
121	384
121	785
121	950
121	952
122	556
122	973
122	992
122	995
123	141
123	745
123	964
123	970
124	565
124	578
124	594
124	615
125	133
125	395
125	714
125	910
126	603
126	930
126	960
126	991
127	938
127	975
127	976
127	984
128	679
128	682
128	832
128	981
129	292
129	450
129	898
129	997
130	456
130	941
130	962
130	964
131	98
131	510
131	605
131	928
132	580
132	901
132	904
132	949
133	125
133	448
133	659
133	714
134	470
134	714
134	930
134	996
135	192
135	194
135	634
135	820
136	294
136	884
136	900
136	902
137	42
137	446
137	871
137	962
138	674
138	872
138	929
138	934
139	735
139	751
139	850
139	916
140	730
140	773
140	929
140	934
141	123
141	932
141	965
141	986
142	594
142	651
142	746
142	880
143	885
143	886
143	897
143	970
144	790
144	889
144	944
144	986
145	350
145	645
145	770
145	912
146	494
146	588
146	887
146	902
147	175
147	925
147	957
147	997
148	661
148	884
148	900
148	902
149	625
149	969
149	973
149	992
150	248
150	552
150	694
150	773
151	788
151	945
151	986
151	998
152	300
152	983
152	989
152	994
153	315
153	975
153	976
153	984
154	281
154	326
154	393
154	896
155	613
155	763
155	952
155	997
156	431
156	759
156	846
156	953
157	581
157	624
157	814
157	954
158	309
158	576
158	583
158	864
159	668
159	711
159	850
159	855
160	853
160	943
160	971
160	972
161	628
161	749
161	930
161	936
162	236
162	239
162	289
162	799
163	808
163	860
163	864
163	875
164	35
164	971
164	975
164	984
165	19
165	296
165	622
165	763
166	104
166	645
166	945
166	996
167	522
167	895
167	971
167	972
168	195
168	937
168	985
168	996
169	609
169	639
169	918
169	928
170	734
170	862
170	874
170	963
171	667
171	735
171	770
171	772
172	631
172	784
172	882
172	990
173	283
173	618
173	706
173	875
174	794
174	905
174	985
174	996
175	147
175	597
175	676
175	970
176	346
176	623
176	742
176	890
177	481
177	983
177	989
177	994
178	179
178	877
178	930
178	968
178	984
179	178
179	665
179	941
179	964
180	760
180	765
180	978
180	997
181	350
181	885
181	897
181	939
182	307
182	855
182	880
182	892
183	864
183	979
183	980
183	999
184	234
184	438
184	966
184	976
185	861
185	967
185	978
185	997
186	549
186	631
186	981
186	996
187	314
187	549
187	654
187	917
188	781
188	854
188	914
188	958
189	978
189	983
189	989
189	994
190	407
190	450
190	563
190	791
191	713
191	876
191	930
192	135
192	322
192	491
192	939
193	113
193	620
193	643
193	720
194	135
194	384
194	491
194	545
195	168
195	727
195	973
195	995
196	601
196	676
196	883
196	970
197	464
197	885
197	886
197	897
198	358
198	731
198	914
198	961
199	305
199	723
199	871
199	959
200	89
200	341
200	458
200	815
201	744
201	772
201	838
201	950
202	681
202	718
202	747
202	897
203	475
203	493
203	680
203	864
204	738
204	917
204	963
204	998
205	398
205	626
205	685
205	701
206	262
206	852
206	987
206	991
207	867
207	957
207	978
207	997
208	608
208	880
208	888
208	892
209	216
209	280
209	671
209	778
210	742
210	877
210	973
210	981
211	806
211	975
211	976
211	984
212	453
212	588
212	636
212	888
213	100
213	710
213	889
213	944
214	846
214	899
214	923
214	953
215	101
215	781
215	842
215	869
216	209
216	774
216	784
216	989
217	349
217	843
217	939
217	950
218	443
218	947
218	971
218	972
219	311
219	376
219	672
219	910
220	836
220	988
220	998
220	1000
221	889
221	926
221	955
221	987
222	535
222	623
222	708
222	986
223	733
223	764
223	819
223	860
224	691
224	786
224	867
224	963
225	863
225	901
225	927
225	995
226	269
226	762
226	804
226	993
227	600
227	807
227	931
227	944
228	34
228	715
228	752
228	939
229	768
229	855
229	886
229	897
230	627
230	838
230	990
230	1000
231	560
231	913
231	959
231	999
232	82
232	449
232	504
232	937
233	97
233	367
233	770
233	951
234	184
234	637
234	908
234	961
235	916
235	955
235	987
235	991
236	162
236	283
236	371
236	482
236	894
237	689
237	937
237	985
237	991
237	996
238	821
238	873
238	888
238	962
238	964
239	162
239	710
239	802
239	834
239	931
240	658
240	680
240	808
240	809
240	875
241	855
241	924
241	971
241	972
241	987
242	669
242	796
242	898
242	961
242	965
243	633
243	765
243	767
243	871
243	959
244	504
244	879
244	936
244	957
244	978
245	339
245	408
245	752
245	904
245	980
246	758
246	841
246	985
246	991
246	996
247	19
247	405
247	622
247	763
247	807
248	23
248	150
248	552
248	694
248	767
249	363
249	374
249	834
249	851
249	990
250	606
250	803
250	809
250	864
250	885
251	39
251	873
251	959
251	980
251	999
252	503
252	667
252	770
252	791
252	988
253	733
253	764
253	819
253	943
253	946
254	54
254	739
254	774
254	803
254	808
255	313
255	369
255	678
255	786
255	867
256	105
256	500
256	644
256	668
256	850
257	286
257	342
257	822
257	925
257	990
258	803
258	864
258	875
258	935
258	990
259	492
259	506
259	730
259	772
259	838
260	402
260	604
260	619
260	762
260	804
261	794
261	943
261	985
261	986
261	996
262	206
262	625
262	660
262	871
262	959
263	565
263	618
263	651
263	706
263	819
264	820
264	828
264	866
264	928
264	951
265	328
265	377
265	725
265	814
265	954
266	269
266	673
266	822
266	925
266	990
267	34
267	95
267	802
267	847
267	931
268	520
268	586
268	587
268	696
268	896
269	226
269	266
269	619
269	804
269	991
270	336
270	669
270	852
270	893
270	955
271	297
271	751
271	833
271	949
271	954
272	812
272	820
272	930
272	966
272	979
273	715
273	730
273	863
273	904
273	949
274	55
274	410
274	634
274	890
274	894
275	466
275	595
275	728
275	867
275	887
276	475
276	807
276	843
276	978
276	997
277	439
277	761
277	885
277	886
277	897
278	459
278	828
278	983
278	989
278	994
279	48
279	639
279	782
279	945
279	986
280	209
280	431
280	729
280	778
280	920
281	154
281	585
281	809
281	864
281	875
282	382
282	495
282	588
282	976
282	984
283	173
283	236
283	352
283	679
283	756
284	674
284	821
284	891
284	919
284	953
285	31
285	588
285	706
285	968
285	993
286	257
286	733
286	803
286	819
286	946
287	967
287	977
287	983
287	989
287	994
288	726
288	731
288	876
288	930
288	974
289	162
289	482
289	702
289	785
289	994
290	855
290	880
290	892
290	917
290	994
291	407
291	802
291	847
291	931
291	944
292	129
292	901
292	927
292	949
292	975
293	912
293	988
293	996
293	998
293	1000
294	136
294	956
294	975
294	976
294	984
295	868
295	879
295	909
295	979
295	997
296	165
296	749
296	920
296	923
296	953
297	271
297	625
297	814
297	833
297	960
298	740
298	933
298	988
298	998
298	1000
299	660
299	938
299	988
299	998
299	1000
300	152
300	320
300	941
300	962
300	964
301	533
301	626
301	746
301	750
301	893
302	836
302	943
302	968
302	969
302	993
303	555
303	728
303	786
303	867
303	895
304	935
304	977
304	983
304	989
304	994
305	105
305	199
305	839
305	923
305	953
306	634
306	955
306	960
306	987
306	1000
307	182
307	685
307	722
307	798
307	890
308	815
308	879
308	935
308	971
308	972
309	158
309	355
309	606
309	803
309	809
310	784
310	801
310	834
310	864
310	990
311	219
311	472
311	522
311	537
311	836
312	468
312	484
312	870
312	927
312	949
313	64
313	255
313	383
313	474
313	867
314	187
314	544
314	785
314	856
314	917
315	153
315	974
315	979
315	980
315	999
316	910
316	932
316	957
316	958
316	986
317	633
317	684
317	810
317	871
317	959
318	774
318	811
318	912
318	994
318	995
319	853
319	870
319	927
319	949
319	985
320	31
320	300
320	898
320	978
320	997
321	391
321	726
321	846
321	947
321	953
322	192
322	896
322	969
322	973
322	995
323	419
323	590
323	809
323	864
323	978
324	565
324	578
324	643
324	830
324	952
325	446
325	746
325	871
325	953
325	959
326	154
326	696
326	811
326	879
326	896
327	763
327	816
327	969
327	973
327	992
328	265
328	613
328	763
328	956
328	1000
329	434
329	836
329	876
329	930
329	974
330	55
330	809
330	864
330	875
330	970
331	707
331	795
331	828
331	866
331	928
332	390
332	575
332	711
332	751
332	850
333	340
333	783
333	913
333	952
333	979
334	582
334	866
334	914
334	961
334	965
335	724
335	796
335	983
335	989
335	994
336	270
336	604
336	605
336	762
336	804
337	895
337	947
337	971
337	972
337	995
338	118
338	343
338	715
338	720
338	815
339	245
339	752
339	843
339	906
339	972
340	333
340	418
340	539
340	636
340	723
341	200
341	715
341	779
341	815
341	950
342	257
342	831
342	882
342	925
342	990
343	338
343	574
343	793
343	928
343	951
344	608
344	860
344	887
344	953
344	997
345	411
345	574
345	941
345	962
345	964
346	176
346	895
346	988
346	998
346	1000
347	667
347	735
347	923
347	940
347	987
348	657
348	982
348	990
348	992
348	995
349	217
349	815
349	856
349	947
349	950
350	145
350	181
350	367
350	526
350	596
351	27
351	495
351	532
351	588
351	768
352	283
352	496
352	583
352	723
352	752
353	13
353	688
353	925
353	960
353	990
354	599
354	956
354	975
354	976
354	984
355	309
355	630
355	643
355	733
355	899
356	754
356	901
356	904
356	927
356	949
357	119
357	463
357	484
357	659
357	714
358	198
358	665
358	772
358	838
358	883
359	682
359	742
359	890
359	930
359	981
360	487
360	676
360	772
360	883
360	970
361	906
361	911
361	955
361	968
361	993
362	470
362	558
362	677
362	747
362	947
363	249
363	470
363	564
363	672
363	836
364	848
364	924
364	943
364	971
364	972
365	55
365	545
365	634
365	662
365	861
366	745
366	956
366	975
366	976
366	984
367	233
367	350
367	645
367	691
367	926
368	476
368	609
368	686
368	919
368	974
369	255
369	490
369	728
369	786
369	867
370	72
370	539
370	587
370	896
370	1000
371	236
371	702
371	799
371	872
371	952
372	660
372	810
372	836
372	871
372	959
373	557
373	909
373	973
373	982
373	995
374	249
374	549
374	615
374	648
374	672
375	830
375	855
375	880
375	892
375	916
376	219
376	805
376	825
376	966
376	999
377	265
377	495
377	908
377	940
377	955
378	477
378	505
378	700
378	959
378	974
379	641
379	977
379	983
379	989
379	994
380	779
380	900
380	941
380	962
380	964
381	722
381	890
381	901
381	962
381	974
382	282
382	894
382	963
382	968
382	993
383	107
383	313
383	595
383	748
383	867
384	121
384	194
384	586
384	696
384	896
385	700
385	926
385	929
385	959
385	974
386	437
386	715
386	888
386	941
386	962
386	964
387	118
387	720
387	939
387	950
387	981
387	984
388	406
388	507
388	527
388	955
388	987
388	991
389	696
389	784
389	888
389	941
389	962
389	964
390	332
390	644
390	711
390	762
390	850
390	888
391	321
391	444
391	919
391	923
391	953
391	987
392	450
392	503
392	777
392	974
392	975
392	984
393	154
393	571
393	583
393	698
393	896
393	975
394	705
394	718
394	746
394	750
394	778
394	987
395	125
395	484
395	659
395	714
395	990
395	998
396	745
396	888
396	934
396	954
396	962
396	964
397	625
397	814
397	833
397	954
397	979
397	992
398	205
398	604
398	879
398	905
398	957
398	997
399	761
399	824
399	885
399	886
399	897
399	999
400	426
400	451
400	518
400	846
400	923
400	953
401	701
401	706
401	798
401	832
401	890
401	981
402	113
402	260
402	430
402	453
402	532
402	588
403	903
403	956
403	975
403	976
403	984
403	995
404	927
404	954
404	969
404	982
404	995
404	1000
405	247
405	688
405	779
405	882
405	925
405	990
406	62
406	82
406	388
406	694
406	713
406	996
407	190
407	291
407	829
407	885
407	897
407	939
408	88
408	245
408	583
408	603
408	723
408	752
409	847
409	942
409	973
409	982
409	992
409	995
410	274
410	834
410	880
410	892
410	938
410	982
411	345
411	536
411	544
411	551
411	905
411	917
412	914
412	923
412	970
412	988
412	998
412	1000
413	716
413	780
413	891
413	985
413	991
413	996
414	76
414	534
414	600
414	622
414	747
414	771
415	420
415	559
415	888
415	941
415	962
415	964
416	671
416	744
416	878
416	894
416	963
416	993
417	119
417	721
417	793
417	805
417	866
417	928
418	340
418	496
418	503
418	636
418	752
418	859
419	323
419	668
419	782
419	875
419	926
419	940
420	415
420	790
420	941
420	962
420	964
420	990
421	910
421	914
421	932
421	958
421	961
421	989
422	550
422	942
422	952
422	982
422	992
422	995
423	461
423	465
423	688
423	851
423	925
423	990
424	884
424	887
424	900
424	902
424	980
424	990
425	763
425	807
425	855
425	932
425	965
425	988
426	400
426	538
426	686
426	700
426	959
426	974
427	577
427	708
427	786
427	900
427	945
427	986
428	725
428	868
428	941
428	947
428	971
428	972
429	677
429	681
429	751
429	799
429	921
429	992
430	113
430	402
430	479
430	532
430	822
430	990
431	156
431	280
431	636
431	859
431	920
431	966
432	66
432	571
432	587
432	602
432	804
432	896
433	838
433	888
433	941
433	962
433	964
433	996
434	329
434	585
434	663
434	725
434	954
434	972
435	717
435	884
435	887
435	899
435	900
435	902
436	820
436	863
436	894
436	911
436	963
436	993
437	386
437	515
437	745
437	962
437	964
437	985
438	184
438	449
438	503
438	542
438	791
438	907
439	277
439	969
439	973
439	982
439	992
439	995
440	38
440	871
440	893
440	960
440	987
440	991
441	641
441	719
441	825
441	948
441	966
441	999
442	479
442	562
442	782
442	788
442	945
442	986
443	218
443	459
443	506
443	526
443	589
443	691
444	391
444	498
444	533
444	705
444	746
444	750
445	567
445	755
445	830
445	908
445	975
445	984
446	137
446	325
446	660
446	750
446	871
446	914
447	635
447	921
447	977
447	983
447	989
447	994
448	133
448	956
448	975
448	976
448	984
448	989
449	232
449	438
449	667
449	723
449	791
449	916
450	129
450	190
450	392
450	666
450	735
450	791
451	400
451	821
451	919
451	923
451	953
451	962
452	484
452	515
452	659
452	927
452	949
452	983
453	27
453	91
453	212
453	402
453	532
453	997
454	778
454	873
454	965
454	967
454	980
454	999
455	68
455	613
455	619
455	622
455	654
455	804
456	130
456	525
456	662
456	913
456	967
456	999
457	565
457	613
457	633
457	660
457	871
457	959
458	200
458	830
458	855
458	880
458	892
458	937
459	278
459	443
459	506
459	526
459	645
459	770
460	786
460	818
460	958
460	961
460	965
460	986
461	423
461	593
461	876
461	930
461	974
461	997
462	694
462	878
462	963
462	968
462	972
462	993
463	357
463	656
463	706
463	943
463	947
463	971
464	197
464	472
464	863
464	937
464	985
464	996
465	48
465	423
465	776
465	781
465	869
465	935
466	275
466	549
466	956
466	975
466	976
466	984
467	517
467	720
467	776
467	842
467	869
467	935
468	312
468	793
468	795
468	866
468	928
468	951
469	488
469	546
469	721
469	805
469	828
469	928
470	134
470	362
470	363
470	497
470	718
470	920
471	107
471	728
471	935
471	937
471	985
471	996
472	311
472	464
472	638
472	937
472	985
472	996
473	750
473	857
473	872
473	929
473	934
473	977
474	313
474	888
474	941
474	962
474	964
474	991
475	54
475	203
475	276
475	650
475	864
475	990
476	368
476	548
476	686
476	959
476	974
476	990
477	6
477	378
477	483
477	738
477	856
477	917
478	844
478	847
478	889
478	931
478	948
478	985
479	430
479	442
479	668
479	711
479	751
479	850
480	96
480	99
480	663
480	763
480	790
480	833
480	954
481	177
481	671
481	783
481	857
481	872
481	929
481	934
482	1
482	236
482	289
482	702
482	785
482	952
482	957
483	477
483	536
483	551
483	654
483	704
483	839
483	917
484	312
484	357
484	395
484	452
484	659
484	714
484	975
485	599
485	781
485	842
485	869
485	935
485	942
485	971
486	52
486	854
486	958
486	961
486	965
486	992
486	995
487	360
487	698
487	703
487	876
487	930
487	942
487	974
488	63
488	469
488	805
488	866
488	928
488	951
488	977
489	656
489	790
489	802
489	807
489	844
489	931
489	944
490	369
490	813
490	839
490	944
490	958
490	961
490	965
491	63
491	78
491	192
491	194
491	545
491	785
491	890
492	259
492	517
492	640
492	665
492	772
492	838
492	963
493	203
493	583
493	630
493	643
493	819
493	899
493	946
494	146
494	529
494	776
494	842
494	869
494	935
494	960
495	27
495	113
495	282
495	351
495	377
495	588
495	715
496	352
496	418
496	505
496	636
496	723
496	752
496	853
497	470
497	749
497	759
497	821
497	923
497	953
497	981
498	444
498	670
498	705
498	710
498	746
498	747
498	750
499	79
499	550
499	624
499	840
499	985
499	991
499	996
500	72
500	256
500	644
500	751
500	770
500	850
500	992
501	708
501	827
501	909
501	910
501	957
501	978
501	997
502	894
502	922
502	948
502	966
502	980
502	998
502	999
503	252
503	392
503	418
503	438
503	538
503	563
503	891
504	232
504	244
504	538
504	735
504	748
504	791
504	961
505	378
505	496
505	686
505	700
505	797
505	959
505	974
506	259
506	443
506	459
506	736
506	744
506	770
506	895
507	388
507	893
507	926
507	955
507	968
507	987
507	994
508	117
508	579
508	895
508	924
508	933
508	943
508	971
509	524
509	687
509	703
509	876
509	930
509	958
509	974
510	26
510	131
510	732
510	805
510	866
510	928
510	953
511	540
511	549
511	631
511	672
511	836
511	881
511	995
512	695
512	723
512	861
512	867
512	909
512	978
512	997
513	687
513	894
513	906
513	959
513	963
513	968
513	993
514	519
514	922
514	932
514	967
514	979
514	980
514	981
515	437
515	452
515	559
515	768
515	885
515	886
515	897
516	610
516	876
516	920
516	930
516	974
516	975
516	984
517	467
517	492
517	665
517	744
517	865
517	883
517	992
518	400
518	726
518	846
518	923
518	933
518	953
518	1000
519	514
519	766
519	921
519	922
519	966
519	967
519	999
520	268
520	842
520	873
520	890
520	966
520	967
520	980
521	634
521	942
521	969
521	973
521	977
521	992
521	995
522	33
522	167
522	311
522	615
522	631
522	672
522	836
523	736
523	891
523	977
523	983
523	989
523	993
523	994
524	509
524	703
524	857
524	876
524	930
524	974
524	979
525	456
525	584
525	734
525	743
525	824
525	862
525	874
526	350
526	443
526	459
526	645
526	770
526	825
526	870
527	388
527	842
527	899
527	919
527	944
527	960
527	987
528	658
528	661
528	785
528	799
528	832
528	952
528	980
529	494
529	776
529	842
529	869
529	935
529	951
529	959
530	661
530	913
530	922
530	948
530	979
530	985
530	999
531	841
531	895
531	924
531	945
531	947
531	971
531	972
532	351
532	402
532	430
532	453
532	588
532	716
532	773
533	301
533	444
533	705
533	746
533	750
533	796
533	862
534	414
534	623
534	673
534	699
534	798
534	980
534	981
535	86
535	222
535	897
535	937
535	985
535	991
535	996
536	411
536	483
536	544
536	551
536	828
536	917
536	932
537	311
537	615
537	631
537	648
537	787
537	836
537	901
538	426
538	503
538	504
538	563
538	667
538	735
538	791
539	340
539	370
539	829
539	977
539	983
539	989
539	994
540	511
540	549
540	615
540	672
540	758
540	836
540	932
541	655
541	812
541	899
541	911
541	963
541	981
541	993
542	438
542	617
542	823
542	962
542	964
542	985
542	996
543	642
543	834
543	837
543	851
543	906
543	925
543	990
544	112
544	314
544	411
544	536
544	654
544	917
544	968
545	63
545	194
545	365
545	491
545	634
545	747
545	923
546	469
546	868
546	943
546	947
546	971
546	972
546	983
547	718
547	737
547	841
547	884
547	887
547	900
547	902
548	476
548	858
548	877
548	963
548	981
548	993
548	994
549	186
549	187
549	374
549	466
549	511
549	540
549	836
550	50
550	422
550	499
550	826
550	863
550	870
550	949
551	411
551	483
551	536
551	823
551	856
551	917
551	934
552	82
552	150
552	248
552	694
552	713
552	736
552	918
553	691
553	741
553	756
553	857
553	948
553	967
553	979
554	86
554	618
554	841
554	884
554	887
554	900
554	902
555	102
555	303
555	728
555	731
555	786
555	790
555	867
556	36
556	122
556	617
556	888
556	941
556	962
556	964
557	373
557	859
557	944
557	967
557	979
557	980
557	999
558	362
558	564
558	673
558	778
558	920
558	921
558	942
559	415
559	515
559	768
559	778
559	886
559	897
559	939
560	231
560	734
560	823
560	824
560	832
560	874
560	945
561	49
561	748
561	876
561	914
561	932
561	961
561	965
562	117
562	442
562	774
562	936
562	957
562	978
562	997
563	190
563	503
563	538
563	572
563	698
563	791
563	809
564	363
564	558
564	681
564	718
564	884
564	920
564	972
565	124
565	263
565	324
565	457
565	594
565	651
565	928
566	794
566	903
566	956
566	975
566	976
566	984
566	990
567	445
567	789
567	874
567	879
567	957
567	978
567	997
568	652
568	818
568	915
568	937
568	988
568	998
568	1000
569	85
569	712
569	835
569	863
569	940
569	955
569	987
570	31
570	580
570	585
570	833
570	919
570	936
570	954
570	997
571	393
571	432
571	681
571	696
571	698
571	896
571	983
571	987
572	563
572	735
572	831
572	839
572	934
572	979
572	980
572	999
573	107
573	918
573	966
573	967
573	969
573	979
573	980
573	999
574	343
574	345
574	687
574	710
574	793
574	805
574	828
574	866
575	332
575	708
575	709
575	782
575	788
575	818
575	945
575	986
576	6
576	158
576	761
576	768
576	885
576	886
576	897
576	939
577	427
577	640
577	708
577	782
577	788
577	800
577	945
577	986
578	124
578	324
578	590
578	618
578	651
578	706
578	713
578	886
579	508
579	834
579	851
579	882
579	898
579	925
579	951
579	990
580	132
580	570
580	760
580	842
580	955
580	983
580	989
580	994
581	157
581	845
581	872
581	903
581	956
581	975
581	976
581	984
582	334
582	903
582	915
582	956
582	975
582	976
582	984
582	995
583	35
583	158
583	352
583	393
583	408
583	493
583	636
583	723
584	525
584	755
584	823
584	862
584	874
584	882
584	945
584	995
585	27
585	99
585	281
585	434
585	570
585	725
585	814
585	833
586	268
586	384
586	696
586	698
586	821
586	896
586	926
586	944
587	268
587	370
587	432
587	696
587	728
587	852
587	896
587	978
588	146
588	212
588	282
588	285
588	351
588	402
588	495
588	532
589	443
589	666
589	730
589	817
589	857
589	929
589	934
589	988
590	323
590	578
590	594
590	601
590	618
590	953
590	962
590	964
591	768
591	790
591	844
591	877
591	889
591	924
591	931
591	944
592	669
592	812
592	852
592	877
592	893
592	926
592	960
592	987
593	461
593	702
593	703
593	745
593	860
593	876
593	930
593	974
594	124
594	142
594	565
594	590
594	651
594	670
594	706
594	960
595	90
595	275
595	383
595	644
595	728
595	786
595	867
595	920
596	350
596	676
596	883
596	900
596	939
596	970
597	115
597	175
597	831
597	840
597	985
597	991
597	996
597	997
598	109
598	893
598	926
598	940
598	953
598	960
598	987
598	991
599	354
599	485
599	781
599	842
599	869
599	935
599	989
599	1000
600	227
600	414
600	616
600	677
600	747
600	767
600	778
600	920
601	196
601	590
601	853
601	915
601	938
601	988
601	998
601	1000
602	432
602	727
602	818
602	942
602	969
602	973
602	982
602	995
603	126
603	408
603	963
603	968
603	975
603	976
603	984
603	993
604	260
604	336
604	398
604	605
604	619
604	692
604	762
604	804
605	24
605	131
605	336
605	604
605	754
605	762
605	804
605	817
606	250
606	309
606	770
606	803
606	808
606	830
606	864
606	875
607	650
607	689
607	758
607	937
607	973
607	983
607	985
607	996
608	18
608	208
608	344
608	859
608	918
608	952
608	966
608	999
609	169
609	368
609	841
609	884
609	887
609	900
609	902
609	985
610	516
610	877
610	878
610	890
610	911
610	963
610	968
610	993
611	707
611	820
611	925
611	940
611	955
611	960
611	987
611	1000
612	710
612	788
612	847
612	889
612	927
612	931
612	944
612	967
613	155
613	328
613	455
613	457
613	622
613	733
613	763
613	779
613	807
614	61
614	623
614	626
614	685
614	816
614	832
614	890
614	923
614	972
615	124
615	374
615	522
615	537
615	540
615	631
615	836
615	837
615	959
616	600
616	673
616	677
616	824
616	862
616	874
616	945
616	964
616	976
617	542
617	556
617	721
617	745
617	751
617	933
617	941
617	962
617	964
618	173
618	263
618	554
618	578
618	590
618	651
618	706
618	757
618	913
619	49
619	260
619	269
619	455
619	604
619	624
619	726
619	762
619	804
620	47
620	193
620	715
620	720
620	815
620	920
620	939
620	950
620	953
621	24
621	87
621	803
621	876
621	905
621	909
621	930
621	936
621	974
622	165
622	247
622	414
622	455
622	613
622	725
622	763
622	807
622	932
623	176
623	222
623	534
623	614
623	685
623	701
623	742
623	981
623	994
624	157
624	499
624	619
624	758
624	840
624	937
624	985
624	991
624	996
625	149
625	262
625	297
625	397
625	663
625	725
625	814
625	833
625	954
626	205
626	301
626	614
626	764
626	777
626	798
626	870
626	922
626	949
627	230
627	655
627	717
627	779
627	783
627	822
627	882
627	941
627	990
628	161
628	638
628	796
628	854
628	918
628	932
628	958
628	961
628	965
629	67
629	637
629	662
629	735
629	873
629	922
629	951
629	979
629	999
630	355
630	493
630	733
630	750
630	819
630	844
630	857
630	899
630	946
631	172
631	186
631	511
631	522
631	537
631	615
631	809
631	836
631	986
632	705
632	746
632	750
632	878
632	929
632	937
632	988
632	998
632	1000
633	243
633	317
633	457
633	763
633	791
633	810
633	851
633	871
633	959
634	55
634	78
634	135
634	274
634	306
634	365
634	521
634	545
634	798
635	447
635	654
635	913
635	922
635	969
635	980
635	986
635	992
635	995
636	212
636	340
636	418
636	431
636	496
636	583
636	723
636	752
636	764
637	22
637	234
637	629
637	642
637	913
637	966
637	967
637	980
637	999
638	472
638	628
638	717
638	746
638	838
638	865
638	963
638	968
638	993
639	36
639	169
639	279
639	657
639	924
639	943
639	947
639	971
639	972
640	492
640	577
640	724
640	787
640	813
640	830
640	855
640	880
640	892
641	104
641	379
641	441
641	642
641	734
641	823
641	862
641	874
641	945
642	543
642	637
642	641
642	823
642	824
642	862
642	874
642	945
642	971
643	193
643	324
643	355
643	493
643	650
643	819
643	899
643	946
643	999
644	72
644	256
644	390
644	500
644	595
644	668
644	751
644	850
644	903
645	145
645	166
645	367
645	459
645	526
645	742
645	770
645	848
645	883
646	737
646	784
646	822
646	834
646	851
646	879
646	882
646	883
646	990
647	776
647	876
647	892
647	930
647	974
647	978
647	988
647	998
647	1000
648	374
648	537
648	802
648	829
648	836
648	844
648	889
648	929
648	944
648	949
649	760
649	876
649	921
649	942
649	962
649	969
649	973
649	982
649	992
649	995
650	475
650	607
650	643
650	680
650	803
650	808
650	809
650	864
650	875
650	944
651	142
651	263
651	565
651	578
651	594
651	618
651	706
651	837
651	897
651	999
652	568
652	792
652	812
652	845
652	903
652	956
652	975
652	976
652	983
652	984
653	737
653	792
653	845
653	875
653	903
653	925
653	956
653	975
653	976
653	984
654	57
654	117
654	187
654	455
654	483
654	544
654	635
654	738
654	917
654	923
655	541
655	627
655	775
655	784
655	822
655	851
655	882
655	925
655	990
655	997
656	463
656	489
656	733
656	775
656	924
656	935
656	943
656	947
656	971
656	972
657	348
657	639
657	693
657	868
657	895
657	924
657	947
657	951
657	965
657	972
658	3
658	240
658	528
658	679
658	702
658	785
658	799
658	851
658	940
658	952
659	95
659	119
659	133
659	357
659	395
659	452
659	484
659	714
659	847
659	952
660	262
660	299
660	372
660	446
660	457
660	762
660	810
660	871
660	946
660	959
661	148
661	528
661	530
661	756
661	799
661	869
661	952
661	985
661	991
661	996
662	365
662	456
662	629
662	711
662	743
662	913
662	946
662	967
662	979
662	980
663	118
663	434
663	480
663	625
663	725
663	814
663	833
663	835
663	954
663	955
664	97
664	892
664	915
664	921
664	942
664	969
664	973
664	982
664	992
664	995
665	8
665	179
665	358
665	492
665	517
665	670
665	772
665	838
665	883
665	974
666	450
666	589
666	732
666	817
666	848
666	857
666	913
666	929
666	934
666	996
667	52
667	171
667	252
667	347
667	449
667	538
667	701
667	735
667	791
667	901
668	159
668	256
668	419
668	479
668	644
668	711
668	751
668	850
668	868
668	991
669	242
669	270
669	592
669	748
669	893
669	899
669	940
669	960
669	987
669	992
670	498
670	594
670	665
670	717
670	744
670	772
670	838
670	865
670	883
670	907
671	209
671	416
671	481
671	783
671	801
671	848
671	872
671	894
671	929
671	934
672	219
672	363
672	374
672	511
672	522
672	540
672	780
672	836
672	937
672	987
673	266
673	534
673	558
673	616
673	677
673	678
673	681
673	747
673	778
673	863
674	138
674	284
674	752
674	754
674	881
674	891
674	977
674	983
674	989
674	994
675	806
675	816
675	880
675	921
675	942
675	969
675	982
675	992
675	993
675	995
676	39
676	175
676	196
676	360
676	596
676	733
676	883
676	942
676	967
676	970
677	362
677	429
677	600
677	616
677	673
677	747
677	911
677	920
677	948
677	952
678	255
678	673
678	806
678	863
678	870
678	901
678	904
678	927
678	949
678	954
679	3
679	128
679	283
679	658
679	702
679	785
679	787
679	799
679	878
679	952
680	203
680	240
680	650
680	803
680	808
680	809
680	875
680	901
680	918
680	930
681	76
681	202
681	429
681	564
681	571
681	673
681	778
681	861
681	906
681	920
682	128
682	359
682	685
682	751
682	798
682	832
682	890
682	969
682	981
682	993
683	825
683	887
683	921
683	942
683	964
683	969
683	973
683	982
683	992
683	995
684	317
684	792
684	845
684	896
684	903
684	956
684	975
684	976
684	984
684	999
685	205
685	307
685	614
685	623
685	682
685	723
685	832
685	882
685	890
685	994
686	368
686	426
686	476
686	505
686	700
686	808
686	885
686	921
686	959
686	974
687	509
687	513
687	574
687	721
687	758
687	795
687	828
687	866
687	928
687	951
688	353
688	405
688	423
688	784
688	851
688	925
688	962
688	979
688	990
688	994
689	237
689	607
689	771
689	794
689	826
689	840
689	937
689	943
689	985
689	996
690	62
690	777
690	806
690	826
690	898
690	901
690	904
690	927
690	939
690	949
691	224
691	367
691	443
691	553
691	754
691	770
691	918
691	948
691	967
691	997
692	51
692	604
692	789
692	846
692	942
692	954
692	969
692	973
692	982
692	992
692	995
693	657
693	755
693	864
693	868
693	895
693	919
693	924
693	936
693	947
693	971
693	972
694	23
694	62
694	78
694	150
694	248
694	406
694	462
694	552
694	713
694	796
694	872
695	512
695	718
695	860
695	861
695	909
695	910
695	936
695	957
695	978
695	987
695	997
696	108
696	268
696	326
696	384
696	389
696	571
696	586
696	587
696	852
696	896
696	913
697	766
697	783
697	873
697	918
697	922
697	940
697	948
697	952
697	966
697	967
697	980
698	393
698	487
698	563
698	571
698	586
698	703
698	896
698	930
698	960
698	964
698	974
699	534
699	731
699	903
699	915
699	916
699	938
699	946
699	950
699	988
699	998
699	1000
700	378
700	385
700	426
700	505
700	686
700	708
700	928
700	939
700	959
700	974
700	986
701	61
701	109
701	205
701	401
701	623
701	667
701	797
701	845
701	890
701	902
701	981
702	94
702	289
702	371
702	482
702	593
702	658
702	679
702	785
702	799
702	904
702	952
703	487
703	509
703	524
703	593
703	698
703	862
703	876
703	924
703	930
703	932
703	974
704	483
704	775
704	820
704	840
704	852
704	903
704	926
704	940
704	955
704	960
704	987
705	17
705	394
705	444
705	498
705	533
705	632
705	746
705	750
705	924
705	965
705	999
706	31
706	173
706	263
706	285
706	401
706	463
706	578
706	594
706	618
706	651
706	956
707	23
707	331
707	611
707	820
707	850
707	852
707	926
707	940
707	955
707	960
707	972
708	222
708	427
708	501
708	575
708	577
708	700
708	782
708	788
708	945
708	986
708	994
709	25
709	575
709	713
709	858
709	877
709	878
709	884
709	906
709	963
709	968
709	993
710	213
710	239
710	498
710	574
710	612
710	844
710	847
710	889
710	921
710	931
710	944
711	28
711	88
711	159
711	332
711	390
711	479
711	662
711	668
711	734
711	850
711	958
712	58
712	569
712	835
712	845
712	899
712	926
712	940
712	955
712	960
712	982
712	991
713	23
713	191
713	406
713	552
713	578
713	694
713	709
713	914
713	961
713	965
713	986
714	119
714	125
714	133
714	134
714	357
714	395
714	484
714	659
714	927
714	959
714	989
715	228
715	273
715	338
715	341
715	386
715	495
715	620
715	815
715	934
715	939
715	950
716	413
716	532
716	780
716	831
716	840
716	863
716	933
716	937
716	985
716	991
716	996
717	70
717	435
717	627
717	638
717	670
717	779
717	838
717	882
717	883
717	909
717	990
718	202
718	394
718	470
718	547
718	564
718	695
718	747
718	778
718	795
718	868
718	920
719	441
719	766
719	841
719	842
719	879
719	884
719	887
719	900
719	902
719	938
720	118
720	193
720	338
720	387
720	467
720	620
720	815
720	843
720	869
720	939
720	950
720	969
721	2
721	417
721	469
721	617
721	687
721	793
721	795
721	805
721	828
721	928
721	953
721	959
722	109
722	307
722	381
722	797
722	798
722	823
722	832
722	890
722	911
722	966
722	972
722	981
723	35
723	199
723	340
723	352
723	408
723	449
723	496
723	512
723	583
723	636
723	685
723	752
724	335
724	640
724	739
724	787
724	830
724	840
724	842
724	855
724	880
724	892
724	925
725	96
725	265
725	428
725	434
725	585
725	622
725	625
725	663
725	814
725	833
725	865
725	954
726	64
726	80
726	288
726	321
726	518
726	619
726	749
726	821
726	846
726	922
726	923
726	953
727	195
727	602
727	861
727	868
727	895
727	924
727	935
727	943
727	947
727	971
727	972
727	977
728	275
728	303
728	369
728	471
728	555
728	587
728	595
728	785
728	786
728	867
728	963
728	967
729	280
729	854
729	915
729	916
729	920
729	938
729	946
729	960
729	970
729	988
729	998
729	1000
730	140
730	259
730	273
730	589
730	801
730	817
730	848
730	857
730	871
730	872
730	929
730	934
731	198
731	288
731	555
731	699
731	856
731	915
731	916
731	938
731	947
731	988
731	998
731	1000
732	93
732	510
732	666
732	783
732	801
732	817
732	818
732	848
732	872
732	929
732	934
732	996
733	2
733	223
733	253
733	286
733	355
733	613
733	630
733	656
733	676
733	819
733	852
733	946
734	170
734	525
734	560
734	641
734	711
734	810
734	823
734	824
734	862
734	874
734	945
734	951
735	139
735	171
735	347
735	450
735	504
735	538
735	572
735	629
735	667
735	791
735	873
735	982
736	506
736	523
736	552
736	858
736	878
736	906
736	911
736	963
736	968
736	974
736	981
736	993
737	547
737	646
737	653
737	790
737	817
737	822
737	834
737	844
737	845
737	931
737	944
737	990
738	6
738	57
738	75
738	77
738	204
738	477
738	654
738	747
738	856
738	858
738	869
738	917
739	26
739	254
739	724
739	787
739	830
739	855
739	880
739	892
739	970
739	978
740	298
740	749
740	773
740	781
740	860
740	879
740	909
740	936
740	957
740	978
740	997
740	999
741	553
741	754
741	829
741	878
741	881
741	891
741	950
741	963
741	977
741	983
741	989
741	994
742	176
742	210
742	359
742	623
742	645
742	776
742	797
742	832
742	890
742	981
742	995
742	999
743	525
743	662
743	808
743	859
743	873
743	913
743	948
743	966
743	979
743	980
743	985
743	999
744	201
744	416
744	506
744	517
744	670
744	772
744	822
744	838
744	865
744	883
744	920
744	945
745	90
745	123
745	366
745	396
745	437
745	593
745	617
745	775
745	888
745	941
745	962
745	964
746	142
746	301
746	325
746	394
746	444
746	498
746	533
746	632
746	638
746	705
746	750
746	968
747	202
747	362
747	414
747	498
747	545
747	600
747	673
747	677
747	718
747	738
747	778
747	969
748	383
748	504
748	561
748	669
748	839
748	910
748	914
748	932
748	958
748	961
748	965
748	986
749	161
749	296
749	497
749	726
749	740
749	759
749	821
749	846
749	907
749	919
749	923
749	953
749	966
750	17
750	301
750	394
750	444
750	446
750	473
750	498
750	533
750	630
750	632
750	705
750	746
750	989
751	28
751	88
751	139
751	271
751	332
751	429
751	479
751	500
751	617
751	644
751	668
751	682
751	850
752	35
752	228
752	245
752	339
752	352
752	408
752	418
752	496
752	636
752	674
752	723
752	812
752	821
753	111
753	777
753	789
753	837
753	921
753	942
753	946
753	969
753	973
753	982
753	992
753	993
753	995
754	356
754	605
754	674
754	691
754	741
754	800
754	881
754	891
754	961
754	977
754	983
754	989
754	994
755	445
755	584
755	693
755	868
755	895
755	909
755	924
755	933
755	943
755	947
755	966
755	971
755	972
756	104
756	120
756	283
756	553
756	661
756	785
756	799
756	883
756	911
756	952
756	966
756	979
756	999
757	618
757	800
757	848
757	881
757	891
757	933
757	950
757	960
757	973
757	977
757	983
757	989
757	994
758	246
758	540
758	607
758	624
758	687
758	780
758	794
758	831
758	840
758	875
758	910
758	985
758	996
759	67
759	156
759	497
759	749
759	801
759	808
759	821
759	846
759	849
759	919
759	923
759	953
759	996
760	47
760	180
760	580
760	649
760	768
760	898
760	905
760	908
760	909
760	936
760	978
760	979
760	997
761	277
761	399
761	576
761	768
761	774
761	789
761	862
761	885
761	886
761	897
761	939
761	972
761	977
762	24
762	49
762	226
762	260
762	336
762	390
762	604
762	605
762	619
762	660
762	797
762	804
762	957
763	19
763	155
763	165
763	247
763	327
763	328
763	425
763	480
763	613
763	622
763	633
763	807
763	971
764	83
764	223
764	253
764	626
764	636
764	784
764	797
764	822
764	882
764	903
764	925
764	946
764	990
765	14
765	180
765	243
765	816
765	837
765	921
765	942
765	954
765	969
765	973
765	982
765	992
765	995
766	20
766	519
766	697
766	719
766	841
766	877
766	884
766	887
766	900
766	902
767	110
767	243
767	248
767	600
767	796
767	813
767	910
767	924
767	943
767	961
767	965
767	971
767	972
768	229
768	351
768	515
768	559
768	576
768	591
768	760
768	761
768	885
768	886
768	897
768	939
768	965
769	809
769	818
769	849
769	912
769	916
769	938
769	941
769	951
769	970
769	980
769	988
769	998
769	1000
770	97
770	104
770	145
770	171
770	233
770	252
770	459
770	500
770	506
770	526
770	606
770	645
770	691
771	414
771	689
771	849
771	853
771	912
771	915
771	938
771	956
771	957
771	970
771	988
771	998
771	1000
772	43
772	171
772	201
772	259
772	358
772	360
772	492
772	665
772	670
772	744
772	788
772	838
772	865
773	140
773	150
773	532
773	740
773	811
773	843
773	861
773	874
773	898
773	936
773	957
773	978
773	997
774	216
774	254
774	318
774	562
774	761
774	827
774	860
774	885
774	886
774	897
774	939
774	981
774	997
775	655
775	656
775	704
775	745
775	810
775	844
775	847
775	854
775	931
775	941
775	944
775	962
775	964
776	68
776	74
776	465
776	467
776	494
776	529
776	647
776	742
776	781
776	842
776	869
776	935
776	977
777	85
777	392
777	626
777	690
777	753
777	826
777	863
777	870
777	901
777	904
777	927
777	949
777	954
778	76
778	209
778	280
778	394
778	454
778	558
778	559
778	600
778	673
778	681
778	718
778	747
778	895
778	977
779	11
779	106
779	341
779	380
779	405
779	613
779	627
779	717
779	822
779	839
779	851
779	882
779	925
779	990
780	413
780	672
780	716
780	758
780	793
780	794
780	831
780	840
780	862
780	937
780	956
780	985
780	991
780	996
781	73
781	74
781	188
781	215
781	465
781	485
781	599
781	740
781	776
781	814
781	842
781	869
781	935
781	958
782	33
782	279
782	419
782	442
782	575
782	577
782	708
782	788
782	807
782	846
782	945
782	954
782	983
782	986
783	333
783	481
783	627
783	671
783	697
783	732
783	801
783	817
783	848
783	857
783	872
783	929
783	934
783	942
784	172
784	216
784	310
784	389
784	646
784	655
784	688
784	764
784	882
784	886
784	925
784	933
784	987
784	990
785	95
785	121
785	289
785	314
785	482
785	491
785	528
785	658
785	679
785	702
785	728
785	756
785	799
785	952
786	90
786	102
786	224
786	255
786	303
786	369
786	427
786	460
786	555
786	595
786	728
786	867
786	916
786	976
787	537
787	640
787	679
787	724
787	739
787	830
787	855
787	880
787	892
787	952
787	954
788	33
788	71
788	151
788	442
788	575
788	577
788	612
788	708
788	772
788	782
788	945
788	954
788	986
788	998
789	567
789	692
789	753
789	761
789	835
789	837
789	921
789	942
789	969
789	973
789	982
789	990
789	992
789	995
790	144
790	420
790	480
790	489
790	555
790	591
790	737
790	802
790	847
790	868
790	889
790	931
790	944
790	955
791	190
791	252
791	438
791	449
791	450
791	504
791	538
791	563
791	633
791	667
791	735
791	831
791	955
791	958
792	652
792	653
792	684
792	814
792	844
792	845
792	854
792	903
792	947
792	956
792	975
792	976
792	984
793	46
793	62
793	343
793	417
793	468
793	574
793	721
793	780
793	795
793	828
793	866
793	928
793	951
793	972
794	174
794	261
794	566
794	689
794	758
794	780
794	816
794	831
794	931
794	937
794	963
794	985
794	991
794	996
795	331
795	468
795	687
795	718
795	721
795	793
795	805
795	828
795	866
795	886
795	888
795	928
795	951
795	998
796	242
796	335
796	533
796	628
796	694
796	767
796	839
796	910
796	932
796	945
796	958
796	961
796	965
796	986
797	53
797	505
797	701
797	722
797	742
797	762
797	764
797	798
797	819
797	890
797	899
797	946
797	947
797	985
798	307
798	401
798	534
798	626
798	634
798	682
798	722
798	797
798	804
798	832
798	890
798	945
798	966
798	981
799	162
799	371
799	429
799	528
799	658
799	661
799	679
799	702
799	756
799	785
799	952
799	967
799	970
799	989
800	577
800	754
800	757
800	805
800	829
800	881
800	891
800	897
800	937
800	950
800	977
800	983
800	989
800	994
801	310
801	671
801	730
801	732
801	759
801	783
801	802
801	817
801	848
801	857
801	872
801	929
801	934
801	994
802	239
802	267
802	291
802	489
802	648
802	790
802	801
802	813
802	826
802	844
802	847
802	889
802	931
802	942
802	944
803	250
803	254
803	258
803	286
803	309
803	606
803	621
803	650
803	680
803	808
803	809
803	864
803	875
803	983
803	989
804	24
804	49
804	226
804	260
804	269
804	336
804	432
804	455
804	604
804	605
804	619
804	762
804	798
804	922
804	929
805	66
805	376
805	417
805	469
805	488
805	510
805	574
805	721
805	795
805	800
805	849
805	851
805	866
805	928
805	951
806	211
806	675
806	678
806	690
806	826
806	863
806	870
806	901
806	904
806	907
806	927
806	942
806	949
806	982
806	989
807	227
807	247
807	276
807	425
807	489
807	613
807	622
807	763
807	782
807	827
807	889
807	897
807	931
807	935
807	944
808	163
808	240
808	254
808	606
808	650
808	680
808	686
808	743
808	759
808	803
808	809
808	864
808	875
808	891
808	961
809	240
809	250
809	281
809	309
809	323
809	330
809	563
809	631
809	650
809	680
809	769
809	803
809	808
809	825
809	875
810	317
810	372
810	633
810	660
810	734
810	775
810	871
810	874
810	884
810	885
810	888
810	941
810	959
810	962
810	964
811	60
811	318
811	326
811	773
811	861
811	879
811	898
811	900
811	906
811	908
811	909
811	936
811	957
811	978
811	997
812	272
812	541
812	592
812	652
812	752
812	877
812	878
812	894
812	906
812	907
812	911
812	915
812	968
812	981
812	993
813	5
813	490
813	640
813	767
813	802
813	865
813	910
813	914
813	932
813	949
813	958
813	961
813	965
813	984
813	986
814	96
814	157
814	265
814	297
814	397
814	585
814	625
814	663
814	725
814	781
814	792
814	833
814	912
814	954
814	994
815	89
815	200
815	308
815	338
815	341
815	349
815	620
815	715
815	720
815	894
815	939
815	950
815	951
815	957
815	993
816	327
816	614
816	675
816	765
816	794
816	837
816	921
816	938
816	954
816	961
816	969
816	973
816	982
816	992
816	995
817	589
817	605
817	666
817	730
817	732
817	737
817	783
817	801
817	848
817	857
817	872
817	929
817	934
817	965
817	978
818	460
818	568
818	575
818	602
818	732
818	769
818	849
818	912
818	915
818	916
818	938
818	970
818	988
818	998
818	1000
819	2
819	223
819	253
819	263
819	286
819	493
819	630
819	643
819	733
819	797
819	834
819	889
819	899
819	946
819	994
820	135
820	264
820	272
820	436
820	611
820	704
820	707
820	852
820	893
820	926
820	940
820	955
820	960
820	987
820	991
821	238
821	284
821	451
821	497
821	586
821	726
821	749
821	752
821	759
821	846
821	886
821	919
821	923
821	931
821	953
822	257
822	266
822	430
822	627
822	646
822	655
822	737
822	744
822	764
822	779
822	884
822	893
822	934
822	936
822	990
823	4
823	542
823	551
823	560
823	584
823	641
823	642
823	722
823	734
823	824
823	862
823	874
823	945
823	959
823	971
824	4
824	93
824	399
824	525
824	560
824	616
824	642
824	734
824	823
824	862
824	874
824	880
824	881
824	945
824	993
825	376
825	441
825	526
825	683
825	809
825	859
825	918
825	935
825	948
825	952
825	965
825	966
825	967
825	979
825	980
825	999
826	3
826	84
826	85
826	550
826	689
826	690
826	777
826	802
826	806
826	863
826	901
826	904
826	907
826	917
826	927
826	949
827	25
827	501
827	774
827	807
827	843
827	845
827	860
827	866
827	898
827	905
827	909
827	936
827	939
827	957
827	961
827	997
828	264
828	278
828	331
828	469
828	536
828	574
828	687
828	721
828	793
828	795
828	858
828	866
828	879
828	928
828	947
828	951
829	407
829	539
829	648
829	741
829	800
829	881
829	888
829	891
829	896
829	926
829	933
829	950
829	977
829	983
829	989
829	994
830	89
830	324
830	375
830	445
830	458
830	606
830	640
830	724
830	739
830	787
830	855
830	880
830	892
830	977
831	60
831	87
831	342
831	572
831	597
831	716
831	758
831	780
831	791
831	794
831	840
831	937
831	964
831	985
831	991
831	996
832	109
832	128
832	401
832	528
832	560
832	614
832	682
832	685
832	722
832	742
832	798
832	890
832	899
832	964
832	981
832	997
833	96
833	271
833	297
833	397
833	480
833	570
833	585
833	625
833	663
833	725
833	814
833	848
833	892
833	904
833	947
833	954
834	11
834	239
834	249
834	310
834	410
834	543
834	579
834	646
834	737
834	819
834	851
834	882
834	905
834	925
834	990
834	993
835	569
835	663
835	712
835	789
835	867
835	908
835	924
835	926
835	933
835	943
835	944
835	947
835	960
835	971
835	972
835	987
836	220
836	302
836	311
836	329
836	363
836	372
836	511
836	522
836	537
836	540
836	549
836	615
836	631
836	648
836	672
836	948
837	543
837	615
837	651
837	753
837	765
837	789
837	816
837	921
837	940
837	954
837	969
837	973
837	977
837	982
837	992
837	995
838	201
838	230
838	259
838	358
838	433
838	492
838	638
838	665
838	670
838	717
838	744
838	772
838	865
838	873
838	883
838	937
838	996
839	52
839	305
839	483
839	490
839	572
839	748
839	779
839	796
839	854
839	910
839	914
839	932
839	958
839	961
839	965
839	976
839	986
840	499
840	597
840	624
840	689
840	704
840	716
840	724
840	758
840	780
840	831
840	880
840	901
840	937
840	965
840	985
840	991
840	996
841	9
841	45
841	246
841	531
841	547
841	554
841	609
841	719
841	766
841	884
841	887
841	900
841	902
841	934
842	73
842	215
842	467
842	485
842	494
842	520
842	527
842	529
842	580
842	599
842	719
842	724
842	776
842	781
842	845
842	869
842	935
843	217
843	276
843	339
843	720
843	773
843	827
843	860
843	861
843	898
843	905
843	909
843	936
843	957
843	958
843	962
843	978
843	997
844	20
844	478
844	489
844	591
844	630
844	648
844	710
844	737
844	775
844	792
844	802
844	847
844	889
844	903
844	944
844	948
844	975
845	581
845	652
845	653
845	684
845	701
845	712
845	737
845	792
845	827
845	842
845	903
845	956
845	975
845	976
845	984
846	156
846	214
846	321
846	400
846	518
846	692
846	726
846	749
846	759
846	782
846	821
846	892
846	919
846	921
846	923
846	925
846	953
847	267
847	291
847	409
847	478
847	612
847	659
847	710
847	775
847	790
847	802
847	844
847	863
847	889
847	931
847	944
847	992
847	996
848	364
848	645
848	666
848	671
848	730
848	732
848	757
848	783
848	801
848	817
848	833
848	857
848	872
848	929
848	934
848	948
848	957
849	112
849	759
849	769
849	771
849	805
849	818
849	853
849	865
849	912
849	915
849	916
849	938
849	946
849	981
849	988
849	998
849	1000
850	28
850	83
850	88
850	139
850	159
850	256
850	332
850	390
850	479
850	500
850	644
850	668
850	707
850	711
850	751
850	884
850	894
850	987
851	37
851	249
851	423
851	543
851	579
851	633
851	646
851	655
851	658
851	688
851	779
851	805
851	834
851	882
851	925
851	955
851	975
851	990
852	206
852	270
852	587
852	592
852	696
852	704
852	707
852	733
852	820
852	893
852	919
852	926
852	940
852	955
852	960
852	971
852	973
852	987
853	59
853	160
853	319
853	496
853	601
853	771
853	849
853	875
853	912
853	915
853	916
853	938
853	951
853	970
853	988
853	993
853	998
853	1000
854	5
854	38
854	188
854	486
854	628
854	729
854	775
854	792
854	839
854	902
854	910
854	914
854	932
854	958
854	961
854	965
854	986
854	987
855	159
855	182
855	229
855	241
855	290
855	375
855	425
855	458
855	640
855	724
855	739
855	787
855	830
855	880
855	892
855	955
856	75
856	314
856	349
856	477
856	551
856	731
856	738
856	889
856	912
856	916
856	917
856	950
856	967
856	987
856	988
856	996
856	998
856	1000
857	51
857	473
857	481
857	524
857	553
857	589
857	630
857	666
857	730
857	783
857	801
857	817
857	848
857	872
857	929
857	934
857	970
857	979
858	548
858	709
858	736
858	738
858	828
858	877
858	878
858	894
858	906
858	911
858	917
858	925
858	955
858	963
858	968
858	981
858	991
858	993
859	108
859	418
859	431
859	557
859	608
859	743
859	825
859	873
859	918
859	931
859	935
859	948
859	950
859	966
859	967
859	972
859	979
859	999
860	163
860	223
860	344
860	593
860	695
860	740
860	774
860	827
860	843
860	872
860	879
860	882
860	898
860	905
860	936
860	957
860	978
860	997
861	7
861	185
861	365
861	512
861	681
861	695
861	727
861	773
861	811
861	843
861	879
861	890
861	905
861	909
861	936
861	957
861	978
861	997
862	93
862	98
862	170
862	525
862	533
862	584
862	616
862	641
862	642
862	703
862	734
862	761
862	780
862	823
862	824
862	874
862	922
862	945
863	225
863	273
863	436
863	464
863	550
863	569
863	673
863	678
863	716
863	777
863	806
863	826
863	847
863	870
863	901
863	904
863	907
863	927
863	949
864	158
864	163
864	183
864	203
864	250
864	258
864	281
864	310
864	323
864	330
864	475
864	606
864	650
864	693
864	803
864	808
864	875
864	915
864	984
865	517
865	638
865	670
865	725
865	744
865	772
865	813
865	838
865	849
865	881
865	891
865	913
865	931
865	933
865	945
865	977
865	983
865	989
865	994
866	264
866	331
866	334
866	417
866	468
866	488
866	510
866	574
866	687
866	793
866	795
866	805
866	827
866	828
866	870
866	893
866	928
866	951
866	956
867	90
867	102
867	107
867	207
867	224
867	255
867	275
867	303
867	313
867	369
867	383
867	512
867	555
867	595
867	728
867	786
867	835
867	869
867	982
868	295
868	428
868	546
868	657
868	668
868	693
868	718
868	727
868	755
868	790
868	895
868	933
868	935
868	943
868	947
868	955
868	971
868	972
868	981
869	73
869	74
869	215
869	465
869	467
869	485
869	494
869	529
869	599
869	661
869	720
869	738
869	776
869	781
869	842
869	867
869	935
869	937
869	970
870	114
870	312
870	319
870	526
870	550
870	626
870	678
870	777
870	806
870	863
870	866
870	901
870	904
870	907
870	927
870	933
870	949
870	986
870	988
871	137
871	199
871	243
871	262
871	317
871	325
871	372
871	440
871	446
871	457
871	633
871	660
871	730
871	810
871	920
871	925
871	959
871	973
871	992
872	81
872	138
872	371
872	473
872	481
872	581
872	671
872	694
872	730
872	732
872	783
872	801
872	817
872	848
872	857
872	860
872	929
872	934
872	943
872	984
873	238
873	251
873	454
873	520
873	629
873	697
873	735
873	743
873	838
873	859
873	918
873	920
873	943
873	948
873	952
873	967
873	975
873	979
873	981
873	999
874	4
874	17
874	98
874	170
874	525
874	560
874	567
874	584
874	616
874	641
874	642
874	734
874	773
874	810
874	823
874	824
874	862
874	945
874	970
874	1000
875	32
875	53
875	54
875	163
875	173
875	240
875	258
875	281
875	330
875	419
875	606
875	650
875	653
875	680
875	758
875	803
875	808
875	809
875	853
875	864
876	191
876	288
876	329
876	461
876	487
876	509
876	516
876	524
876	561
876	593
876	621
876	647
876	649
876	703
876	930
876	954
876	974
876	990
876	991
876	997
877	44
877	178
877	210
877	548
877	591
877	592
877	610
877	709
877	766
877	812
877	858
877	894
877	906
877	911
877	963
877	968
877	970
877	977
877	981
877	993
878	416
878	462
878	610
878	632
878	679
878	709
878	736
878	741
878	812
878	858
878	891
878	894
878	898
878	906
878	911
878	963
878	968
878	981
878	990
878	993
879	244
879	295
879	308
879	326
879	398
879	567
879	646
879	719
879	740
879	811
879	828
879	860
879	861
879	898
879	905
879	908
879	957
879	978
879	989
879	997
880	79
880	142
880	182
880	208
880	290
880	375
880	410
880	458
880	640
880	675
880	724
880	739
880	787
880	824
880	830
880	840
880	855
880	892
880	903
880	914
881	511
881	674
881	741
881	754
881	757
881	800
881	824
881	829
881	865
881	891
881	905
881	933
881	950
881	971
881	977
881	983
881	989
881	992
881	994
881	1000
882	172
882	342
882	405
882	579
882	584
882	627
882	646
882	655
882	685
882	717
882	764
882	779
882	784
882	834
882	851
882	860
882	917
882	936
882	988
882	990
883	39
883	80
883	83
883	196
883	358
883	360
883	517
883	596
883	645
883	646
883	665
883	670
883	676
883	717
883	744
883	756
883	838
883	918
883	950
883	970
884	29
884	136
884	148
884	424
884	435
884	547
884	554
884	564
884	609
884	709
884	719
884	766
884	810
884	822
884	841
884	850
884	887
884	900
884	902
884	904
885	21
885	54
885	143
885	181
885	197
885	250
885	277
885	399
885	407
885	515
885	576
885	686
885	761
885	768
885	774
885	810
885	886
885	897
885	939
885	985
886	143
886	197
886	229
886	277
886	399
886	515
886	559
886	576
886	578
886	761
886	768
886	774
886	784
886	795
886	821
886	885
886	897
886	912
886	939
886	957
887	29
887	75
887	92
887	146
887	275
887	344
887	424
887	435
887	547
887	554
887	609
887	683
887	719
887	766
887	841
887	884
887	900
887	902
887	968
887	972
887	976
888	116
888	120
888	208
888	212
888	238
888	386
888	389
888	390
888	396
888	415
888	433
888	474
888	556
888	745
888	795
888	810
888	829
888	928
888	941
888	962
888	964
889	20
889	144
889	213
889	221
889	478
889	591
889	612
889	648
889	710
889	790
889	802
889	807
889	819
889	844
889	847
889	856
889	922
889	931
889	941
889	944
889	966
890	50
890	176
890	274
890	307
890	359
890	381
890	401
890	491
890	520
890	610
890	614
890	682
890	685
890	701
890	722
890	742
890	797
890	798
890	832
890	861
890	981
891	32
891	284
891	413
891	503
891	523
891	674
891	741
891	754
891	757
891	800
891	808
891	829
891	865
891	878
891	881
891	933
891	950
891	977
891	983
891	989
891	994
892	15
892	79
892	182
892	208
892	290
892	375
892	410
892	458
892	640
892	647
892	664
892	724
892	739
892	787
892	830
892	833
892	846
892	855
892	880
892	912
892	978
893	103
893	270
893	301
893	440
893	507
893	592
893	598
893	669
893	820
893	822
893	852
893	866
893	899
893	926
893	940
893	955
893	960
893	966
893	974
893	987
893	991
894	236
894	274
894	382
894	416
894	436
894	502
894	513
894	671
894	812
894	815
894	850
894	858
894	877
894	878
894	906
894	907
894	911
894	963
894	968
894	981
894	993
895	167
895	303
895	337
895	346
895	506
895	508
895	531
895	657
895	693
895	727
895	755
895	778
895	868
895	923
895	924
895	943
895	947
895	965
895	966
895	971
895	972
896	66
896	68
896	108
896	154
896	268
896	322
896	326
896	370
896	384
896	393
896	432
896	571
896	586
896	587
896	684
896	696
896	698
896	829
896	911
896	917
896	931
896	958
897	143
897	181
897	197
897	202
897	229
897	277
897	399
897	407
897	515
897	535
897	559
897	576
897	651
897	761
897	768
897	774
897	800
897	807
897	885
897	886
897	939
897	983
898	37
898	129
898	242
898	320
898	579
898	690
898	760
898	773
898	811
898	827
898	843
898	860
898	878
898	879
898	905
898	909
898	936
898	957
898	960
898	978
898	991
898	997
899	2
899	214
899	355
899	435
899	493
899	527
899	541
899	630
899	643
899	669
899	712
899	797
899	819
899	832
899	893
899	940
899	946
899	955
899	960
899	982
899	987
899	996
900	29
900	66
900	92
900	93
900	136
900	148
900	380
900	424
900	427
900	435
900	547
900	554
900	596
900	609
900	719
900	766
900	811
900	841
900	884
900	887
900	902
900	1000
901	10
901	132
901	225
901	292
901	356
901	381
901	537
901	667
901	678
901	680
901	690
901	777
901	806
901	826
901	840
901	863
901	870
901	904
901	907
901	927
901	949
901	984
902	29
902	92
902	103
902	136
902	146
902	148
902	424
902	435
902	547
902	554
902	609
902	701
902	719
902	766
902	841
902	854
902	884
902	887
902	900
902	940
902	956
902	979
903	403
903	566
903	581
903	582
903	644
903	652
903	653
903	684
903	699
903	704
903	764
903	792
903	844
903	845
903	880
903	956
903	975
903	976
903	984
903	992
904	22
904	50
904	132
904	245
904	273
904	356
904	678
904	690
904	702
904	777
904	806
904	826
904	833
904	863
904	870
904	884
904	901
904	907
904	927
904	948
904	949
904	968
905	174
905	398
905	411
905	621
905	760
905	827
905	834
905	843
905	860
905	861
905	879
905	881
905	898
905	908
905	909
905	924
905	936
905	957
905	978
905	983
905	997
905	999
906	9
906	16
906	339
906	361
906	513
906	543
906	681
906	709
906	736
906	811
906	812
906	858
906	877
906	878
906	894
906	907
906	911
906	963
906	968
906	974
906	981
906	993
906	999
907	78
907	438
907	670
907	749
907	806
907	812
907	826
907	863
907	870
907	894
907	901
907	904
907	906
907	911
907	927
907	949
907	956
907	963
907	968
907	979
907	980
907	981
907	993
908	57
908	234
908	377
908	445
908	760
908	811
908	835
908	879
908	905
908	910
908	919
908	926
908	933
908	955
908	957
908	960
908	969
908	978
908	982
908	985
908	987
908	991
908	997
909	41
909	79
909	295
909	373
909	501
909	512
909	621
909	695
909	717
909	740
909	755
909	760
909	811
909	827
909	843
909	861
909	898
909	905
909	957
909	958
909	963
909	978
909	997
910	5
910	26
910	125
910	219
910	316
910	421
910	501
910	695
910	748
910	758
910	767
910	796
910	813
910	839
910	854
910	908
910	914
910	932
910	958
910	961
910	965
910	982
910	986
911	361
911	436
911	541
911	610
911	677
911	722
911	736
911	756
911	812
911	858
911	877
911	878
911	894
911	896
911	906
911	907
911	963
911	968
911	980
911	981
911	991
911	993
911	995
912	145
912	293
912	318
912	769
912	771
912	814
912	818
912	849
912	853
912	856
912	886
912	892
912	915
912	916
912	938
912	946
912	951
912	955
912	970
912	982
912	988
912	998
912	1000
913	231
913	333
913	456
913	530
913	618
913	635
913	637
913	662
913	666
913	696
913	743
913	865
913	918
913	920
913	922
913	924
913	948
913	952
913	962
913	966
913	967
913	980
913	984
913	999
914	53
914	188
914	198
914	334
914	412
914	421
914	446
914	561
914	713
914	748
914	813
914	839
914	854
914	880
914	910
914	918
914	921
914	930
914	932
914	952
914	958
914	961
914	965
914	986
915	19
915	568
915	582
915	601
915	664
915	699
915	729
915	731
915	771
915	812
915	818
915	849
915	853
915	864
915	912
915	938
915	946
915	948
915	951
915	970
915	988
915	995
915	998
915	1000
916	74
916	139
916	235
916	375
916	449
916	699
916	729
916	731
916	769
916	786
916	818
916	849
916	853
916	856
916	912
916	938
916	946
916	951
916	970
916	985
916	988
916	993
916	998
916	1000
917	6
917	22
917	57
917	75
917	117
917	187
917	204
917	290
917	314
917	411
917	477
917	483
917	536
917	544
917	551
917	654
917	738
917	826
917	856
917	858
917	882
917	896
917	922
917	939
918	21
918	40
918	42
918	169
918	552
918	573
918	608
918	628
918	680
918	691
918	697
918	825
918	859
918	873
918	883
918	913
918	914
918	922
918	948
918	966
918	967
918	979
918	980
918	999
919	284
919	368
919	391
919	451
919	527
919	570
919	693
919	749
919	759
919	821
919	846
919	852
919	908
919	923
919	926
919	940
919	949
919	953
919	954
919	955
919	960
919	974
919	987
919	991
919	998
920	280
920	296
920	431
920	470
920	516
920	558
920	564
920	595
920	600
920	620
920	677
920	681
920	718
920	729
920	744
920	871
920	873
920	913
920	922
920	948
920	966
920	967
920	979
920	980
920	999
921	429
921	447
921	519
921	558
921	649
921	664
921	675
921	683
921	686
921	710
921	753
921	765
921	789
921	816
921	837
921	846
921	914
921	942
921	954
921	969
921	970
921	973
921	982
921	992
921	995
922	502
922	514
922	519
922	530
922	626
922	629
922	635
922	697
922	726
922	804
922	862
922	889
922	913
922	917
922	918
922	920
922	948
922	952
922	966
922	967
922	970
922	979
922	980
922	986
922	999
923	67
923	80
923	105
923	214
923	296
923	305
923	347
923	391
923	400
923	412
923	451
923	497
923	518
923	545
923	614
923	654
923	726
923	749
923	759
923	821
923	846
923	895
923	919
923	953
923	975
924	241
924	364
924	508
924	531
924	591
924	639
924	656
924	657
924	693
924	703
924	705
924	727
924	755
924	767
924	835
924	895
924	905
924	913
924	943
924	947
924	949
924	953
924	971
924	972
924	977
925	37
925	106
925	147
925	257
925	266
925	342
925	353
925	405
925	423
925	543
925	579
925	611
925	653
925	655
925	688
925	724
925	764
925	779
925	784
925	834
925	846
925	851
925	858
925	871
925	964
925	990
926	221
926	367
926	385
926	419
926	507
926	586
926	592
926	598
926	704
926	707
926	712
926	820
926	829
926	835
926	852
926	893
926	908
926	919
926	940
926	955
926	960
926	974
926	987
926	990
926	991
926	995
927	4
927	22
927	50
927	73
927	225
927	292
927	312
927	319
927	356
927	404
927	452
927	612
927	678
927	690
927	714
927	777
927	806
927	826
927	863
927	870
927	901
927	904
927	907
927	949
927	976
927	988
928	28
928	131
928	169
928	264
928	331
928	343
928	417
928	468
928	469
928	488
928	510
928	565
928	687
928	700
928	721
928	793
928	795
928	805
928	828
928	866
928	888
928	932
928	938
928	940
928	951
928	956
929	13
929	43
929	51
929	81
929	138
929	140
929	385
929	473
929	481
929	589
929	632
929	648
929	666
929	671
929	730
929	732
929	783
929	801
929	804
929	817
929	848
929	857
929	872
929	934
929	961
929	987
930	126
930	134
930	161
930	178
930	191
930	272
930	288
930	329
930	359
930	461
930	487
930	509
930	516
930	524
930	593
930	621
930	647
930	680
930	698
930	703
930	876
930	914
930	940
930	961
930	974
930	986
931	12
931	20
931	227
931	239
931	267
931	291
931	478
931	489
931	591
931	612
931	710
931	737
931	775
931	790
931	794
931	802
931	807
931	821
931	847
931	859
931	865
931	889
931	896
931	944
931	961
931	969
932	13
932	111
932	141
932	316
932	421
932	425
932	514
932	536
932	540
932	561
932	622
932	628
932	703
932	748
932	796
932	813
932	839
932	854
932	910
932	914
932	928
932	958
932	961
932	965
932	970
932	986
932	999
933	298
933	508
933	518
933	617
933	716
933	755
933	757
933	784
933	829
933	835
933	865
933	868
933	870
933	881
933	891
933	908
933	935
933	943
933	947
933	950
933	971
933	972
933	977
933	980
933	983
933	989
933	994
934	51
934	81
934	138
934	140
934	396
934	473
934	481
934	551
934	572
934	589
934	666
934	671
934	715
934	730
934	732
934	783
934	801
934	817
934	822
934	841
934	848
934	857
934	872
934	929
934	939
934	942
934	988
935	258
935	304
935	308
935	465
935	467
935	471
935	485
935	494
935	529
935	599
935	656
935	727
935	776
935	781
935	807
935	825
935	842
935	859
935	868
935	869
935	933
935	943
935	946
935	947
935	971
935	972
935	985
936	60
936	161
936	244
936	562
936	570
936	621
936	693
936	695
936	740
936	760
936	773
936	811
936	822
936	827
936	843
936	860
936	861
936	882
936	898
936	905
936	941
936	950
936	961
936	978
936	979
936	997
936	998
937	43
937	77
937	168
937	232
937	237
937	458
937	464
937	471
937	472
937	535
937	568
937	607
937	624
937	632
937	672
937	689
937	716
937	780
937	794
937	800
937	831
937	838
937	840
937	869
937	985
937	991
937	996
938	12
938	56
938	127
938	299
938	410
938	601
938	699
938	719
938	729
938	731
938	769
938	771
938	816
938	818
938	849
938	853
938	912
938	915
938	916
938	928
938	939
938	946
938	951
938	970
938	988
938	991
938	998
938	1000
939	34
939	181
939	192
939	217
939	228
939	387
939	407
939	559
939	576
939	596
939	620
939	690
939	700
939	715
939	720
939	761
939	768
939	774
939	815
939	827
939	885
939	886
939	897
939	917
939	934
939	938
939	950
939	983
940	347
940	377
940	419
940	569
940	598
940	611
940	658
940	669
940	697
940	704
940	707
940	712
940	820
940	837
940	852
940	893
940	899
940	902
940	919
940	926
940	928
940	930
940	954
940	955
940	960
940	974
940	987
940	991
941	40
941	130
941	179
941	300
941	345
941	380
941	386
941	389
941	415
941	420
941	428
941	433
941	474
941	556
941	617
941	627
941	745
941	769
941	775
941	810
941	888
941	889
941	936
941	962
941	964
941	974
941	992
941	998
942	409
942	422
942	485
942	487
942	521
942	558
942	602
942	649
942	664
942	675
942	676
942	683
942	692
942	753
942	765
942	783
942	789
942	802
942	806
942	921
942	934
942	954
942	969
942	973
942	982
942	986
942	992
942	995
943	160
943	253
943	261
943	302
943	364
943	463
943	508
943	546
943	639
943	656
943	689
943	727
943	755
943	767
943	835
943	868
943	872
943	873
943	895
943	924
943	933
943	935
943	947
943	969
943	971
943	972
943	993
943	995
944	95
944	144
944	213
944	227
944	291
944	489
944	490
944	527
944	557
944	586
944	591
944	612
944	648
944	650
944	710
944	737
944	775
944	790
944	802
944	807
944	835
944	844
944	847
944	889
944	931
944	981
944	982
944	988
945	71
945	151
945	166
945	279
945	427
945	442
945	531
945	560
945	575
945	577
945	584
945	616
945	641
945	642
945	708
945	734
945	744
945	782
945	788
945	796
945	798
945	823
945	824
945	862
945	865
945	874
945	958
945	984
945	986
946	97
946	253
946	286
946	493
946	630
946	643
946	660
946	662
946	699
946	729
946	733
946	753
946	764
946	797
946	819
946	849
946	899
946	912
946	915
946	916
946	935
946	938
946	950
946	951
946	963
946	978
946	988
946	998
946	1000
947	218
947	321
947	337
947	349
947	362
947	428
947	463
947	531
947	546
947	639
947	656
947	657
947	693
947	727
947	731
947	755
947	792
947	797
947	828
947	833
947	835
947	868
947	895
947	924
947	933
947	935
947	943
947	971
947	972
947	976
948	1
948	18
948	441
948	478
948	502
948	530
948	553
948	677
948	691
948	697
948	743
948	825
948	836
948	844
948	848
948	859
948	873
948	904
948	913
948	915
948	918
948	920
948	922
948	953
948	966
948	967
948	979
948	980
948	991
948	999
949	85
949	132
949	271
949	273
949	292
949	312
949	319
949	356
949	452
949	550
949	626
949	648
949	678
949	690
949	777
949	806
949	813
949	826
949	863
949	870
949	901
949	904
949	907
949	919
949	924
949	927
949	959
949	973
949	979
949	999
950	34
950	89
950	121
950	201
950	217
950	341
950	349
950	387
950	620
950	699
950	715
950	720
950	741
950	757
950	800
950	815
950	829
950	856
950	859
950	881
950	883
950	891
950	933
950	936
950	939
950	946
950	975
950	977
950	983
950	989
950	994
951	233
951	264
951	343
951	468
951	488
951	529
951	579
951	629
951	657
951	687
951	734
951	769
951	793
951	795
951	805
951	815
951	828
951	853
951	866
951	912
951	915
951	916
951	928
951	938
951	946
951	956
951	967
951	970
951	988
951	998
951	1000
952	3
952	121
952	155
952	324
952	333
952	371
952	422
952	482
952	528
952	608
952	658
952	659
952	661
952	677
952	679
952	697
952	702
952	756
952	785
952	787
952	799
952	825
952	873
952	913
952	914
952	922
952	956
952	967
952	972
952	979
952	980
952	999
953	67
953	80
953	98
953	105
953	156
953	214
953	284
953	296
953	305
953	321
953	325
953	344
953	391
953	400
953	451
953	497
953	510
953	518
953	590
953	598
953	620
953	721
953	726
953	749
953	759
953	821
953	846
953	919
953	923
953	924
953	948
953	986
954	157
954	265
954	271
954	396
954	397
954	404
954	434
954	480
954	570
954	625
954	663
954	678
954	692
954	725
954	765
954	777
954	782
954	787
954	788
954	814
954	816
954	833
954	837
954	876
954	919
954	921
954	940
954	942
954	969
954	973
954	978
954	982
954	992
954	995
955	14
955	221
955	235
955	270
955	306
955	361
955	377
955	388
955	507
955	569
955	580
955	611
955	663
955	704
955	707
955	712
955	790
955	791
955	820
955	851
955	852
955	855
955	858
955	868
955	893
955	899
955	908
955	912
955	919
955	926
955	940
955	960
955	965
955	987
955	991
956	294
956	328
956	354
956	366
956	403
956	448
956	466
956	566
956	581
956	582
956	652
956	653
956	684
956	706
956	771
956	780
956	792
956	845
956	866
956	902
956	903
956	907
956	928
956	951
956	952
956	975
956	976
956	984
956	989
957	25
957	60
957	106
957	147
957	207
957	244
957	316
957	398
957	482
957	501
957	562
957	567
957	695
957	740
957	762
957	771
957	773
957	811
957	815
957	827
957	843
957	848
957	860
957	861
957	879
957	886
957	898
957	905
957	908
957	909
957	976
957	978
957	982
957	997
957	998
958	10
958	13
958	26
958	38
958	52
958	53
958	61
958	115
958	188
958	316
958	421
958	460
958	486
958	490
958	509
958	628
958	711
958	748
958	781
958	791
958	796
958	813
958	839
958	843
958	854
958	896
958	909
958	910
958	914
958	932
958	945
958	961
958	965
958	980
958	986
959	42
959	48
959	86
959	99
959	101
959	199
959	231
959	243
959	251
959	262
959	317
959	325
959	372
959	378
959	385
959	426
959	457
959	476
959	505
959	513
959	529
959	615
959	633
959	660
959	686
959	700
959	714
959	721
959	810
959	823
959	871
959	949
959	974
959	989
959	1000
960	9
960	14
960	45
960	94
960	126
960	297
960	306
960	353
960	440
960	494
960	527
960	592
960	594
960	598
960	611
960	669
960	698
960	704
960	707
960	712
960	729
960	757
960	820
960	835
960	852
960	893
960	898
960	899
960	908
960	919
960	926
960	940
960	955
960	987
960	991
960	999
961	10
961	30
961	115
961	198
961	234
961	242
961	334
961	421
961	460
961	486
961	490
961	504
961	561
961	628
961	713
961	748
961	754
961	767
961	796
961	808
961	813
961	816
961	827
961	839
961	854
961	910
961	914
961	929
961	930
961	931
961	932
961	936
961	958
961	965
961	983
961	986
962	111
962	120
962	130
962	137
962	238
962	300
962	345
962	380
962	381
962	386
962	389
962	396
962	415
962	420
962	433
962	437
962	451
962	474
962	542
962	556
962	590
962	617
962	649
962	688
962	745
962	775
962	810
962	843
962	888
962	913
962	941
962	964
962	978
962	984
962	998
962	1000
963	7
963	16
963	44
963	46
963	170
963	204
963	224
963	382
963	416
963	436
963	462
963	492
963	513
963	541
963	548
963	603
963	610
963	638
963	709
963	728
963	736
963	741
963	794
963	858
963	877
963	878
963	894
963	906
963	907
963	909
963	911
963	946
963	964
963	968
963	981
963	993
963	997
964	120
964	123
964	130
964	179
964	238
964	300
964	345
964	380
964	386
964	389
964	396
964	415
964	420
964	433
964	437
964	474
964	542
964	556
964	590
964	616
964	617
964	683
964	698
964	745
964	775
964	810
964	831
964	832
964	888
964	925
964	941
964	962
964	963
964	966
964	968
964	980
964	988
965	10
965	38
965	111
965	115
965	141
965	242
965	334
965	425
965	454
965	460
965	486
965	490
965	561
965	628
965	657
965	705
965	713
965	748
965	767
965	768
965	796
965	813
965	817
965	825
965	839
965	840
965	854
965	895
965	910
965	914
965	932
965	955
965	958
965	961
965	983
965	986
965	988
966	1
966	36
966	56
966	76
966	184
966	272
966	376
966	431
966	441
966	502
966	519
966	520
966	573
966	608
966	637
966	697
966	722
966	743
966	749
966	755
966	756
966	798
966	825
966	859
966	889
966	893
966	895
966	913
966	918
966	920
966	922
966	948
966	964
966	967
966	979
966	992
966	999
967	56
967	81
967	185
967	287
967	454
967	456
967	514
967	519
967	520
967	553
967	557
967	573
967	612
967	637
967	662
967	676
967	691
967	697
967	728
967	799
967	825
967	856
967	859
967	873
967	913
967	918
967	920
967	922
967	948
967	951
967	952
967	966
967	979
967	980
967	990
967	996
967	999
968	7
968	40
968	46
968	178
968	285
968	302
968	361
968	382
968	462
968	507
968	513
968	544
968	603
968	610
968	638
968	709
968	736
968	746
968	812
968	858
968	877
968	878
968	887
968	894
968	904
968	906
968	907
968	911
968	963
968	964
968	980
968	981
968	982
968	987
968	989
968	993
968	1000
969	12
969	114
969	149
969	302
969	322
969	327
969	404
969	439
969	521
969	573
969	602
969	635
969	649
969	664
969	675
969	682
969	683
969	692
969	720
969	747
969	753
969	765
969	789
969	816
969	837
969	908
969	921
969	931
969	942
969	943
969	954
969	973
969	977
969	979
969	982
969	992
969	995
969	997
970	39
970	83
970	123
970	143
970	175
970	196
970	330
970	360
970	412
970	596
970	676
970	729
970	739
970	769
970	771
970	799
970	818
970	853
970	857
970	869
970	874
970	877
970	883
970	912
970	915
970	916
970	921
970	922
970	932
970	938
970	951
970	988
970	998
970	1000
971	72
971	82
971	160
971	164
971	167
971	218
971	241
971	308
971	337
971	364
971	428
971	463
971	485
971	508
971	531
971	546
971	639
971	642
971	656
971	693
971	727
971	755
971	763
971	767
971	823
971	835
971	852
971	868
971	881
971	895
971	924
971	933
971	935
971	943
971	947
971	972
971	973
971	1000
972	17
972	160
972	167
972	218
972	241
972	308
972	337
972	339
972	364
972	428
972	434
972	462
972	531
972	546
972	564
972	614
972	639
972	656
972	657
972	693
972	707
972	722
972	727
972	755
972	761
972	767
972	793
972	835
972	859
972	868
972	887
972	895
972	924
972	933
972	935
972	943
972	947
972	952
972	971
973	58
973	70
973	122
973	149
973	195
973	210
973	322
973	327
973	373
973	409
973	439
973	521
973	602
973	607
973	649
973	664
973	683
973	692
973	753
973	757
973	765
973	789
973	816
973	837
973	852
973	871
973	921
973	942
973	949
973	954
973	969
973	971
973	975
973	982
973	988
973	992
973	993
973	994
973	995
974	48
974	86
974	92
974	101
974	288
974	315
974	329
974	368
974	378
974	381
974	385
974	392
974	426
974	461
974	476
974	487
974	505
974	509
974	516
974	524
974	593
974	621
974	647
974	665
974	686
974	698
974	700
974	703
974	736
974	876
974	893
974	906
974	919
974	926
974	930
974	940
974	941
974	959
974	991
975	30
975	59
975	127
975	153
975	164
975	211
975	292
975	294
975	354
975	366
975	392
975	393
975	403
975	445
975	448
975	466
975	484
975	516
975	566
975	581
975	582
975	603
975	652
975	653
975	684
975	792
975	844
975	845
975	851
975	873
975	903
975	923
975	950
975	956
975	973
975	976
975	978
975	984
975	991
975	992
976	30
976	59
976	127
976	153
976	184
976	211
976	282
976	294
976	354
976	366
976	403
976	448
976	466
976	566
976	581
976	582
976	603
976	616
976	652
976	653
976	684
976	786
976	792
976	839
976	845
976	887
976	903
976	927
976	947
976	956
976	957
976	975
976	981
976	984
976	990
976	997
976	999
977	287
977	304
977	379
977	447
977	473
977	488
977	521
977	523
977	539
977	674
977	727
977	741
977	754
977	757
977	761
977	776
977	778
977	800
977	829
977	830
977	837
977	865
977	877
977	881
977	891
977	924
977	933
977	950
977	969
977	983
977	989
977	994
978	25
978	47
978	180
978	185
978	189
978	207
978	244
978	276
978	320
978	323
978	501
978	512
978	562
978	567
978	587
978	647
978	695
978	739
978	740
978	760
978	773
978	811
978	817
978	843
978	860
978	861
978	879
978	892
978	898
978	905
978	908
978	909
978	936
978	946
978	954
978	957
978	962
978	975
978	997
978	998
979	21
979	84
979	183
979	272
979	295
979	315
979	333
979	397
979	514
979	524
979	530
979	553
979	557
979	572
979	573
979	629
979	662
979	688
979	743
979	756
979	760
979	825
979	857
979	859
979	873
979	902
979	907
979	918
979	920
979	922
979	936
979	948
979	949
979	952
979	966
979	967
979	969
979	980
979	986
979	999
980	1
980	18
980	36
980	84
980	183
980	245
980	251
980	315
980	424
980	454
980	502
980	514
980	520
980	528
980	534
980	557
980	572
980	573
980	635
980	637
980	662
980	697
980	743
980	769
980	825
980	907
980	911
980	913
980	918
980	920
980	922
980	933
980	948
980	952
980	958
980	964
980	967
980	968
980	979
980	992
981	61
981	102
981	128
981	186
981	210
981	359
981	387
981	401
981	497
981	514
981	534
981	541
981	548
981	623
981	682
981	701
981	722
981	736
981	742
981	774
981	798
981	812
981	832
981	849
981	858
981	868
981	873
981	877
981	878
981	890
981	894
981	906
981	907
981	911
981	944
981	963
981	968
981	976
981	993
981	996
982	12
982	58
982	65
982	70
982	348
982	373
982	404
982	409
982	410
982	422
982	439
982	602
982	649
982	664
982	675
982	683
982	692
982	712
982	735
982	753
982	765
982	789
982	806
982	816
982	837
982	867
982	899
982	908
982	910
982	912
982	921
982	942
982	944
982	954
982	957
982	968
982	969
982	973
982	992
982	995
983	15
983	41
983	91
983	152
983	177
983	189
983	278
983	287
983	304
983	335
983	379
983	447
983	452
983	523
983	539
983	546
983	571
983	580
983	607
983	652
983	674
983	741
983	754
983	757
983	782
983	800
983	803
983	829
983	865
983	881
983	891
983	897
983	905
983	933
983	939
983	950
983	961
983	965
983	977
983	989
983	994
984	30
984	59
984	127
984	153
984	164
984	178
984	211
984	282
984	294
984	354
984	366
984	387
984	392
984	403
984	445
984	448
984	466
984	516
984	566
984	581
984	582
984	603
984	652
984	653
984	684
984	792
984	813
984	845
984	864
984	872
984	901
984	903
984	913
984	945
984	956
984	962
984	975
984	976
984	988
984	993
984	996
985	64
985	77
985	87
985	168
985	174
985	237
985	246
985	261
985	319
985	413
985	437
985	464
985	471
985	472
985	478
985	499
985	530
985	535
985	542
985	597
985	607
985	609
985	624
985	661
985	689
985	716
985	743
985	758
985	780
985	794
985	797
985	831
985	840
985	885
985	908
985	916
985	935
985	937
985	991
985	994
985	996
986	33
986	71
986	141
986	144
986	151
986	222
986	261
986	279
986	316
986	427
986	442
986	460
986	575
986	577
986	631
986	635
986	700
986	708
986	713
986	748
986	782
986	788
986	796
986	813
986	839
986	854
986	870
986	910
986	914
986	922
986	930
986	932
986	942
986	945
986	953
986	958
986	961
986	965
986	979
986	998
987	14
987	94
987	100
987	206
987	221
987	235
987	241
987	306
987	347
987	388
987	391
987	394
987	440
987	507
987	527
987	569
987	571
987	592
987	598
987	611
987	669
987	672
987	695
987	704
987	784
987	820
987	835
987	850
987	852
987	854
987	856
987	893
987	899
987	908
987	919
987	926
987	929
987	940
987	955
987	960
987	968
987	991
988	69
988	110
988	220
988	252
988	293
988	298
988	299
988	346
988	412
988	425
988	568
988	589
988	601
988	632
988	647
988	699
988	729
988	731
988	769
988	771
988	818
988	849
988	853
988	856
988	870
988	882
988	912
988	915
988	916
988	927
988	934
988	938
988	944
988	946
988	951
988	964
988	965
988	970
988	973
988	984
988	994
988	998
988	1000
989	15
989	91
989	100
989	112
989	116
989	152
989	177
989	189
989	216
989	278
989	287
989	304
989	335
989	379
989	421
989	447
989	448
989	523
989	539
989	580
989	599
989	674
989	714
989	741
989	750
989	754
989	757
989	799
989	800
989	803
989	806
989	829
989	865
989	879
989	881
989	891
989	933
989	950
989	956
989	959
989	968
989	977
989	983
989	994
989	998
990	11
990	37
990	41
990	106
990	172
990	230
990	249
990	257
990	258
990	266
990	310
990	342
990	348
990	353
990	395
990	405
990	420
990	423
990	424
990	430
990	475
990	476
990	543
990	566
990	579
990	627
990	646
990	655
990	688
990	717
990	737
990	764
990	779
990	784
990	789
990	822
990	834
990	851
990	876
990	878
990	882
990	925
990	926
990	967
990	976
991	69
991	126
991	206
991	235
991	237
991	246
991	269
991	388
991	413
991	440
991	474
991	499
991	535
991	597
991	598
991	624
991	661
991	668
991	712
991	716
991	780
991	794
991	820
991	831
991	840
991	858
991	876
991	893
991	898
991	908
991	911
991	919
991	926
991	937
991	938
991	940
991	948
991	955
991	960
991	974
991	975
991	985
991	987
991	992
991	996
992	58
992	65
992	70
992	114
992	116
992	122
992	149
992	327
992	348
992	397
992	409
992	422
992	429
992	439
992	486
992	500
992	517
992	521
992	635
992	649
992	664
992	669
992	675
992	683
992	692
992	753
992	765
992	789
992	816
992	837
992	847
992	871
992	881
992	903
992	921
992	941
992	942
992	954
992	966
992	969
992	973
992	975
992	980
992	982
992	991
992	995
993	7
993	9
993	16
993	40
993	44
993	46
993	226
993	285
993	302
993	361
993	382
993	416
993	436
993	462
993	513
993	523
993	541
993	548
993	603
993	610
993	638
993	675
993	682
993	709
993	736
993	753
993	812
993	815
993	824
993	834
993	853
993	858
993	877
993	878
993	894
993	906
993	907
993	911
993	916
993	943
993	963
993	968
993	973
993	981
993	984
993	997
994	15
994	41
994	91
994	100
994	112
994	152
994	177
994	189
994	278
994	287
994	289
994	290
994	304
994	318
994	335
994	379
994	447
994	507
994	523
994	539
994	548
994	580
994	623
994	674
994	685
994	688
994	708
994	741
994	754
994	757
994	800
994	801
994	814
994	819
994	829
994	865
994	881
994	891
994	933
994	950
994	973
994	977
994	983
994	985
994	988
994	989
995	65
995	114
995	116
995	122
995	195
995	225
995	318
995	322
995	337
995	348
995	373
995	403
995	404
995	409
995	422
995	439
995	486
995	511
995	521
995	582
995	584
995	602
995	635
995	649
995	664
995	675
995	683
995	692
995	742
995	753
995	765
995	789
995	816
995	837
995	911
995	915
995	921
995	926
995	942
995	943
995	954
995	969
995	973
995	982
995	992
995	997
996	18
996	43
996	64
996	77
996	87
996	134
996	166
996	168
996	174
996	186
996	237
996	246
996	261
996	293
996	406
996	413
996	433
996	464
996	471
996	472
996	499
996	535
996	542
996	597
996	607
996	624
996	661
996	666
996	689
996	716
996	732
996	758
996	759
996	780
996	794
996	831
996	838
996	840
996	847
996	856
996	899
996	937
996	967
996	981
996	984
996	985
996	991
996	999
997	47
997	65
997	129
997	147
997	155
997	180
997	185
997	207
997	276
997	295
997	320
997	344
997	398
997	453
997	461
997	501
997	512
997	562
997	567
997	570
997	597
997	655
997	691
997	695
997	740
997	760
997	773
997	774
997	811
997	827
997	832
997	843
997	860
997	861
997	876
997	879
997	898
997	905
997	908
997	909
997	936
997	957
997	963
997	969
997	976
997	978
997	993
997	995
997	999
998	8
998	32
998	42
998	69
998	103
998	110
998	151
998	204
998	220
998	293
998	298
998	299
998	346
998	395
998	412
998	502
998	568
998	601
998	632
998	647
998	699
998	729
998	731
998	769
998	771
998	788
998	795
998	818
998	849
998	853
998	856
998	912
998	915
998	916
998	919
998	936
998	938
998	941
998	946
998	951
998	957
998	962
998	970
998	978
998	986
998	988
998	989
998	1000
999	21
999	56
999	84
999	183
999	231
999	251
999	315
999	376
999	399
999	441
999	454
999	456
999	502
999	519
999	530
999	557
999	572
999	573
999	608
999	629
999	637
999	643
999	651
999	684
999	705
999	740
999	742
999	743
999	756
999	825
999	859
999	873
999	905
999	906
999	913
999	918
999	920
999	922
999	932
999	948
999	949
999	952
999	960
999	966
999	967
999	976
999	979
999	996
999	997
1000	8
1000	32
1000	69
1000	101
1000	103
1000	110
1000	220
1000	230
1000	293
1000	298
1000	299
1000	306
1000	328
1000	346
1000	370
1000	404
1000	412
1000	518
1000	568
1000	599
1000	601
1000	611
1000	632
1000	647
1000	699
1000	729
1000	731
1000	769
1000	771
1000	818
1000	849
1000	853
1000	856
1000	874
1000	881
1000	900
1000	912
1000	915
1000	916
1000	938
1000	946
1000	951
1000	959
1000	962
1000	968
1000	970
1000	971
1000	988
1000	998
