1	78
1	869
1	906
1	971
2	367
2	664
2	764
2	869
3	328
3	947
3	954
3	986
4	862
4	881
4	985
4	990
5	108
5	687
5	913
5	941
6	48
6	561
6	860
6	890
7	566
7	905
7	957
7	958
8	148
8	151
8	438
8	711
9	570
9	771
9	938
9	980
10	391
10	435
10	840
10	896
11	423
11	754
11	824
11	978
12	468
12	850
12	909
12	938
13	34
13	381
13	385
13	787
14	767
14	883
14	889
14	964
15	546
15	723
15	807
15	932
16	105
16	240
16	716
16	718
17	538
17	934
17	942
17	960
18	549
18	767
18	783
18	967
19	234
19	390
19	403
19	958
20	266
20	921
20	954
20	961
21	473
21	568
21	989
21	999
22	421
22	542
22	898
22	996
23	287
23	525
23	922
23	963
24	508
24	760
24	840
24	932
25	310
25	663
25	836
25	912
26	682
26	840
26	932
26	946
27	585
27	875
27	976
27	989
28	177
28	421
28	658
28	914
29	227
29	912
29	947
29	963
30	563
30	641
30	894
30	950
31	977
31	983
31	988
31	992
32	879
32	892
32	898
32	989
33	655
33	783
33	840
33	1000
34	13
34	359
34	840
34	996
35	596
35	884
35	950
35	962
36	625
36	867
36	909
36	961
37	834
37	917
37	947
37	986
38	180
38	305
38	711
38	973
39	141
39	941
39	987
39	990
40	151
40	466
40	530
40	919
41	107
41	235
41	779
41	860
42	729
42	828
42	870
42	956
43	687
43	905
43	968
43	979
44	110
44	297
44	372
44	865
45	220
45	499
45	659
45	763
46	550
46	701
46	931
46	995
47	49
47	542
47	546
47	574
48	6
48	922
48	954
48	958
49	47
49	283
49	415
49	682
50	702
50	837
50	877
50	926
51	275
51	812
51	968
51	979
52	187
52	661
52	946
52	973
53	917
53	947
53	985
53	986
54	242
54	485
54	807
54	813
55	428
55	957
55	965
55	968
56	944
56	949
56	980
56	990
57	450
57	916
57	942
57	960
58	65
58	409
58	803
58	928
59	381
59	434
59	786
59	878
60	516
60	758
60	972
60	998
61	618
61	716
61	718
61	920
62	465
62	612
62	674
62	919
63	577
63	909
63	938
63	956
64	210
64	510
64	914
64	996
65	58
65	273
65	288
65	411
66	813
66	954
66	985
66	997
67	115
67	643
67	821
67	827
68	647
68	758
68	970
68	998
69	449
69	738
69	962
69	989
70	809
70	911
70	922
70	955
71	509
71	886
71	938
71	989
72	392
72	632
72	745
72	861
73	505
73	832
73	909
73	938
74	566
74	816
74	861
74	979
75	706
75	790
75	955
75	999
76	626
76	836
76	883
76	912
77	903
77	969
77	985
77	991
78	1
78	739
78	835
78	888
79	928
79	943
79	948
79	967
80	540
80	554
80	850
80	954
81	154
81	914
81	953
81	981
82	149
82	539
82	818
82	851
83	916
83	924
83	942
83	960
84	265
84	348
84	764
84	953
85	132
85	747
85	774
85	998
86	827
86	899
86	908
86	911
87	178
87	918
87	920
87	952
88	716
88	777
88	951
88	992
89	669
89	766
89	952
89	954
90	427
90	666
90	861
90	990
91	467
91	502
91	876
91	969
92	652
92	975
92	978
93	422
93	800
93	929
93	931
94	893
94	950
94	962
94	988
95	599
95	790
95	922
95	963
96	437
96	640
96	937
96	939
97	859
97	926
97	965
97	976
98	379
98	919
98	957
98	972
99	883
99	916
99	934
99	960
100	691
100	856
100	929
100	992
101	120
101	879
101	892
101	898
102	893
102	951
102	966
102	992
103	559
103	969
103	991
103	995
104	925
104	933
104	936
104	970
105	16
105	916
105	934
105	960
106	394
106	700
106	787
106	830
107	41
107	669
107	767
107	869
108	5
108	271
108	432
108	806
109	815
109	899
109	908
109	911
110	44
110	376
110	776
110	863
111	739
111	835
111	888
111	960
112	954
112	958
112	961
112	994
113	977
113	990
113	992
113	1000
114	400
114	424
114	860
114	920
115	67
115	275
115	559
115	563
116	360
116	390
116	957
116	968
117	261
117	779
117	943
117	967
118	547
118	721
118	838
118	896
119	368
119	691
119	905
119	979
120	101
120	899
120	908
120	911
121	822
121	941
121	990
121	997
122	179
122	411
122	542
122	970
123	676
123	861
123	873
123	940
124	250
124	870
124	952
124	956
125	397
125	713
125	978
125	984
126	558
126	675
126	676
126	931
127	648
127	907
127	942
127	974
128	255
128	297
128	859
128	997
129	688
129	806
129	836
129	912
130	920
130	939
130	952
130	961
131	233
131	835
131	861
131	930
132	85
132	504
132	960
132	961
133	414
133	838
133	894
133	950
134	870
134	905
134	957
134	968
135	792
135	878
135	950
135	999
136	421
136	897
136	941
136	985
137	566
137	582
137	813
137	957
138	168
138	427
138	675
138	745
139	847
139	882
139	948
139	991
140	758
140	949
140	956
140	971
141	39
141	936
141	975
141	978
142	421
142	793
142	965
142	976
143	248
143	531
143	739
143	888
144	713
144	841
144	857
144	891
145	221
145	816
145	922
145	957
146	264
146	879
146	892
146	898
147	714
147	951
147	977
147	1000
148	8
148	530
148	657
148	806
149	82
149	567
149	851
149	884
150	869
150	988
150	994
150	999
151	8
151	40
151	622
151	711
152	302
152	846
152	926
152	943
153	749
153	819
153	840
153	913
154	81
154	707
154	877
154	943
155	825
155	832
155	947
155	986
156	749
156	805
156	975
156	978
157	223
157	733
157	937
157	939
158	319
158	562
158	786
158	839
159	742
159	927
159	989
159	998
160	269
160	719
160	909
160	938
161	294
161	874
161	944
161	980
162	251
162	262
162	957
162	979
163	576
163	626
163	840
163	932
164	557
164	949
164	971
164	999
165	696
165	936
165	975
165	978
166	613
166	627
166	705
166	981
167	286
167	739
167	888
167	994
168	138
168	879
168	892
168	898
169	498
169	930
169	987
169	997
170	684
170	983
170	992
170	1000
171	456
171	890
171	913
171	932
172	737
172	941
172	990
172	997
173	828
173	829
173	943
173	976
174	436
174	759
174	917
174	986
175	775
175	821
175	876
175	941
176	754
176	877
176	946
176	948
177	28
177	283
177	580
177	933
178	87
178	719
178	909
178	938
179	122
179	421
179	542
179	752
180	38
180	894
180	950
180	965
181	728
181	831
181	927
181	1000
182	415
182	843
182	864
182	970
183	889
183	907
183	942
183	960
184	694
184	761
184	818
184	846
185	587
185	805
185	949
185	980
186	646
186	796
186	824
186	962
187	52
187	865
187	951
187	1000
188	477
188	783
188	917
188	932
189	703
189	872
189	954
189	961
190	444
190	907
190	934
190	960
191	252
191	884
191	958
191	961
192	934
192	988
192	994
192	999
193	429
193	740
193	871
193	924
194	917
194	947
194	983
194	986
195	817
195	894
195	950
195	998
196	609
196	621
196	965
196	976
197	741
197	767
197	890
197	967
198	200
198	707
198	926
198	935
199	715
199	939
199	960
199	968
200	198
200	926
200	943
200	969
201	895
201	973
201	975
201	978
202	518
202	784
202	955
202	983
203	254
203	375
203	514
203	694
204	844
204	988
204	994
204	999
205	257
205	891
205	933
205	970
206	317
206	887
206	923
206	996
207	620
207	832
207	954
207	958
208	877
208	962
208	986
208	997
209	350
209	622
209	711
209	821
210	64
210	940
210	949
210	996
211	926
211	943
211	946
211	968
212	749
212	896
212	928
212	939
213	798
213	800
213	857
213	902
214	672
214	844
214	883
214	900
215	569
215	949
215	980
215	983
216	313
216	680
216	841
216	857
217	607
217	719
217	723
217	938
218	829
218	831
218	887
218	996
219	816
219	879
219	888
219	978
220	45
220	700
220	711
220	971
221	145
221	739
221	877
221	946
222	590
222	641
222	950
222	976
223	157
223	966
223	992
223	1000
224	814
224	936
224	955
224	963
225	818
225	936
225	975
225	978
226	292
226	441
226	660
226	845
226	998
227	29
227	673
227	681
227	877
227	971
228	324
228	531
228	835
228	888
228	986
229	499
229	815
229	931
229	956
229	964
230	934
230	960
230	994
230	999
230	1000
231	605
231	865
231	903
231	980
231	991
232	758
232	885
232	889
232	900
232	969
233	131
233	652
233	724
233	732
233	878
234	19
234	237
234	323
234	744
234	966
235	41
235	509
235	561
235	869
235	890
236	500
236	523
236	983
236	992
236	1000
237	234
237	572
237	633
237	828
237	965
238	589
238	699
238	741
238	919
238	972
239	863
239	916
239	988
239	994
239	999
240	16
240	251
240	368
240	716
240	897
241	691
241	835
241	945
241	959
241	983
242	54
242	525
242	955
242	963
242	996
243	775
243	821
243	834
243	876
243	953
244	824
244	871
244	939
244	962
244	992
245	549
245	847
245	867
245	940
245	996
246	807
246	899
246	900
246	969
246	991
247	386
247	516
247	699
247	735
247	919
248	143
248	875
248	903
248	991
248	992
249	442
249	571
249	784
249	830
249	989
250	124
250	513
250	735
250	884
250	918
251	162
251	240
251	512
251	819
251	913
252	191
252	927
252	952
252	970
252	998
253	344
253	804
253	856
253	969
253	984
254	203
254	264
254	319
254	372
254	859
255	128
255	892
255	898
255	922
255	978
256	363
256	935
256	937
256	939
256	956
257	205
257	465
257	780
257	818
257	846
258	432
258	529
258	801
258	804
258	911
259	341
259	616
259	917
259	986
259	995
260	456
260	550
260	785
260	851
260	878
261	117
261	897
261	918
261	920
261	971
262	162
262	277
262	965
262	968
262	979
263	412
263	802
263	951
263	981
263	996
264	146
264	254
264	576
264	990
264	999
265	84
265	367
265	456
265	616
265	967
266	20
266	330
266	833
266	958
266	961
267	823
267	898
267	907
267	918
267	948
268	674
268	710
268	932
268	959
268	996
269	160
269	442
269	717
269	787
269	830
270	678
270	858
270	944
270	957
270	980
271	108
271	565
271	783
271	913
271	932
272	943
272	950
272	959
272	973
272	989
273	65
273	591
273	803
273	827
273	863
274	342
274	505
274	883
274	909
274	938
275	51
275	115
275	719
275	909
275	938
276	344
276	475
276	798
276	878
276	994
277	262
277	361
277	821
277	834
277	931
278	586
278	701
278	891
278	925
278	933
279	745
279	822
279	852
279	933
279	970
280	312
280	866
280	936
280	975
280	978
281	809
281	916
281	934
281	937
281	942
282	294
282	549
282	660
282	784
282	845
283	49
283	177
283	566
283	580
283	724
284	411
284	530
284	643
284	827
284	928
285	316
285	318
285	739
285	841
285	982
286	167
286	405
286	817
286	888
286	928
287	23
287	668
287	671
287	836
287	912
288	65
288	974
288	988
288	994
288	999
289	535
289	540
289	704
289	729
289	944
290	449
290	907
290	957
290	973
290	989
291	406
291	974
291	988
291	994
291	999
292	226
292	763
292	784
292	820
292	845
293	362
293	488
293	808
293	900
293	970
294	161
294	282
294	660
294	763
294	845
295	757
295	807
295	813
295	896
295	971
296	788
296	935
296	977
296	992
296	1000
297	44
297	128
297	372
297	459
297	859
298	599
298	690
298	762
298	927
298	998
299	417
299	831
299	940
299	988
299	996
300	707
300	712
300	905
300	946
300	963
301	338
301	580
301	814
301	922
301	963
302	152
302	303
302	926
302	943
302	967
303	302
303	663
303	930
303	987
303	997
304	356
304	555
304	706
304	809
304	915
305	38
305	306
305	318
305	701
305	827
306	305
306	409
306	785
306	786
306	904
307	696
307	883
307	889
307	964
307	991
308	668
308	836
308	912
308	933
308	960
309	759
309	829
309	886
309	965
309	976
310	25
310	463
310	701
310	752
310	880
311	391
311	803
311	896
311	902
311	928
312	280
312	945
312	988
312	994
312	999
313	216
313	841
313	857
313	958
313	959
314	482
314	841
314	857
314	907
314	984
315	386
315	539
315	562
315	851
315	996
316	285
316	366
316	829
316	965
316	976
317	206
317	924
317	940
317	991
317	996
318	285
318	305
318	588
318	785
318	924
319	158
319	254
319	372
319	842
319	938
320	399
320	805
320	904
320	940
320	981
321	752
321	831
321	849
321	940
321	996
322	648
322	814
322	843
322	911
322	998
323	234
323	651
323	988
323	994
323	999
324	228
324	423
324	671
324	817
324	888
325	542
325	588
325	656
325	927
325	982
326	868
326	959
326	962
326	973
326	989
327	649
327	671
327	982
327	987
327	997
328	3
328	710
328	917
328	982
328	986
329	466
329	667
329	887
329	973
329	989
330	266
330	811
330	867
330	954
330	958
331	495
331	836
331	848
331	957
331	979
332	889
332	953
332	985
332	990
332	997
333	763
333	784
333	785
333	943
333	983
334	754
334	824
334	913
334	937
334	975
335	342
335	755
335	825
335	947
335	986
336	565
336	757
336	807
336	813
336	840
337	936
337	939
337	980
337	981
337	985
338	301
338	478
338	703
338	795
338	955
339	401
339	800
339	862
339	972
339	998
340	447
340	929
340	987
340	990
340	997
341	259
341	651
341	850
341	947
341	986
342	274
342	335
342	380
342	587
342	986
343	512
343	754
343	881
343	913
343	932
344	253
344	276
344	550
344	786
344	878
345	853
345	944
345	949
345	980
345	983
346	502
346	821
346	824
346	834
346	876
347	536
347	696
347	838
347	854
347	863
348	84
348	439
348	727
348	869
348	984
349	388
349	488
349	632
349	851
349	970
350	209
350	622
350	711
350	899
350	968
351	684
351	798
351	809
351	876
351	931
352	765
352	821
352	981
352	993
352	996
353	600
353	864
353	868
353	976
353	978
354	448
354	469
354	784
354	845
354	929
355	370
355	386
355	699
355	919
355	972
356	304
356	497
356	805
356	860
356	980
357	648
357	743
357	823
357	857
357	984
358	624
358	875
358	889
358	964
358	991
359	34
359	512
359	817
359	840
359	932
360	116
360	743
360	910
360	929
360	931
361	277
361	745
361	775
361	821
361	876
362	293
362	726
362	744
362	925
362	933
363	256
363	615
363	710
363	938
363	956
364	420
364	740
364	754
364	801
364	939
365	431
365	488
365	946
365	948
365	994
366	316
366	709
366	865
366	964
366	969
367	2
367	265
367	484
367	738
367	985
368	119
368	240
368	373
368	396
368	506
369	803
369	887
369	904
369	996
369	999
370	355
370	511
370	880
370	940
370	981
371	760
371	902
371	929
371	931
371	995
372	44
372	254
372	297
372	319
372	375
373	368
373	618
373	716
373	718
373	947
374	431
374	895
374	936
374	975
374	978
375	203
375	372
375	381
375	783
375	859
376	110
376	424
376	896
376	975
376	996
377	808
377	917
377	927
377	982
377	998
378	506
378	865
378	879
378	892
378	898
379	98
379	589
379	772
379	782
379	919
380	342
380	777
380	920
380	947
380	986
380	997
381	13
381	59
381	375
381	462
381	986
381	995
382	527
382	654
382	830
382	900
382	987
382	998
383	464
383	676
383	810
383	954
383	958
383	961
384	785
384	840
384	874
384	944
384	949
384	980
385	13
385	442
385	543
385	717
385	787
385	994
386	247
386	315
386	355
386	483
386	589
386	919
387	429
387	600
387	651
387	767
387	869
387	890
388	349
388	477
388	843
388	891
388	925
388	970
389	650
389	772
389	866
389	936
389	975
389	978
390	19
390	116
390	515
390	693
390	766
390	949
391	10
391	311
391	672
391	803
391	928
391	995
392	72
392	558
392	732
392	745
392	824
392	843
393	686
393	694
393	782
393	818
393	846
393	927
394	106
394	654
394	684
394	717
394	787
394	999
395	871
395	974
395	988
395	989
395	994
395	999
396	368
396	882
396	886
396	925
396	934
396	976
397	125
397	495
397	698
397	804
397	904
397	914
398	463
398	475
398	539
398	612
398	880
398	947
399	320
399	721
399	838
399	896
399	928
399	930
400	114
400	666
400	690
400	783
400	795
400	913
401	339
401	808
401	862
401	927
401	981
401	998
402	762
402	810
402	926
402	959
402	973
402	993
403	19
403	623
403	714
403	740
403	953
403	962
404	407
404	781
404	889
404	910
404	929
404	931
405	286
405	531
405	739
405	888
405	898
405	904
406	291
406	615
406	895
406	936
406	975
406	978
407	404
407	823
407	910
407	955
407	963
407	995
408	909
408	951
408	977
408	983
408	992
408	1000
409	58
409	306
409	709
409	865
409	883
409	969
410	733
410	923
410	974
410	988
410	994
410	999
411	65
411	122
411	284
411	827
411	928
411	999
412	263
412	822
412	856
412	904
412	981
412	996
413	525
413	544
413	794
413	850
413	924
413	963
414	133
414	571
414	601
414	893
414	950
414	995
415	49
415	182
415	822
415	852
415	933
415	970
416	768
416	776
416	893
416	894
416	950
416	962
417	299
417	652
417	722
417	762
417	868
417	989
418	719
418	748
418	819
418	917
418	982
418	986
419	568
419	667
419	921
419	958
419	959
419	989
420	364
420	737
420	974
420	988
420	994
420	999
421	22
421	28
421	136
421	142
421	179
421	580
422	93
422	704
422	729
422	850
422	854
422	961
423	11
423	324
423	754
423	801
423	871
423	911
424	114
424	376
424	899
424	911
424	912
424	937
425	567
425	631
425	632
425	926
425	943
425	946
426	768
426	846
426	893
426	894
426	950
426	961
427	90
427	138
427	434
427	732
427	861
427	927
428	55
428	709
428	900
428	969
428	987
428	991
429	193
429	387
429	869
429	890
429	914
429	967
430	709
430	805
430	874
430	944
430	949
430	969
431	365
431	374
431	537
431	926
431	943
431	946
432	108
432	258
432	512
432	592
432	655
432	994
433	476
433	755
433	977
433	983
433	992
433	1000
434	59
434	427
434	518
434	675
434	676
434	960
435	10
435	665
435	696
435	776
435	827
435	929
436	174
436	465
436	490
436	694
436	782
436	818
437	96
437	657
437	861
437	924
437	937
437	962
438	8
438	966
438	969
438	983
438	992
438	1000
439	348
439	874
439	922
439	944
439	949
439	980
440	823
440	901
440	922
440	934
440	952
440	963
441	226
441	784
441	785
441	845
441	854
441	976
442	249
442	269
442	385
442	717
442	799
442	830
443	648
443	713
443	841
443	857
443	882
443	984
444	190
444	855
444	873
444	902
444	910
444	929
445	525
445	799
445	807
445	813
445	821
445	987
446	744
446	870
446	947
446	979
446	986
446	999
447	340
447	484
447	715
447	781
447	855
447	917
448	354
448	469
448	522
448	660
448	845
448	923
449	69
449	290
449	516
449	871
449	959
449	989
450	57
450	707
450	943
450	945
450	946
450	998
451	461
451	637
451	788
451	829
451	965
451	976
452	497
452	559
452	720
452	791
452	827
452	928
453	884
453	977
453	982
453	983
453	992
453	1000
454	519
454	774
454	796
454	920
454	939
454	980
455	588
455	685
455	927
455	962
455	972
455	998
456	171
456	260
456	265
456	783
456	819
456	913
457	526
457	830
457	906
457	918
457	952
457	956
458	795
458	872
458	904
458	940
458	981
458	996
459	297
459	699
459	974
459	988
459	994
459	999
460	519
460	551
460	846
460	890
460	974
460	977
461	451
461	907
461	916
461	934
461	942
461	960
462	381
462	489
462	661
462	926
462	943
462	946
463	310
463	398
463	523
463	569
463	722
463	786
464	383
464	678
464	872
464	954
464	958
464	961
465	62
465	257
465	436
465	737
465	782
465	846
466	40
466	329
466	493
466	530
466	861
466	914
467	91
467	534
467	821
467	834
467	876
467	930
468	12
468	485
468	804
468	909
468	938
468	970
469	354
469	448
469	519
469	617
469	763
469	784
470	560
470	571
470	905
470	968
470	972
470	979
471	570
471	725
471	808
471	817
471	862
471	998
472	507
472	627
472	771
472	839
472	902
472	929
473	21
473	868
473	959
473	971
473	993
473	1000
474	807
474	813
474	892
474	949
474	963
474	997
475	276
475	398
475	539
475	851
475	878
475	943
476	433
476	631
476	700
476	770
476	938
476	991
477	188
477	388
477	576
477	592
477	655
477	991
478	338
478	816
478	959
478	962
478	973
478	989
479	703
479	923
479	974
479	988
479	994
479	999
480	523
480	560
480	562
480	567
480	843
480	878
481	654
481	718
481	830
481	862
481	970
481	987
481	998
482	314
482	898
482	930
482	985
482	987
482	990
482	997
483	386
483	485
483	685
483	758
483	862
483	972
483	998
484	367
484	447
484	635
484	687
484	743
484	760
484	910
485	54
485	468
485	483
485	577
485	909
485	912
485	938
486	636
486	693
486	812
486	820
486	857
486	964
486	968
487	694
487	715
487	839
487	855
487	929
487	931
487	955
488	293
488	349
488	365
488	582
488	903
488	970
488	972
489	462
489	661
489	779
489	822
489	943
489	945
489	969
490	436
490	625
490	653
490	782
490	818
490	846
490	966
491	814
491	901
491	922
491	942
491	955
491	962
491	963
492	895
492	927
492	936
492	964
492	975
492	978
492	984
493	466
493	494
493	728
493	874
493	949
493	980
493	984
494	493
494	750
494	951
494	966
494	983
494	992
494	1000
495	331
495	397
495	560
495	770
495	968
495	974
495	979
496	941
496	948
496	953
496	985
496	987
496	997
496	1000
497	356
497	452
497	540
497	588
497	944
497	949
497	980
498	169
498	850
498	857
498	934
498	942
498	968
498	984
499	45
499	229
499	546
499	874
499	918
499	956
499	971
500	236
500	812
500	820
500	957
500	968
500	982
500	994
501	542
501	810
501	872
501	954
501	958
501	961
501	996
502	91
502	346
502	509
502	775
502	810
502	876
502	978
503	603
503	820
503	889
503	910
503	954
503	958
503	991
504	132
504	951
504	954
504	977
504	983
504	992
504	1000
505	73
505	274
505	723
505	909
505	938
505	972
505	990
506	368
506	378
506	600
506	618
506	718
506	739
506	910
507	472
507	692
507	810
507	953
507	954
507	958
507	961
508	24
508	603
508	783
508	819
508	840
508	913
508	932
509	71
509	235
509	502
509	700
509	775
509	834
509	876
510	64
510	829
510	844
510	876
510	882
510	964
510	991
511	370
511	667
511	698
511	787
511	904
511	940
511	981
512	251
512	343
512	359
512	432
512	684
512	700
512	858
513	250
513	541
513	707
513	760
513	874
513	929
513	931
514	203
514	750
514	788
514	819
514	847
514	914
514	996
515	390
515	679
515	820
515	831
515	968
515	979
515	988
516	60
516	247
516	449
516	772
516	835
516	919
516	972
517	777
517	811
517	866
517	936
517	975
517	978
517	996
518	202
518	434
518	675
518	732
518	745
518	861
518	975
519	454
519	460
519	469
519	564
519	738
519	767
519	967
520	587
520	882
520	935
520	966
520	977
520	992
520	1000
521	655
521	789
521	793
521	886
521	960
521	965
521	976
522	448
522	598
522	626
522	671
522	836
522	912
522	981
523	236
523	463
523	480
523	567
523	834
523	851
523	878
524	590
524	614
524	740
524	796
524	806
524	937
524	939
525	23
525	242
525	413
525	445
525	795
525	901
525	962
526	457
526	649
526	677
526	744
526	879
526	892
526	898
527	382
527	861
527	923
527	974
527	988
527	994
527	999
528	832
528	850
528	867
528	954
528	958
528	961
528	962
529	258
529	601
529	636
529	868
529	959
529	973
529	989
530	40
530	148
530	284
530	466
530	608
530	711
530	724
531	143
531	228
531	405
531	739
531	882
531	888
531	996
532	899
532	908
532	911
532	951
532	967
532	986
533	589
533	884
533	918
533	920
533	956
533	971
533	984
534	467
534	573
534	891
534	925
534	933
534	970
534	988
535	289
535	695
535	823
535	875
535	882
535	903
535	991
536	347
536	700
536	808
536	927
536	951
536	982
536	998
537	431
537	586
537	697
537	891
537	925
537	970
537	974
538	17
538	736
538	917
538	955
538	982
538	986
538	995
539	82
539	315
539	398
539	475
539	546
539	878
539	953
540	80
540	289
540	497
540	729
540	816
540	850
540	854
541	513
541	645
541	687
541	767
541	890
541	966
541	993
542	22
542	47
542	122
542	179
542	325
542	501
542	546
543	385
543	818
543	830
543	908
543	947
543	975
543	986
544	413
544	614
544	712
544	714
544	796
544	937
544	942
545	762
545	790
545	809
545	901
545	925
545	955
545	995
546	15
546	47
546	499
546	539
546	542
546	557
546	580
547	118
547	597
547	678
547	834
547	876
547	933
547	948
548	850
548	863
548	939
548	965
548	976
548	984
548	989
549	18
549	245
549	282
549	564
549	727
549	738
549	860
550	46
550	260
550	344
550	835
550	851
550	878
550	956
551	460
551	693
551	853
551	873
551	944
551	949
551	980
552	714
552	748
552	917
552	927
552	947
552	982
552	986
553	561
553	710
553	806
553	864
553	886
553	965
553	976
554	80
554	704
554	729
554	778
554	822
554	850
554	945
555	304
555	875
555	922
555	955
555	963
555	964
555	995
556	742
556	747
556	794
556	808
556	978
556	979
556	998
557	164
557	546
557	580
557	888
557	907
557	941
557	942
558	126
558	392
558	658
558	676
558	861
558	960
558	966
559	103
559	115
559	452
559	613
559	677
559	696
559	838
560	470
560	480
560	495
560	905
560	968
560	974
560	979
561	6
561	235
561	553
561	590
561	727
561	860
561	890
562	158
562	315
562	480
562	699
562	701
562	786
562	954
563	30
563	115
563	686
563	899
563	908
563	911
563	967
564	519
564	549
564	767
564	869
564	890
564	895
564	946
565	271
565	336
565	621
565	757
565	807
565	813
565	814
566	7
566	74
566	137
566	283
566	722
566	812
566	968
566	979
567	149
567	425
567	480
567	523
567	701
567	878
567	933
567	985
568	21
568	419
568	683
568	860
568	868
568	913
568	973
568	989
569	215
569	463
569	750
569	805
569	874
569	918
569	944
569	980
570	9
570	471
570	599
570	844
570	860
570	862
570	982
570	998
571	249
571	414
571	470
571	787
571	836
571	871
571	937
571	983
572	237
572	599
572	676
572	747
572	758
572	862
572	927
572	998
573	534
573	822
573	852
573	909
573	925
573	933
573	970
573	982
574	47
574	634
574	907
574	916
574	934
574	942
574	960
574	992
575	754
575	906
575	939
575	966
575	977
575	983
575	992
575	1000
576	163
576	264
576	477
576	778
576	932
576	945
576	993
576	997
577	63
577	485
577	723
577	885
577	909
577	931
577	938
577	975
578	690
578	853
578	874
578	896
578	944
578	949
578	980
578	1000
579	593
579	915
579	923
579	974
579	988
579	991
579	994
579	999
580	177
580	283
580	301
580	421
580	546
580	557
580	658
580	888
581	626
581	730
581	895
581	936
581	975
581	978
581	984
581	999
582	137
582	488
582	806
582	852
582	880
582	925
582	933
582	970
583	796
583	815
583	935
583	973
583	977
583	983
583	992
583	1000
584	628
584	664
584	876
584	906
584	965
584	971
584	976
584	989
585	27
585	922
585	927
585	957
585	979
585	981
585	996
585	998
586	278
586	537
586	695
586	891
586	906
586	933
586	972
586	979
587	185
587	342
587	520
587	736
587	917
587	947
587	982
587	986
588	318
588	325
588	455
588	497
588	712
588	758
588	927
588	998
589	238
589	379
589	386
589	533
589	699
589	919
589	945
589	978
590	222
590	524
590	561
590	601
590	768
590	893
590	894
590	979
591	273
591	644
591	681
591	873
591	920
591	944
591	952
591	971
592	432
592	477
592	655
592	712
592	819
592	932
592	965
592	980
593	579
593	703
593	839
593	907
593	916
593	934
593	942
593	960
594	703
594	821
594	907
594	916
594	934
594	942
594	952
594	960
595	602
595	858
595	871
595	899
595	908
595	911
595	967
595	985
596	35
596	752
596	762
596	879
596	881
596	959
596	973
596	989
597	547
597	640
597	653
597	714
597	858
597	871
597	924
597	939
598	522
598	626
598	668
598	671
598	751
598	858
598	912
598	953
599	95
599	298
599	570
599	572
599	765
599	951
599	972
599	998
600	353
600	387
600	506
600	618
600	619
600	716
600	718
600	992
601	414
601	529
601	590
601	673
601	893
601	894
601	912
601	950
602	595
602	653
602	736
602	899
602	908
602	911
602	967
602	972
603	503
603	508
603	779
603	899
603	926
603	943
603	946
603	948
604	685
604	762
604	833
604	855
604	959
604	973
604	989
604	993
605	231
605	706
605	883
605	885
605	969
605	980
605	987
605	991
606	825
606	897
606	953
606	973
606	985
606	987
606	990
606	997
607	217
607	752
607	803
607	858
607	952
607	971
607	973
607	974
608	530
608	799
608	866
608	895
608	936
608	975
608	978
608	983
609	196
609	793
609	828
609	846
609	886
609	906
609	965
609	976
610	630
610	772
610	919
610	927
610	928
610	975
610	978
610	998
611	839
611	846
611	930
611	941
611	953
611	987
611	990
611	997
612	62
612	398
612	678
612	793
612	835
612	904
612	937
612	996
613	166
613	559
613	947
613	966
613	977
613	983
613	992
613	1000
614	524
614	544
614	651
614	678
614	801
614	913
614	924
614	939
615	363
615	406
615	941
615	953
615	985
615	987
615	990
615	997
616	259
616	265
616	738
616	767
616	869
616	890
616	916
616	930
617	469
617	881
617	897
617	912
617	953
617	985
617	990
617	997
618	61
618	373
618	506
618	600
618	644
618	716
618	718
618	866
619	600
619	874
619	951
619	966
619	977
619	983
619	992
619	1000
620	207
620	733
620	736
620	777
620	825
620	917
620	947
620	986
621	196
621	565
621	717
621	757
621	807
621	813
621	827
622	151
622	209
622	350
622	711
622	724
622	806
622	921
622	968
623	403
623	706
623	713
623	790
623	814
623	823
623	917
623	995
624	358
624	667
624	722
624	778
624	868
624	959
624	973
624	989
625	36
625	490
625	694
625	782
625	818
625	846
625	875
625	984
626	76
626	163
626	522
626	581
626	598
626	663
626	671
626	912
627	166
627	472
627	675
627	734
627	788
627	887
627	904
627	981
628	584
628	932
628	956
628	966
628	977
628	983
628	992
628	1000
629	649
629	744
629	841
629	879
629	892
629	898
629	952
629	964
630	610
630	812
630	940
630	951
630	966
630	977
630	983
630	1000
631	425
631	476
631	844
631	851
631	875
631	885
631	903
631	964
632	72
632	349
632	425
632	923
632	926
632	943
632	946
632	967
633	237
633	637
633	662
633	789
633	817
633	829
633	965
633	976
634	574
634	662
634	899
634	907
634	916
634	934
634	942
634	960
635	484
635	756
635	854
635	898
635	982
635	985
635	987
635	997
636	486
636	529
636	660
636	693
636	820
636	922
636	957
636	979
637	451
637	633
637	763
637	829
637	859
637	864
637	965
637	976
638	800
638	905
638	915
638	923
638	974
638	988
638	994
638	999
639	692
639	764
639	832
639	867
639	872
639	901
639	958
639	961
640	96
640	597
640	754
640	796
640	871
640	924
640	944
640	995
641	30
641	222
641	712
641	768
641	893
641	894
641	950
641	980
642	795
642	897
642	941
642	953
642	973
642	985
642	987
642	997
643	67
643	284
643	739
643	773
643	776
643	803
643	928
643	969
644	591
644	618
644	898
644	906
644	920
644	952
644	971
644	991
645	541
645	679
645	800
645	820
645	905
645	910
645	957
645	979
646	186
646	907
646	916
646	934
646	942
646	960
646	980
646	998
647	68
647	752
647	900
647	959
647	962
647	973
647	989
647	991
648	127
648	322
648	357
648	443
648	713
648	841
648	857
648	984
649	327
649	526
649	629
649	744
649	879
649	880
649	892
649	898
649	982
650	389
650	786
650	818
650	836
650	846
650	851
650	965
650	966
650	983
651	323
651	341
651	387
651	614
651	748
651	917
651	947
651	986
651	995
652	92
652	233
652	417
652	745
652	808
652	944
652	949
652	980
652	998
653	490
653	597
653	602
653	686
653	778
653	899
653	908
653	911
653	967
654	382
654	394
654	481
654	661
654	717
654	787
654	801
654	830
654	940
655	33
655	432
655	477
655	521
655	592
655	913
655	932
655	934
655	976
656	325
656	679
656	779
656	873
656	884
656	906
656	920
656	952
656	956
657	148
657	437
657	951
657	966
657	976
657	977
657	983
657	992
657	1000
658	28
658	558
658	580
658	861
658	943
658	973
658	988
658	989
658	994
659	45
659	828
659	848
659	902
659	949
659	956
659	976
659	985
659	997
660	226
660	282
660	294
660	448
660	636
660	763
660	825
660	845
660	854
661	52
661	462
661	489
661	654
661	779
661	812
661	850
661	926
661	946
662	633
662	634
662	773
662	866
662	895
662	936
662	961
662	975
662	978
663	25
663	303
663	626
663	668
663	684
663	806
663	836
663	912
663	999
664	2
664	584
664	833
664	842
664	909
664	938
664	977
664	990
664	1000
665	435
665	683
665	776
665	864
665	885
665	955
665	963
665	965
665	989
666	90
666	400
666	676
666	819
666	861
666	891
666	908
666	970
666	981
667	329
667	419
667	511
667	624
667	722
667	847
667	868
667	973
667	989
668	287
668	308
668	598
668	663
668	671
668	765
668	864
668	912
668	991
669	89
669	107
669	918
669	920
669	943
669	952
669	956
669	958
669	971
670	730
670	808
670	865
670	875
670	883
670	900
670	969
670	981
670	991
671	287
671	324
671	327
671	522
671	598
671	626
671	668
671	836
671	912
672	214
672	391
672	757
672	813
672	828
672	892
672	898
672	985
672	990
673	227
673	601
673	768
673	794
673	847
673	894
673	896
673	950
673	969
674	62
674	268
674	725
674	772
674	837
674	919
674	945
674	972
674	980
675	126
675	138
675	434
675	518
675	627
675	676
675	732
675	742
675	745
676	123
676	126
676	383
676	434
676	558
676	572
676	666
676	675
676	732
677	526
677	559
677	696
677	749
677	770
677	776
677	791
677	896
677	963
678	270
678	464
678	547
678	612
678	614
678	738
678	801
678	924
678	939
679	515
679	645
679	656
679	778
679	816
679	945
679	949
679	957
679	979
680	216
680	774
680	792
680	810
680	832
680	954
680	958
680	961
680	981
681	227
681	591
681	753
681	824
681	873
681	952
681	956
681	959
681	971
682	26
682	49
682	746
682	787
682	897
682	953
682	987
682	990
682	997
683	568
683	665
683	762
683	833
683	859
683	959
683	967
683	973
683	993
684	170
684	351
684	394
684	512
684	663
684	715
684	836
684	924
684	937
685	455
685	483
685	604
685	747
685	862
685	927
685	966
685	982
685	998
686	393
686	563
686	653
686	751
686	899
686	901
686	908
686	911
686	967
687	5
687	43
687	484
687	541
687	743
687	856
687	902
687	928
687	931
688	129
688	702
688	844
688	882
688	889
688	900
688	964
688	969
688	991
689	734
689	750
689	769
689	788
689	838
689	914
689	940
689	978
689	981
690	298
690	400
690	578
690	728
690	853
690	858
690	878
690	944
690	949
690	980
691	100
691	119
691	241
691	728
691	800
691	855
691	910
691	929
691	931
691	998
692	507
692	639
692	762
692	867
692	872
692	923
692	954
692	958
692	961
692	984
693	390
693	486
693	551
693	636
693	797
693	816
693	868
693	905
693	957
693	968
694	184
694	203
694	393
694	436
694	487
694	625
694	782
694	818
694	846
694	937
695	535
695	586
695	725
695	826
695	882
695	911
695	914
695	964
695	969
695	991
696	165
696	307
696	347
696	435
696	559
696	677
696	721
696	896
696	928
696	945
697	537
697	729
697	843
697	852
697	864
697	891
697	925
697	929
697	933
697	970
698	397
698	511
698	723
698	788
698	831
698	920
698	940
698	962
698	981
698	996
699	238
699	247
699	355
699	459
699	562
699	589
699	772
699	835
699	919
699	979
700	106
700	220
700	476
700	509
700	512
700	536
700	834
700	887
700	918
700	971
701	46
701	278
701	305
701	310
701	562
701	567
701	786
701	798
701	880
701	926
702	50
702	688
702	791
702	860
702	926
702	928
702	943
702	946
702	948
702	967
703	189
703	338
703	479
703	593
703	594
703	907
703	916
703	934
703	942
703	960
704	289
704	422
704	554
704	729
704	778
704	850
704	854
704	899
704	947
704	976
705	166
705	849
705	904
705	908
705	914
705	952
705	981
705	990
705	993
705	996
706	75
706	304
706	605
706	623
706	785
706	901
706	955
706	963
706	979
706	995
707	154
707	198
707	300
707	450
707	513
707	841
707	877
707	926
707	946
707	981
708	843
708	887
708	890
708	899
708	908
708	911
708	925
708	939
708	975
708	981
709	366
709	409
709	428
709	430
709	725
709	853
709	883
709	964
709	984
709	991
710	268
710	328
710	363
710	553
710	802
710	837
710	864
710	886
710	965
710	976
711	8
711	38
711	151
711	209
711	220
711	350
711	530
711	622
711	797
711	992
712	300
712	544
712	588
712	592
712	641
712	858
712	877
712	912
712	926
712	978
713	125
713	144
713	443
713	623
713	648
713	841
713	847
713	857
713	980
713	984
714	147
714	403
714	544
714	552
714	597
714	733
714	747
714	871
714	924
714	937
715	199
715	447
715	487
715	684
715	743
715	781
715	833
715	902
715	949
715	998
716	16
716	61
716	88
716	240
716	373
716	600
716	618
716	718
716	741
716	976
717	269
717	385
717	394
717	442
717	621
717	654
717	787
717	830
717	892
717	901
718	16
718	61
718	373
718	481
718	506
718	600
718	618
718	716
718	826
718	883
719	160
719	178
719	217
719	275
719	418
719	723
719	903
719	909
719	938
719	984
720	452
720	915
720	923
720	956
720	974
720	983
720	988
720	994
720	999
721	118
721	399
721	696
721	734
721	776
721	856
721	896
721	928
721	959
721	967
722	417
722	463
722	566
722	624
722	667
722	898
722	959
722	973
722	989
722	993
723	15
723	217
723	505
723	577
723	698
723	719
723	764
723	909
723	938
723	946
724	233
724	283
724	530
724	622
724	775
724	806
724	852
724	876
724	940
724	996
725	471
725	674
725	695
725	709
725	868
725	885
725	900
725	964
725	969
725	991
726	362
726	822
726	843
726	925
726	933
726	970
726	972
726	982
726	986
726	990
727	348
727	549
727	561
727	738
727	767
727	780
727	869
727	887
727	966
727	968
728	181
728	493
728	690
728	691
728	853
728	871
728	944
728	949
728	980
728	984
729	42
729	289
729	422
729	540
729	554
729	697
729	704
729	751
729	757
729	850
730	581
730	670
730	773
730	866
730	895
730	936
730	959
730	975
730	978
730	984
730	987
731	811
731	848
731	915
731	923
731	955
731	974
731	986
731	988
731	993
731	994
731	999
732	233
732	392
732	427
732	518
732	675
732	676
732	745
732	764
732	854
732	861
732	891
733	157
733	410
733	620
733	714
733	740
733	824
733	847
733	871
733	924
733	937
733	939
734	627
734	689
734	721
734	815
734	849
734	873
734	887
734	914
734	940
734	981
734	996
735	247
735	250
735	815
735	838
735	884
735	895
735	906
735	918
735	934
735	952
735	956
736	538
736	587
736	602
736	620
736	777
736	794
736	881
736	917
736	947
736	986
736	995
737	172
737	420
737	465
737	755
737	795
737	802
737	809
737	922
737	955
737	963
737	995
738	69
738	367
738	519
738	549
738	616
738	678
738	727
738	869
738	890
738	897
738	967
739	78
739	111
739	143
739	167
739	221
739	285
739	405
739	506
739	531
739	643
739	888
740	193
740	364
740	403
740	524
740	733
740	796
740	851
740	906
740	924
740	937
740	969
741	197
741	238
741	716
741	877
741	881
741	930
741	953
741	985
741	987
741	990
741	997
742	159
742	556
742	675
742	758
742	788
742	794
742	862
742	927
742	991
742	998
742	1000
743	357
743	360
743	484
743	687
743	715
743	747
743	786
743	800
743	856
743	902
743	929
744	234
744	362
744	446
744	526
744	629
744	649
744	879
744	880
744	892
744	898
744	942
745	72
745	138
745	279
745	361
745	392
745	518
745	652
745	675
745	732
745	861
745	917
746	682
746	749
746	768
746	881
746	930
746	944
746	953
746	985
746	987
746	990
746	997
747	85
747	556
747	572
747	685
747	714
747	743
747	860
747	927
747	982
747	989
747	998
748	418
748	552
748	651
748	777
748	783
748	803
748	825
748	833
748	947
748	986
748	995
749	153
749	156
749	212
749	677
749	746
749	776
749	791
749	838
749	896
749	928
749	979
750	494
750	514
750	569
750	689
750	887
750	904
750	914
750	940
750	949
750	981
750	996
751	598
751	686
751	729
751	772
751	850
751	919
751	959
751	963
751	973
751	979
751	989
752	179
752	310
752	321
752	596
752	607
752	647
752	762
752	868
752	959
752	973
752	989
753	681
753	766
753	788
753	807
753	852
753	873
753	884
753	952
753	956
753	971
753	980
754	11
754	176
754	334
754	343
754	364
754	423
754	575
754	640
754	801
754	871
754	937
755	335
755	433
755	737
755	790
755	809
755	823
755	859
755	901
755	922
755	955
755	971
756	635
756	803
756	881
756	895
756	930
756	941
756	953
756	973
756	982
756	985
756	987
757	295
757	336
757	565
757	621
757	672
757	729
757	803
757	807
757	813
757	895
757	986
758	60
758	68
758	140
758	232
758	483
758	572
758	588
758	742
758	860
758	993
758	998
759	174
759	309
759	769
759	848
759	892
759	915
759	923
759	974
759	988
759	994
759	999
760	24
760	371
760	484
760	513
760	814
760	839
760	854
760	855
760	902
760	910
760	929
760	931
761	184
761	765
761	811
761	848
761	894
761	915
761	923
761	974
761	988
761	994
761	997
761	999
762	298
762	402
762	417
762	545
762	596
762	604
762	683
762	692
762	752
762	792
762	989
762	993
763	45
763	292
763	294
763	333
763	469
763	637
763	660
763	784
763	845
763	854
763	946
763	987
764	2
764	84
764	639
764	723
764	732
764	800
764	844
764	890
764	896
764	902
764	909
764	938
765	352
765	599
765	668
765	761
765	811
765	848
765	915
765	923
765	974
765	988
765	994
765	999
766	89
766	390
766	753
766	775
766	870
766	873
766	900
766	906
766	920
766	944
766	956
766	971
767	14
767	18
767	107
767	197
767	387
767	519
767	541
767	564
767	616
767	727
767	841
767	880
768	416
768	426
768	590
768	641
768	673
768	746
768	893
768	894
768	929
768	935
768	950
768	962
769	689
769	759
769	848
769	915
769	923
769	931
769	974
769	977
769	988
769	994
769	996
769	999
770	476
770	495
770	677
770	792
770	812
770	816
770	835
770	954
770	957
770	968
770	979
770	987
771	9
771	472
771	781
771	798
771	839
771	855
771	910
771	929
771	930
771	931
771	955
771	973
772	379
772	389
772	516
772	610
772	674
772	699
772	751
772	776
772	793
772	919
772	945
772	972
773	643
773	662
773	730
773	866
773	886
773	895
773	936
773	965
773	975
773	978
773	984
773	985
774	85
774	454
774	680
774	832
774	867
774	872
774	921
774	948
774	954
774	958
774	961
774	988
775	175
775	243
775	361
775	502
775	509
775	724
775	766
775	821
775	834
775	876
775	907
775	968
776	110
776	416
776	435
776	643
776	665
776	677
776	721
776	749
776	772
776	896
776	928
776	987
777	88
777	380
777	517
777	620
777	736
777	748
777	825
777	894
777	907
777	917
777	947
777	986
778	554
778	576
778	624
778	653
778	679
778	704
778	819
778	849
778	850
778	905
778	913
778	979
779	41
779	117
779	489
779	603
779	656
779	661
779	860
779	918
779	926
779	943
779	946
779	949
780	257
780	727
780	862
780	869
780	890
780	893
780	950
780	959
780	962
780	988
780	994
780	999
781	404
781	447
781	715
781	771
781	839
781	886
781	902
781	910
781	929
781	931
781	955
781	957
782	379
782	393
782	436
782	465
782	490
782	625
782	694
782	818
782	844
782	846
782	928
782	979
783	18
783	33
783	188
783	271
783	375
783	400
783	456
783	508
783	748
783	858
783	913
783	932
784	202
784	249
784	282
784	292
784	333
784	354
784	441
784	469
784	763
784	785
784	845
784	895
785	260
785	306
785	318
785	333
785	384
785	441
785	706
785	784
785	895
785	940
785	975
785	978
785	986
786	59
786	158
786	306
786	344
786	463
786	562
786	650
786	701
786	743
786	851
786	878
786	883
786	955
787	13
787	106
787	269
787	385
787	394
787	511
787	571
787	654
787	682
787	717
787	830
787	925
787	993
788	296
788	451
788	514
788	627
788	689
788	698
788	742
788	753
788	849
788	887
788	914
788	981
788	996
789	521
789	633
789	793
789	828
789	829
789	830
789	841
789	864
789	886
789	926
789	965
789	976
789	977
790	75
790	95
790	545
790	623
790	755
790	795
790	820
790	901
790	920
790	951
790	955
790	963
790	970
791	452
791	677
791	702
791	749
791	827
791	834
791	838
791	854
791	856
791	863
791	928
791	995
791	997
792	135
792	680
792	762
792	770
792	812
792	816
792	820
792	833
792	844
792	905
792	957
792	968
792	979
793	142
793	521
793	609
793	612
793	772
793	789
793	837
793	849
793	864
793	886
793	965
793	966
793	976
794	413
794	556
794	673
794	736
794	742
794	893
794	903
794	939
794	944
794	950
794	964
794	991
794	998
795	338
795	400
795	458
795	525
795	642
795	737
795	790
795	814
795	892
795	901
795	922
795	963
795	995
796	186
796	454
796	524
796	544
796	583
796	640
796	740
796	915
796	924
796	937
796	939
796	997
796	998
797	693
797	711
797	897
797	914
797	930
797	941
797	946
797	953
797	982
797	985
797	987
797	990
797	997
798	213
798	276
798	351
798	701
798	771
798	800
798	839
798	869
798	902
798	910
798	929
798	931
798	959
799	442
799	445
799	608
799	842
799	897
799	909
799	930
799	953
799	962
799	985
799	987
799	990
799	997
800	93
800	213
800	339
800	638
800	645
800	691
800	743
800	764
800	798
800	855
800	910
800	931
800	993
801	258
801	364
801	423
801	614
801	654
801	678
801	754
801	852
801	871
801	924
801	939
801	956
801	962
802	263
802	710
802	737
802	814
802	819
802	840
802	864
802	901
802	913
802	944
802	963
802	965
802	978
803	58
803	273
803	311
803	369
803	391
803	607
803	643
803	748
803	756
803	757
803	838
803	854
803	856
804	253
804	258
804	397
804	468
804	831
804	849
804	894
804	940
804	969
804	971
804	981
804	993
804	996
805	156
805	185
805	320
805	356
805	430
805	569
805	837
805	853
805	888
805	944
805	949
805	980
805	984
806	108
806	129
806	148
806	524
806	553
806	582
806	622
806	663
806	724
806	905
806	912
806	968
806	979
807	15
807	54
807	246
807	295
807	336
807	445
807	474
807	565
807	621
807	753
807	757
807	813
807	888
807	936
808	293
808	377
808	401
808	471
808	536
808	556
808	652
808	670
808	862
808	937
808	972
808	981
808	982
808	998
809	70
809	281
809	304
809	351
809	545
809	737
809	755
809	823
809	838
809	886
809	901
809	922
809	955
809	963
810	383
810	402
810	501
810	502
810	507
810	680
810	872
810	911
810	948
810	954
810	958
810	961
810	995
810	998
811	330
811	517
811	731
811	761
811	765
811	848
811	908
811	915
811	923
811	974
811	988
811	990
811	994
811	999
812	51
812	486
812	500
812	566
812	630
812	661
812	770
812	792
812	829
812	891
812	957
812	961
812	968
812	979
813	54
813	66
813	137
813	295
813	336
813	445
813	474
813	565
813	621
813	672
813	757
813	807
813	814
813	977
814	224
814	301
814	322
814	491
814	565
814	623
814	760
814	795
814	802
814	813
814	872
814	922
814	935
814	963
815	109
815	229
815	583
815	734
815	735
815	870
815	884
815	906
815	908
815	918
815	941
815	952
815	956
815	971
816	74
816	145
816	219
816	478
816	540
816	679
816	693
816	770
816	792
816	820
816	842
816	905
816	957
816	966
817	195
817	286
817	324
817	359
817	471
817	633
817	888
817	893
817	916
817	934
817	942
817	950
817	960
817	1000
818	82
818	184
818	225
818	257
818	393
818	436
818	490
818	543
818	625
818	650
818	694
818	782
818	846
818	931
819	153
819	251
819	418
819	456
819	508
819	514
819	592
819	666
819	778
819	802
819	881
819	913
819	932
819	996
820	292
820	486
820	500
820	503
820	515
820	636
820	645
820	790
820	792
820	816
820	829
820	905
820	957
820	979
821	67
821	175
821	209
821	243
821	277
821	346
821	352
821	361
821	445
821	467
821	594
821	775
821	834
821	876
822	121
822	279
822	412
822	415
822	489
822	554
822	573
822	726
822	843
822	852
822	891
822	933
822	970
822	972
823	267
823	357
823	407
823	440
823	535
823	623
823	755
823	809
823	889
823	901
823	922
823	943
823	955
823	995
824	11
824	186
824	244
824	334
824	346
824	392
824	681
824	733
824	863
824	871
824	924
824	932
824	937
824	991
825	155
825	335
825	606
825	620
825	660
825	748
825	777
825	852
825	917
825	947
825	955
825	982
825	986
825	995
826	695
826	718
826	844
826	847
826	885
826	889
826	900
826	903
826	960
826	964
826	969
826	990
826	991
826	994
827	67
827	86
827	273
827	284
827	305
827	411
827	435
827	452
827	621
827	791
827	838
827	892
827	896
827	928
828	42
828	173
828	237
828	609
828	659
828	672
828	789
828	864
828	886
828	893
828	924
828	958
828	965
828	976
829	173
829	218
829	309
829	316
829	451
829	510
829	633
829	637
829	789
829	812
829	820
829	886
829	965
829	976
830	106
830	249
830	269
830	382
830	442
830	457
830	481
830	543
830	654
830	717
830	787
830	789
830	993
830	999
831	181
831	218
831	299
831	321
831	515
831	698
831	804
831	849
831	879
831	914
831	981
831	993
831	995
831	996
832	73
832	155
832	207
832	528
832	639
832	680
832	774
832	849
832	867
832	921
832	954
832	958
832	961
832	989
833	266
833	604
833	664
833	683
833	715
833	748
833	792
833	839
833	845
833	886
833	902
833	959
833	968
833	973
833	979
834	37
834	243
834	277
834	346
834	467
834	509
834	523
834	547
834	700
834	775
834	791
834	821
834	876
834	932
834	983
835	78
835	111
835	131
835	228
835	241
835	516
835	550
835	612
835	699
835	770
835	857
835	888
835	908
835	957
835	968
836	25
836	76
836	129
836	287
836	308
836	331
836	522
836	571
836	650
836	663
836	671
836	684
836	858
836	868
836	912
837	50
837	674
837	710
837	793
837	805
837	872
837	874
837	884
837	919
837	932
837	945
837	956
837	971
837	972
837	976
838	118
838	133
838	347
838	399
838	559
838	689
838	735
838	749
838	791
838	803
838	809
838	827
838	896
838	928
838	989
839	158
839	472
839	487
839	593
839	611
839	760
839	771
839	781
839	798
839	833
839	902
839	910
839	929
839	931
839	988
840	10
840	24
840	26
840	33
840	34
840	153
840	163
840	336
840	359
840	384
840	508
840	802
840	913
840	924
840	932
841	144
841	216
841	285
841	313
841	314
841	443
841	629
841	648
841	707
841	713
841	767
841	789
841	857
841	907
841	984
842	319
842	664
842	799
842	816
842	897
842	930
842	941
842	953
842	985
842	987
842	990
842	993
842	994
842	996
842	997
843	182
843	322
843	388
843	392
843	480
843	697
843	708
843	726
843	822
843	891
843	925
843	931
843	933
843	961
843	970
844	204
844	214
844	510
844	570
844	631
844	688
844	764
844	782
844	792
844	826
844	875
844	900
844	903
844	964
844	969
844	991
845	226
845	282
845	292
845	294
845	354
845	441
845	448
845	660
845	763
845	784
845	833
845	854
845	944
845	973
845	983
845	995
846	152
846	184
846	257
846	393
846	426
846	460
846	465
846	490
846	609
846	611
846	625
846	650
846	694
846	782
846	818
846	925
847	139
847	245
847	514
847	667
847	673
847	713
847	733
847	826
847	882
847	893
847	894
847	950
847	964
847	974
847	996
847	999
848	331
848	659
848	731
848	759
848	761
848	765
848	769
848	811
848	853
848	881
848	915
848	923
848	974
848	988
848	994
848	999
849	321
849	705
849	734
849	778
849	788
849	793
849	804
849	831
849	832
849	878
849	887
849	904
849	914
849	940
849	953
849	981
850	12
850	80
850	341
850	413
850	422
850	498
850	528
850	540
850	548
850	554
850	661
850	704
850	729
850	751
850	778
850	854
851	82
851	149
851	260
851	315
851	349
851	475
851	523
851	550
851	631
851	650
851	740
851	786
851	878
851	880
851	952
851	985
852	279
852	415
852	573
852	582
852	697
852	724
852	753
852	801
852	822
852	825
852	891
852	923
852	925
852	933
852	970
852	972
853	345
853	551
853	578
853	690
853	709
853	728
853	805
853	848
853	863
853	874
853	926
853	944
853	949
853	965
853	980
853	984
854	347
854	422
854	441
854	540
854	635
854	660
854	704
854	732
854	760
854	763
854	791
854	803
854	845
854	850
854	928
854	975
855	444
855	447
855	487
855	604
855	691
855	760
855	771
855	800
855	859
855	902
855	910
855	929
855	931
855	972
855	979
855	997
856	100
856	253
856	412
856	687
856	721
856	743
856	791
856	803
856	870
856	907
856	928
856	931
856	934
856	942
856	946
856	960
857	144
857	213
857	216
857	313
857	314
857	357
857	443
857	486
857	498
857	648
857	713
857	835
857	841
857	980
857	984
857	995
858	270
858	512
858	595
858	597
858	598
858	607
858	690
858	712
858	783
858	836
858	912
858	913
858	932
858	935
858	944
858	980
858	994
859	97
859	128
859	254
859	297
859	375
859	637
859	683
859	755
859	855
859	897
859	901
859	923
859	955
859	963
859	965
859	985
859	990
860	6
860	41
860	114
860	356
860	549
860	561
860	568
860	570
860	702
860	747
860	758
860	779
860	925
860	932
860	943
860	967
860	998
861	72
861	74
861	90
861	123
861	131
861	427
861	437
861	466
861	518
861	527
861	558
861	658
861	666
861	732
861	745
861	935
861	970
862	4
862	339
862	401
862	471
862	481
862	483
862	570
862	572
862	685
862	742
862	780
862	808
862	927
862	972
862	986
862	993
862	995
863	110
863	239
863	273
863	347
863	548
863	791
863	824
863	853
863	905
863	922
863	937
863	957
863	962
863	968
863	972
863	979
863	996
864	182
864	353
864	553
864	637
864	665
864	668
864	697
864	710
864	789
864	793
864	802
864	828
864	886
864	902
864	963
864	965
864	976
865	44
865	187
865	231
865	366
865	378
865	409
865	670
865	878
865	882
865	885
865	889
865	900
865	903
865	964
865	969
865	972
865	991
866	280
866	389
866	517
866	608
866	618
866	662
866	730
866	773
866	867
866	895
866	936
866	968
866	970
866	975
866	978
866	984
866	991
867	36
867	245
867	330
867	528
867	639
867	692
867	774
867	832
867	866
867	872
867	889
867	934
867	937
867	948
867	954
867	958
867	961
868	326
868	353
868	417
868	473
868	529
868	568
868	624
868	667
868	693
868	725
868	752
868	836
868	948
868	959
868	973
868	989
868	993
869	1
869	2
869	107
869	150
869	235
869	348
869	387
869	429
869	564
869	616
869	727
869	738
869	780
869	798
869	912
869	918
869	967
870	42
870	124
870	134
870	446
870	766
870	815
870	856
870	872
870	873
870	884
870	903
870	906
870	912
870	920
870	952
870	956
870	971
870	994
871	193
871	244
871	395
871	423
871	449
871	571
871	595
871	597
871	640
871	714
871	728
871	733
871	754
871	801
871	824
871	924
871	939
871	992
872	189
872	458
872	464
872	501
872	639
872	692
872	774
872	810
872	814
872	837
872	867
872	870
872	937
872	948
872	954
872	958
872	961
872	981
873	123
873	444
873	551
873	591
873	656
873	681
873	734
873	753
873	766
873	870
873	884
873	906
873	918
873	920
873	952
873	956
873	971
873	1000
874	161
874	384
874	430
874	439
874	493
874	499
874	513
874	569
874	578
874	619
874	837
874	853
874	891
874	944
874	946
874	949
874	980
874	984
875	27
875	248
875	358
875	535
875	555
875	625
875	631
875	670
875	844
875	882
875	885
875	886
875	900
875	902
875	956
875	964
875	969
875	991
876	91
876	175
876	243
876	346
876	351
876	361
876	467
876	502
876	509
876	510
876	547
876	584
876	724
876	775
876	821
876	834
876	887
876	980
877	50
877	154
877	176
877	208
877	221
877	227
877	707
877	712
877	741
877	919
877	926
877	943
877	945
877	946
877	967
877	968
877	986
877	995
878	59
878	135
878	233
878	260
878	276
878	344
878	475
878	480
878	523
878	539
878	550
878	567
878	690
878	786
878	849
878	851
878	865
878	941
879	32
879	101
879	146
879	168
879	219
879	378
879	526
879	596
879	629
879	649
879	744
879	831
879	880
879	882
879	892
879	898
879	914
879	961
880	310
880	370
880	398
880	582
880	649
880	701
880	744
880	767
880	851
880	879
880	892
880	898
880	939
880	943
880	951
880	966
880	971
880	992
880	1000
881	4
881	343
881	596
881	617
881	736
881	741
881	746
881	756
881	819
881	848
881	897
881	900
881	930
881	941
881	953
881	985
881	987
881	990
881	997
882	139
882	396
882	443
882	510
882	520
882	531
882	535
882	688
882	695
882	847
882	865
882	875
882	879
882	900
882	903
882	952
882	964
882	969
882	991
883	14
883	76
883	99
883	214
883	274
883	307
883	409
883	605
883	670
883	709
883	718
883	786
883	885
883	889
883	903
883	940
883	964
883	969
883	991
884	35
884	149
884	191
884	250
884	453
884	533
884	656
884	735
884	753
884	815
884	837
884	870
884	873
884	893
884	906
884	918
884	920
884	952
884	971
885	232
885	577
885	605
885	631
885	665
885	725
885	826
885	865
885	875
885	883
885	889
885	903
885	950
885	963
885	964
885	965
885	969
885	977
885	991
886	71
886	309
886	396
886	521
886	553
886	609
886	710
886	773
886	781
886	789
886	793
886	809
886	828
886	829
886	833
886	864
886	875
886	965
886	976
887	206
887	218
887	329
887	369
887	627
887	700
887	708
887	727
887	734
887	750
887	788
887	849
887	876
887	914
887	950
887	958
887	967
887	981
887	993
887	996
888	78
888	111
888	143
888	167
888	219
888	228
888	286
888	324
888	405
888	531
888	557
888	580
888	739
888	805
888	807
888	817
888	835
888	942
888	953
888	969
889	14
889	183
889	232
889	307
889	332
889	358
889	404
889	503
889	688
889	823
889	826
889	865
889	867
889	883
889	885
889	903
889	947
889	964
889	969
889	991
890	6
890	171
890	197
890	235
890	387
890	429
890	460
890	541
890	561
890	564
890	616
890	708
890	738
890	764
890	780
890	913
890	967
890	977
890	980
890	984
891	144
891	205
891	278
891	388
891	534
891	537
891	586
891	666
891	697
891	732
891	812
891	822
891	843
891	852
891	874
891	925
891	933
891	960
891	970
891	988
892	32
892	101
892	146
892	168
892	255
892	378
892	474
892	526
892	629
892	649
892	672
892	717
892	744
892	759
892	795
892	827
892	879
892	880
892	898
892	915
892	952
893	94
893	102
893	414
893	416
893	426
893	590
893	601
893	641
893	768
893	780
893	794
893	817
893	828
893	847
893	884
893	894
893	950
893	962
893	990
893	992
893	996
894	30
894	133
894	180
894	195
894	416
894	426
894	590
894	601
894	641
894	673
894	761
894	768
894	777
894	804
894	847
894	893
894	924
894	950
894	951
894	962
894	977
895	201
895	374
895	406
895	492
895	564
895	581
895	608
895	662
895	730
895	735
895	756
895	757
895	773
895	784
895	785
895	866
895	936
895	975
895	978
895	981
895	984
896	10
896	118
896	212
896	295
896	311
896	376
896	399
896	578
896	673
896	677
896	696
896	721
896	749
896	764
896	776
896	827
896	838
896	928
896	929
896	945
896	990
897	136
897	240
897	261
897	606
897	617
897	642
897	682
897	738
897	797
897	799
897	842
897	859
897	881
897	924
897	941
897	953
897	957
897	959
897	985
897	987
897	990
897	997
898	22
898	32
898	101
898	146
898	168
898	255
898	267
898	378
898	405
898	482
898	526
898	629
898	635
898	644
898	649
898	672
898	722
898	744
898	879
898	880
898	892
898	950
899	86
899	109
899	120
899	246
899	350
899	424
899	532
899	563
899	595
899	602
899	603
899	634
899	653
899	686
899	704
899	708
899	908
899	911
899	927
899	967
900	214
900	232
900	246
900	293
900	382
900	428
900	647
900	670
900	688
900	725
900	766
900	826
900	844
900	865
900	875
900	881
900	882
900	955
900	957
900	964
900	969
900	991
901	440
901	491
901	525
901	545
901	639
901	686
901	706
901	717
901	755
901	790
901	795
901	802
901	809
901	823
901	859
901	915
901	916
901	922
901	934
901	955
901	963
901	999
902	213
902	311
902	371
902	444
902	472
902	659
902	687
902	715
902	743
902	760
902	764
902	781
902	798
902	833
902	839
902	855
902	864
902	875
902	910
902	918
902	936
902	976
903	77
903	231
903	248
903	488
903	535
903	631
903	719
903	794
903	826
903	844
903	865
903	870
903	882
903	883
903	885
903	889
903	921
903	955
903	963
903	964
903	969
903	991
904	306
904	320
904	369
904	397
904	405
904	412
904	458
904	511
904	612
904	627
904	705
904	750
904	849
904	940
904	956
904	961
904	967
904	981
904	986
904	987
904	993
904	996
905	7
905	43
905	119
905	134
905	300
905	470
905	560
905	638
905	645
905	693
905	778
905	792
905	806
905	816
905	820
905	863
905	911
905	947
905	968
905	974
905	979
905	989
905	1000
906	1
906	457
906	575
906	584
906	586
906	609
906	644
906	656
906	735
906	740
906	766
906	815
906	870
906	873
906	884
906	918
906	920
906	950
906	952
906	956
906	963
906	971
906	987
907	127
907	183
907	190
907	267
907	290
907	314
907	461
907	557
907	574
907	593
907	594
907	634
907	646
907	703
907	775
907	777
907	841
907	856
907	916
907	934
907	941
907	942
907	960
908	86
908	109
908	120
908	532
908	543
908	563
908	595
908	602
908	653
908	666
908	686
908	705
908	708
908	811
908	815
908	835
908	899
908	911
908	964
908	967
909	12
909	36
909	63
909	73
909	160
909	178
909	274
909	275
909	408
909	468
909	485
909	505
909	573
909	577
909	664
909	719
909	723
909	764
909	799
909	938
909	939
909	948
909	964
910	360
910	404
910	407
910	444
910	484
910	503
910	506
910	645
910	691
910	760
910	771
910	781
910	798
910	800
910	839
910	855
910	902
910	929
910	931
910	936
910	952
910	985
910	989
911	70
911	86
911	109
911	120
911	258
911	322
911	423
911	424
911	532
911	563
911	595
911	602
911	653
911	686
911	695
911	708
911	810
911	899
911	905
911	908
911	933
911	967
911	971
911	990
912	25
912	29
912	76
912	129
912	287
912	308
912	424
912	485
912	522
912	598
912	601
912	617
912	626
912	663
912	668
912	671
912	712
912	806
912	836
912	858
912	869
912	870
912	934
912	968
913	5
913	153
913	171
913	251
913	271
913	334
913	343
913	400
913	456
913	508
913	568
913	614
913	655
913	778
913	783
913	802
913	819
913	840
913	858
913	890
913	932
913	956
913	964
913	978
914	28
914	64
914	81
914	397
914	429
914	466
914	514
914	689
914	695
914	705
914	734
914	750
914	788
914	797
914	831
914	849
914	879
914	887
914	940
914	960
914	981
914	985
914	993
914	996
915	304
915	579
915	638
915	720
915	731
915	759
915	761
915	765
915	769
915	796
915	811
915	848
915	892
915	901
915	921
915	923
915	972
915	974
915	975
915	988
915	994
915	999
916	57
916	83
916	99
916	105
916	239
916	281
916	461
916	574
916	593
916	594
916	616
916	634
916	646
916	703
916	817
916	901
916	907
916	919
916	920
916	934
916	942
916	960
916	967
916	982
916	991
917	37
917	53
917	174
917	188
917	194
917	259
917	328
917	377
917	418
917	447
917	538
917	552
917	587
917	620
917	623
917	651
917	736
917	745
917	777
917	825
917	963
917	982
917	986
917	988
917	995
918	87
918	250
918	261
918	267
918	457
918	499
918	533
918	569
918	669
918	700
918	735
918	779
918	815
918	869
918	873
918	884
918	902
918	906
918	919
918	920
918	925
918	956
918	971
918	993
918	998
919	40
919	62
919	98
919	238
919	247
919	355
919	379
919	386
919	516
919	589
919	610
919	674
919	699
919	751
919	772
919	837
919	877
919	916
919	918
919	935
919	945
919	972
919	978
919	990
919	1000
920	61
920	87
920	114
920	130
920	261
920	380
920	454
920	533
920	591
920	644
920	656
920	669
920	698
920	766
920	790
920	870
920	873
920	884
920	906
920	916
920	918
920	952
920	956
920	962
920	971
920	976
921	20
921	419
921	622
921	774
921	832
921	903
921	915
921	935
921	951
921	966
921	977
921	983
921	992
921	993
921	995
921	1000
922	23
922	48
922	70
922	95
922	145
922	255
922	301
922	439
922	440
922	491
922	555
922	585
922	636
922	737
922	755
922	795
922	809
922	814
922	823
922	863
922	901
922	948
922	955
922	961
922	963
922	995
923	206
923	410
923	448
923	479
923	527
923	579
923	632
923	638
923	692
923	720
923	731
923	759
923	761
923	765
923	769
923	811
923	848
923	852
923	859
923	915
923	966
923	974
923	988
923	994
923	999
924	83
924	193
924	317
924	318
924	413
924	437
924	597
924	614
924	640
924	678
924	684
924	714
924	733
924	740
924	796
924	801
924	824
924	828
924	840
924	871
924	894
924	897
924	937
924	939
924	962
924	977
925	104
925	278
925	362
925	388
925	396
925	534
925	537
925	545
925	573
925	582
925	697
925	708
925	726
925	787
925	843
925	846
925	852
925	860
925	891
925	918
925	927
925	933
925	942
925	970
925	972
925	976
926	50
926	97
926	152
926	198
926	200
926	211
926	302
926	402
926	425
926	431
926	462
926	603
926	632
926	661
926	701
926	702
926	707
926	712
926	779
926	789
926	853
926	877
926	936
926	945
926	946
926	951
926	985
927	159
927	181
927	252
927	298
927	325
927	377
927	393
927	401
927	427
927	455
927	492
927	536
927	552
927	572
927	585
927	588
927	610
927	685
927	742
927	747
927	862
927	899
927	925
927	946
927	982
927	991
927	998
928	58
928	79
928	212
928	284
928	286
928	311
928	391
928	399
928	411
928	452
928	610
928	643
928	687
928	696
928	702
928	721
928	749
928	776
928	782
928	791
928	827
928	838
928	854
928	856
928	896
928	944
928	958
929	93
929	100
929	340
929	354
929	360
929	371
929	404
929	435
929	444
929	472
929	487
929	513
929	691
929	697
929	743
929	760
929	768
929	771
929	781
929	798
929	839
929	855
929	896
929	910
929	931
929	982
929	998
930	131
930	169
930	303
930	399
930	467
930	482
930	611
930	616
930	741
930	746
930	756
930	771
930	797
930	799
930	842
930	881
930	938
930	941
930	945
930	951
930	953
930	978
930	985
930	987
930	990
930	997
930	998
931	46
931	93
931	126
931	229
931	277
931	351
931	360
931	371
931	404
931	487
931	513
931	577
931	687
931	691
931	760
931	769
931	771
931	781
931	798
931	800
931	818
931	839
931	843
931	855
931	856
931	910
931	929
932	15
932	24
932	26
932	163
932	171
932	188
932	268
932	271
932	343
932	359
932	508
932	576
932	592
932	628
932	655
932	783
932	819
932	824
932	834
932	837
932	840
932	858
932	860
932	913
932	948
932	992
932	998
933	104
933	177
933	205
933	278
933	279
933	308
933	362
933	415
933	534
933	547
933	567
933	573
933	582
933	586
933	697
933	726
933	822
933	843
933	852
933	891
933	911
933	925
933	947
933	964
933	970
933	972
933	976
933	1000
934	17
934	99
934	105
934	190
934	192
934	230
934	281
934	396
934	440
934	461
934	498
934	574
934	593
934	594
934	634
934	646
934	655
934	703
934	735
934	817
934	856
934	867
934	901
934	907
934	912
934	916
934	942
934	960
935	198
935	256
935	296
935	520
935	583
935	768
935	814
935	858
935	861
935	919
935	921
935	948
935	951
935	966
935	977
935	982
935	983
935	992
935	993
935	995
935	1000
936	104
936	141
936	165
936	224
936	225
936	280
936	337
936	374
936	389
936	406
936	492
936	517
936	581
936	608
936	662
936	730
936	773
936	807
936	866
936	895
936	902
936	910
936	926
936	942
936	975
936	978
936	984
936	995
937	96
937	157
937	256
937	281
937	334
937	424
937	437
937	524
937	544
937	571
937	612
937	684
937	694
937	714
937	733
937	740
937	754
937	796
937	808
937	824
937	863
937	867
937	872
937	924
937	939
937	949
937	971
937	984
938	9
938	12
938	63
938	71
938	73
938	160
938	178
938	217
938	274
938	275
938	319
938	363
938	468
938	476
938	485
938	505
938	577
938	664
938	719
938	723
938	764
938	909
938	930
938	975
938	978
938	979
938	988
938	991
938	994
939	96
939	130
939	157
939	199
939	212
939	244
939	256
939	337
939	364
939	454
939	524
939	548
939	575
939	597
939	614
939	678
939	708
939	733
939	794
939	796
939	801
939	871
939	880
939	909
939	924
939	937
939	962
939	992
939	997
940	123
940	210
940	245
940	299
940	317
940	320
940	321
940	370
940	458
940	511
940	630
940	654
940	689
940	698
940	724
940	734
940	750
940	785
940	804
940	849
940	883
940	904
940	914
940	958
940	981
940	982
940	992
940	993
940	996
941	5
941	39
941	121
941	136
941	172
941	175
941	496
941	557
941	611
941	615
941	642
941	756
941	797
941	815
941	842
941	878
941	881
941	897
941	907
941	930
941	945
941	953
941	970
941	982
941	985
941	987
941	990
941	992
941	997
942	17
942	57
942	83
942	127
942	183
942	281
942	461
942	491
942	498
942	544
942	557
942	574
942	593
942	594
942	634
942	646
942	703
942	744
942	817
942	856
942	888
942	907
942	916
942	925
942	934
942	936
942	945
942	960
942	986
942	997
943	79
943	117
943	152
943	154
943	173
943	200
943	211
943	272
943	302
943	333
943	425
943	431
943	450
943	462
943	475
943	489
943	603
943	632
943	658
943	669
943	702
943	779
943	823
943	860
943	877
943	880
943	945
943	946
943	948
943	972
944	56
944	161
944	270
944	289
944	345
944	384
944	430
944	439
944	497
944	551
944	569
944	578
944	591
944	640
944	652
944	690
944	728
944	746
944	766
944	794
944	802
944	805
944	845
944	853
944	858
944	874
944	928
944	949
944	980
944	984
945	241
945	312
945	450
945	489
945	554
945	576
945	589
945	674
945	679
945	696
945	772
945	837
945	877
945	896
945	919
945	926
945	930
945	941
945	942
945	943
945	946
945	948
945	953
945	971
945	972
945	985
945	987
945	990
945	997
945	998
946	26
946	52
946	176
946	211
946	221
946	300
946	365
946	425
946	431
946	450
946	462
946	564
946	603
946	632
946	661
946	702
946	707
946	723
946	763
946	779
946	797
946	856
946	874
946	877
946	926
946	927
946	943
946	945
946	957
946	967
947	3
947	29
947	37
947	53
947	155
947	194
947	335
947	341
947	373
947	380
947	398
947	446
947	543
947	552
947	587
947	613
947	620
947	651
947	704
947	736
947	748
947	777
947	825
947	889
947	905
947	933
947	972
947	982
947	986
947	995
948	79
948	139
948	176
948	267
948	365
948	496
948	547
948	603
948	702
948	774
948	810
948	867
948	868
948	872
948	909
948	922
948	932
948	935
948	943
948	945
948	951
948	954
948	958
948	961
948	966
948	977
948	983
948	992
948	999
948	1000
949	56
949	140
949	164
949	185
949	210
949	215
949	345
949	384
949	390
949	430
949	439
949	474
949	493
949	497
949	551
949	578
949	652
949	659
949	679
949	690
949	715
949	728
949	750
949	779
949	805
949	853
949	874
949	937
949	944
949	980
949	984
950	30
950	35
950	94
950	133
950	135
950	180
950	195
950	222
950	272
950	414
950	416
950	426
950	601
950	641
950	673
950	768
950	780
950	794
950	817
950	847
950	885
950	887
950	893
950	894
950	898
950	906
950	962
950	967
950	971
950	975
950	990
951	88
951	102
951	147
951	187
951	263
951	408
951	494
951	504
951	532
951	536
951	599
951	619
951	630
951	657
951	790
951	880
951	894
951	921
951	926
951	930
951	935
951	948
951	957
951	966
951	977
951	983
951	991
951	992
951	993
951	995
951	1000
952	87
952	89
952	124
952	130
952	252
952	440
952	457
952	591
952	594
952	607
952	629
952	644
952	656
952	669
952	681
952	705
952	735
952	753
952	815
952	851
952	870
952	873
952	882
952	884
952	892
952	906
952	910
952	920
952	956
952	971
952	972
952	986
953	81
953	84
953	243
953	332
953	403
953	496
953	507
953	539
953	598
953	606
953	611
953	615
953	617
953	642
953	682
953	741
953	746
953	756
953	797
953	799
953	842
953	849
953	881
953	888
953	897
953	930
953	941
953	945
953	982
953	985
953	987
953	990
954	3
954	20
954	48
954	66
954	80
954	89
954	112
954	189
954	207
954	330
954	383
954	464
954	501
954	503
954	504
954	507
954	528
954	562
954	680
954	692
954	770
954	774
954	810
954	832
954	867
954	872
954	948
954	958
954	961
954	977
954	987
954	999
955	70
955	75
955	202
955	224
955	242
955	338
955	407
955	487
955	491
955	538
955	545
955	555
955	665
955	706
955	731
955	737
955	755
955	771
955	781
955	786
955	790
955	809
955	823
955	825
955	859
955	900
955	901
955	903
955	922
955	962
955	963
955	995
956	42
956	63
956	124
956	140
956	229
956	256
956	363
956	457
956	499
956	533
956	550
956	628
956	656
956	659
956	669
956	681
956	720
956	735
956	753
956	766
956	801
956	815
956	837
956	870
956	873
956	875
956	904
956	906
956	913
956	918
956	920
956	952
956	987
957	7
957	55
957	98
957	116
957	134
957	137
957	145
957	162
957	270
957	290
957	331
957	500
957	585
957	636
957	645
957	679
957	693
957	770
957	781
957	792
957	812
957	816
957	820
957	835
957	863
957	897
957	900
957	946
957	951
957	968
957	979
957	980
957	987
958	7
958	19
958	48
958	112
958	191
958	207
958	266
958	313
958	330
958	383
958	419
958	464
958	501
958	503
958	507
958	528
958	639
958	669
958	680
958	692
958	774
958	810
958	828
958	832
958	867
958	872
958	887
958	928
958	940
958	948
958	954
958	961
958	984
959	241
959	268
959	272
959	313
959	326
959	402
959	419
959	449
959	473
959	478
959	529
959	596
959	604
959	624
959	647
959	681
959	683
959	721
959	722
959	730
959	751
959	752
959	780
959	798
959	833
959	868
959	897
959	962
959	973
959	979
959	989
959	993
959	1000
960	17
960	57
960	83
960	99
960	105
960	111
960	132
960	183
960	190
960	199
960	230
960	308
960	434
960	461
960	521
960	558
960	574
960	593
960	594
960	634
960	646
960	703
960	817
960	826
960	856
960	891
960	907
960	914
960	916
960	934
960	942
960	974
960	982
961	20
961	36
961	112
961	130
961	132
961	189
961	191
961	266
961	383
961	422
961	426
961	464
961	501
961	507
961	528
961	639
961	662
961	680
961	692
961	774
961	810
961	812
961	832
961	843
961	867
961	872
961	879
961	904
961	922
961	948
961	954
961	958
961	981
961	1000
962	35
962	69
962	94
962	186
962	208
962	244
962	326
962	403
962	416
962	437
962	455
962	478
962	491
962	525
962	528
962	647
962	698
962	768
962	780
962	799
962	801
962	863
962	893
962	894
962	920
962	924
962	939
962	950
962	955
962	959
962	973
962	981
962	989
962	993
963	23
963	29
963	95
963	224
963	242
963	300
963	301
963	407
963	413
963	440
963	474
963	491
963	555
963	665
963	677
963	706
963	737
963	751
963	790
963	795
963	802
963	809
963	814
963	859
963	864
963	885
963	901
963	903
963	906
963	917
963	922
963	955
963	995
963	1000
964	14
964	229
964	307
964	358
964	366
964	486
964	492
964	510
964	555
964	629
964	631
964	688
964	695
964	709
964	725
964	794
964	826
964	844
964	847
964	865
964	875
964	882
964	883
964	885
964	889
964	900
964	903
964	908
964	909
964	913
964	933
964	969
964	991
964	999
965	55
965	97
965	142
965	180
965	196
965	237
965	262
965	309
965	316
965	451
965	521
965	548
965	553
965	584
965	592
965	609
965	633
965	637
965	650
965	665
965	710
965	773
965	789
965	793
965	802
965	828
965	829
965	853
965	859
965	864
965	885
965	886
965	976
965	988
966	102
966	223
966	234
966	438
966	490
966	494
966	520
966	541
966	558
966	575
966	613
966	619
966	628
966	630
966	650
966	657
966	685
966	727
966	793
966	816
966	880
966	921
966	923
966	935
966	948
966	951
966	977
966	983
966	989
966	992
966	993
966	995
966	997
966	1000
967	18
967	79
967	117
967	197
967	265
967	302
967	429
967	519
967	532
967	563
967	595
967	602
967	632
967	653
967	683
967	686
967	702
967	721
967	738
967	860
967	869
967	877
967	887
967	890
967	899
967	904
967	908
967	911
967	916
967	946
967	950
967	970
967	973
967	977
967	1000
968	43
968	51
968	55
968	116
968	134
968	199
968	211
968	262
968	350
968	470
968	486
968	495
968	498
968	500
968	515
968	560
968	566
968	622
968	693
968	727
968	770
968	775
968	792
968	806
968	812
968	833
968	835
968	863
968	866
968	877
968	905
968	912
968	957
968	979
968	992
969	77
969	91
969	103
969	200
969	232
969	246
969	253
969	366
969	409
969	428
969	430
969	438
969	489
969	605
969	643
969	670
969	673
969	688
969	695
969	725
969	740
969	804
969	826
969	844
969	865
969	875
969	882
969	883
969	885
969	888
969	889
969	900
969	903
969	964
969	974
969	991
970	68
970	104
970	122
970	182
970	205
970	252
970	279
970	293
970	349
970	388
970	415
970	468
970	481
970	488
970	534
970	537
970	573
970	582
970	666
970	697
970	726
970	790
970	822
970	843
970	852
970	861
970	866
970	891
970	925
970	933
970	941
970	967
970	971
970	972
970	987
970	997
971	1
971	140
971	164
971	220
971	227
971	261
971	295
971	473
971	499
971	533
971	584
971	591
971	607
971	644
971	669
971	681
971	700
971	753
971	755
971	766
971	804
971	815
971	837
971	870
971	873
971	880
971	884
971	906
971	911
971	918
971	920
971	937
971	945
971	950
971	952
971	970
972	60
972	98
972	238
972	339
972	355
972	455
972	470
972	483
972	488
972	505
972	516
972	586
972	599
972	602
972	674
972	726
972	772
972	808
972	822
972	837
972	852
972	855
972	862
972	863
972	865
972	915
972	919
972	925
972	933
972	943
972	945
972	947
972	952
972	970
972	997
972	998
973	38
973	52
973	201
973	272
973	290
973	326
973	329
973	402
973	478
973	529
973	568
973	583
973	596
973	604
973	606
973	607
973	624
973	642
973	647
973	658
973	667
973	683
973	722
973	751
973	752
973	756
973	771
973	833
973	845
973	868
973	959
973	962
973	967
973	974
973	975
973	989
973	993
974	127
974	288
974	291
974	395
974	410
974	420
974	459
974	460
974	479
974	495
974	527
974	537
974	560
974	579
974	607
974	638
974	720
974	731
974	759
974	761
974	765
974	769
974	811
974	847
974	848
974	905
974	915
974	923
974	960
974	969
974	973
974	988
974	994
974	999
975	92
975	141
975	156
975	165
975	201
975	225
975	280
975	334
975	374
975	376
975	389
975	406
975	492
975	517
975	518
975	543
975	577
975	581
975	608
975	610
975	662
975	708
975	730
975	773
975	785
975	854
975	866
975	895
975	915
975	936
975	938
975	950
975	973
975	978
975	984
975	993
975	996
976	27
976	97
976	142
976	173
976	196
976	222
976	309
976	316
976	353
976	396
976	441
976	451
976	521
976	548
976	553
976	584
976	609
976	633
976	637
976	655
976	657
976	659
976	704
976	710
976	716
976	789
976	793
976	828
976	829
976	837
976	864
976	886
976	902
976	920
976	925
976	933
976	965
976	996
977	31
977	113
977	147
977	296
977	408
977	433
977	453
977	460
977	504
977	520
977	575
977	583
977	613
977	619
977	628
977	630
977	657
977	664
977	769
977	789
977	813
977	885
977	890
977	894
977	921
977	924
977	935
977	948
977	951
977	954
977	966
977	967
977	983
977	992
977	993
977	995
977	999
977	1000
978	11
978	92
978	125
978	141
978	156
978	165
978	201
978	219
978	225
978	255
978	280
978	353
978	374
978	389
978	406
978	492
978	502
978	517
978	556
978	581
978	589
978	608
978	610
978	662
978	689
978	712
978	730
978	773
978	785
978	802
978	866
978	895
978	913
978	919
978	930
978	936
978	938
978	975
978	984
979	43
979	51
979	74
979	119
979	162
979	262
979	331
979	446
979	470
979	495
979	515
979	556
979	560
979	566
979	585
979	586
979	590
979	636
979	645
979	679
979	699
979	706
979	749
979	751
979	770
979	778
979	782
979	792
979	806
979	812
979	820
979	833
979	855
979	863
979	905
979	938
979	957
979	959
979	968
980	9
980	56
980	161
980	185
980	215
980	231
980	270
980	337
980	345
980	356
980	384
980	439
980	454
980	493
980	497
980	551
980	569
980	578
980	592
980	605
980	641
980	646
980	652
980	674
980	690
980	713
980	728
980	753
980	805
980	853
980	857
980	858
980	874
980	876
980	890
980	944
980	949
980	957
980	984
981	81
981	166
981	263
981	320
981	337
981	352
981	370
981	401
981	412
981	458
981	511
981	522
981	585
981	627
981	666
981	670
981	680
981	689
981	698
981	705
981	707
981	708
981	734
981	750
981	788
981	804
981	808
981	831
981	849
981	872
981	887
981	895
981	904
981	914
981	940
981	961
981	962
981	983
981	993
981	996
982	285
982	325
982	327
982	328
982	377
982	418
982	453
982	500
982	536
982	538
982	552
982	570
982	573
982	587
982	635
982	649
982	685
982	726
982	747
982	756
982	797
982	808
982	825
982	916
982	917
982	927
982	929
982	935
982	940
982	941
982	947
982	953
982	960
982	986
982	987
982	989
982	990
982	995
982	997
982	998
983	31
983	170
983	194
983	202
983	215
983	236
983	241
983	333
983	345
983	408
983	433
983	438
983	453
983	494
983	504
983	571
983	575
983	583
983	608
983	613
983	619
983	628
983	630
983	650
983	657
983	720
983	834
983	845
983	921
983	935
983	948
983	951
983	966
983	977
983	981
983	984
983	992
983	993
983	995
983	1000
984	125
984	253
984	314
984	348
984	357
984	443
984	492
984	493
984	498
984	533
984	548
984	581
984	625
984	648
984	692
984	709
984	713
984	719
984	728
984	730
984	773
984	805
984	841
984	853
984	857
984	866
984	874
984	890
984	895
984	936
984	937
984	944
984	949
984	958
984	975
984	978
984	980
984	983
984	985
984	997
985	4
985	53
985	66
985	77
985	136
985	332
985	337
985	367
985	482
985	496
985	567
985	595
985	606
985	615
985	617
985	635
985	642
985	659
985	672
985	741
985	746
985	756
985	773
985	797
985	799
985	842
985	851
985	859
985	881
985	897
985	910
985	914
985	926
985	930
985	941
985	945
985	953
985	984
985	987
985	990
985	997
986	3
986	37
986	53
986	155
986	174
986	194
986	208
986	228
986	259
986	328
986	335
986	341
986	342
986	380
986	381
986	418
986	446
986	532
986	538
986	543
986	552
986	587
986	620
986	651
986	726
986	731
986	736
986	748
986	757
986	777
986	785
986	825
986	862
986	877
986	904
986	917
986	942
986	947
986	952
986	982
986	993
986	995
986	997
987	39
987	169
987	303
987	327
987	340
987	382
987	428
987	445
987	481
987	482
987	496
987	605
987	606
987	611
987	615
987	635
987	642
987	682
987	730
987	741
987	746
987	756
987	763
987	770
987	776
987	797
987	799
987	842
987	881
987	897
987	904
987	906
987	930
987	941
987	945
987	953
987	954
987	956
987	957
987	970
987	982
987	985
987	990
987	997
988	31
988	94
988	150
988	192
988	204
988	239
988	288
988	291
988	299
988	312
988	323
988	395
988	410
988	420
988	459
988	479
988	515
988	527
988	534
988	579
988	638
988	658
988	720
988	731
988	759
988	761
988	765
988	769
988	774
988	780
988	811
988	839
988	848
988	891
988	915
988	917
988	923
988	938
988	965
988	974
988	994
988	999
988	1000
989	21
989	27
989	32
989	69
989	71
989	159
989	249
989	272
989	290
989	326
989	329
989	395
989	417
989	419
989	449
989	478
989	529
989	548
989	568
989	584
989	596
989	604
989	624
989	647
989	658
989	665
989	667
989	722
989	747
989	751
989	752
989	762
989	832
989	838
989	868
989	905
989	910
989	959
989	962
989	966
989	973
989	982
989	993
989	994
990	4
990	39
990	56
990	90
990	113
990	121
990	172
990	264
990	332
990	340
990	482
990	505
990	606
990	611
990	615
990	617
990	664
990	672
990	682
990	705
990	726
990	741
990	746
990	797
990	799
990	811
990	826
990	842
990	859
990	881
990	893
990	896
990	897
990	911
990	919
990	930
990	941
990	945
990	950
990	953
990	982
990	985
990	987
990	997
990	998
991	77
991	103
991	139
991	231
991	246
991	248
991	307
991	317
991	358
991	428
991	476
991	477
991	503
991	510
991	535
991	579
991	605
991	644
991	647
991	668
991	670
991	688
991	695
991	709
991	725
991	742
991	794
991	824
991	826
991	844
991	865
991	866
991	875
991	882
991	883
991	885
991	889
991	900
991	903
991	916
991	927
991	938
991	951
991	964
991	969
992	31
992	88
992	100
992	102
992	113
992	170
992	223
992	236
992	244
992	248
992	296
992	408
992	433
992	438
992	453
992	494
992	504
992	520
992	574
992	575
992	583
992	600
992	613
992	619
992	628
992	657
992	711
992	871
992	880
992	893
992	921
992	932
992	935
992	939
992	940
992	941
992	948
992	951
992	966
992	968
992	977
992	983
992	993
992	995
992	1000
993	352
993	402
993	473
993	541
993	576
993	604
993	683
993	705
993	722
993	731
993	758
993	762
993	787
993	800
993	804
993	830
993	831
993	842
993	862
993	868
993	887
993	904
993	914
993	918
993	921
993	935
993	940
993	951
993	959
993	962
993	966
993	973
993	975
993	977
993	981
993	983
993	986
993	989
993	992
993	995
993	996
993	997
993	998
993	1000
994	112
994	150
994	167
994	192
994	204
994	230
994	239
994	276
994	288
994	291
994	312
994	323
994	365
994	385
994	395
994	410
994	420
994	432
994	459
994	479
994	500
994	527
994	579
994	638
994	658
994	720
994	731
994	759
994	761
994	765
994	769
994	780
994	811
994	826
994	842
994	848
994	858
994	870
994	915
994	923
994	938
994	974
994	988
994	989
994	999
995	46
995	103
995	259
995	371
995	381
995	391
995	407
995	414
995	538
995	545
995	555
995	623
995	640
995	651
995	706
995	736
995	737
995	748
995	791
995	795
995	810
995	823
995	825
995	831
995	845
995	857
995	862
995	877
995	917
995	921
995	922
995	935
995	936
995	947
995	951
995	955
995	963
995	966
995	977
995	982
995	983
995	986
995	992
995	993
995	1000
996	22
996	34
996	64
996	206
996	210
996	218
996	242
996	245
996	263
996	268
996	299
996	315
996	317
996	321
996	352
996	369
996	376
996	412
996	458
996	501
996	514
996	517
996	531
996	585
996	612
996	698
996	705
996	724
996	734
996	750
996	769
996	788
996	804
996	819
996	831
996	842
996	847
996	863
996	887
996	893
996	904
996	914
996	940
996	975
996	976
996	981
996	993
997	66
997	121
997	128
997	169
997	172
997	208
997	303
997	327
997	332
997	340
997	380
997	474
997	482
997	496
997	576
997	606
997	611
997	615
997	617
997	635
997	642
997	659
997	682
997	741
997	746
997	761
997	791
997	796
997	797
997	799
997	842
997	855
997	881
997	897
997	930
997	939
997	941
997	942
997	945
997	966
997	970
997	972
997	982
997	984
997	985
997	986
997	987
997	990
997	993
998	60
998	68
998	85
998	159
998	195
998	226
998	252
998	298
998	322
998	339
998	377
998	382
998	401
998	450
998	455
998	471
998	481
998	483
998	536
998	556
998	570
998	572
998	585
998	588
998	599
998	610
998	646
998	652
998	685
998	691
998	715
998	742
998	747
998	758
998	794
998	796
998	808
998	810
998	860
998	918
998	927
998	929
998	930
998	932
998	945
998	972
998	982
998	990
998	993
999	21
999	75
999	135
999	150
999	164
999	192
999	204
999	230
999	239
999	264
999	288
999	291
999	312
999	323
999	369
999	394
999	395
999	410
999	411
999	420
999	446
999	459
999	479
999	527
999	579
999	581
999	638
999	663
999	720
999	731
999	759
999	761
999	765
999	769
999	780
999	811
999	830
999	847
999	848
999	901
999	915
999	923
999	948
999	954
999	964
999	974
999	977
999	988
999	994
1000	33
1000	113
1000	147
1000	170
1000	181
1000	187
1000	223
1000	230
1000	236
1000	296
1000	408
1000	433
1000	438
1000	453
1000	473
1000	494
1000	496
1000	504
1000	520
1000	575
1000	578
1000	583
1000	613
1000	619
1000	628
1000	630
1000	657
1000	664
1000	742
1000	817
1000	873
1000	880
1000	905
1000	919
1000	921
1000	933
1000	935
1000	948
1000	951
1000	959
1000	961
1000	963
1000	966
1000	967
1000	977
1000	983
1000	988
1000	992
1000	993
1000	995
