1	820
1	861
1	985
1	997
2	709
2	851
2	889
2	926
3	485
3	915
3	932
3	935
4	355
4	530
4	602
4	986
5	163
5	688
5	916
5	982
6	788
6	947
6	962
6	982
7	217
7	263
7	406
7	826
8	109
8	154
8	701
8	997
9	621
9	625
9	978
9	980
10	381
10	937
10	959
10	961
11	569
11	799
11	853
11	907
12	226
12	730
12	915
12	932
13	66
13	338
13	672
13	944
14	75
14	787
14	845
14	864
15	739
15	796
15	892
15	934
16	782
16	906
16	910
16	999
17	607
17	910
17	970
17	993
18	245
18	553
18	937
18	961
19	586
19	838
19	920
19	969
20	371
20	560
20	979
20	993
21	462
21	908
21	912
21	949
22	117
22	828
22	908
22	997
23	770
23	955
23	971
23	994
24	602
24	604
24	654
24	966
25	278
25	653
25	861
25	996
26	186
26	777
26	886
26	911
27	707
27	937
27	958
27	959
28	860
28	930
28	950
28	959
29	424
29	702
29	828
29	908
30	748
30	823
30	964
30	984
31	690
31	911
31	966
31	977
32	168
32	294
32	668
32	888
33	685
33	924
33	944
33	998
34	154
34	810
34	986
34	997
35	785
35	861
35	877
35	923
36	727
36	746
36	772
36	817
37	850
37	856
37	947
37	982
38	533
38	774
38	836
38	899
39	674
39	729
39	831
39	970
40	723
40	918
40	919
40	944
41	47
41	644
41	925
41	930
42	122
42	466
42	606
42	794
43	316
43	701
43	965
43	997
44	111
44	756
44	962
44	982
45	460
45	963
45	978
45	980
46	289
46	535
46	705
46	934
47	41
47	910
47	970
47	993
48	715
48	911
48	915
48	968
49	461
49	825
49	888
49	968
50	439
50	909
50	912
50	949
51	740
51	897
51	941
51	975
52	114
52	772
52	829
52	935
53	461
53	898
53	920
53	973
54	821
54	822
54	869
54	994
55	450
55	927
55	930
55	977
56	71
56	926
56	978
56	980
57	318
57	980
57	988
57	1000
58	554
58	802
58	913
58	922
59	234
59	329
59	913
59	922
60	619
60	748
60	823
60	972
61	348
61	657
61	779
61	833
62	250
62	356
62	794
62	992
63	388
63	918
63	919
63	944
64	250
64	424
64	727
64	887
65	258
65	546
65	896
65	998
66	13
66	718
66	873
66	946
67	796
67	964
67	987
67	989
68	561
68	706
68	987
68	989
69	473
69	911
69	966
69	968
70	287
70	306
70	725
70	887
71	56
71	676
71	849
71	978
72	780
72	794
72	955
72	994
73	659
73	683
73	747
73	924
74	878
74	948
74	972
75	14
75	947
75	962
75	982
76	764
76	815
76	870
76	957
77	899
77	948
77	972
77	995
78	302
78	915
78	932
78	935
79	351
79	432
79	731
79	837
80	720
80	924
80	965
80	998
81	486
81	803
81	901
81	998
82	553
82	685
82	786
82	879
83	665
83	767
83	974
83	990
84	125
84	741
84	777
84	988
85	327
85	510
85	816
85	957
86	299
86	870
86	871
86	957
87	513
87	670
87	835
87	956
88	136
88	520
88	969
88	986
89	623
89	894
89	990
89	1000
90	469
90	853
90	907
90	999
91	776
91	783
91	813
91	879
92	360
92	571
92	957
92	974
93	290
93	627
93	956
93	984
94	780
94	910
94	928
94	990
95	474
95	897
95	933
95	975
96	358
96	691
96	784
96	829
97	738
97	936
97	995
97	999
98	525
98	812
98	933
98	941
99	325
99	365
99	858
99	993
100	206
100	324
100	756
100	974
101	502
101	694
101	705
101	945
102	927
102	942
102	977
102	984
103	518
103	647
103	883
103	952
104	804
104	861
104	976
104	997
105	896
105	963
105	978
105	980
106	805
106	931
106	977
106	984
107	211
107	510
107	957
107	992
108	847
108	859
108	948
108	972
109	8
109	576
109	889
109	926
110	302
110	783
110	801
110	908
111	44
111	737
111	936
111	952
112	258
112	379
112	792
112	975
113	870
113	871
113	882
113	958
114	52
114	815
114	964
114	989
115	453
115	843
115	952
115	961
116	725
116	942
116	977
116	984
117	22
117	286
117	783
117	908
118	305
118	949
118	957
118	979
119	180
119	964
119	965
119	987
120	129
120	694
120	918
120	965
121	468
121	745
121	840
121	882
122	42
122	682
122	771
122	794
123	787
123	833
123	845
123	864
124	596
124	656
124	914
124	996
125	84
125	402
125	873
125	997
126	759
126	876
126	970
126	993
127	503
127	820
127	861
127	939
128	906
128	918
128	919
128	944
129	120
129	726
129	877
129	921
130	587
130	682
130	840
130	968
131	204
131	713
131	978
131	980
132	586
132	695
132	923
132	981
133	527
133	879
133	968
133	995
134	238
134	917
134	969
134	973
135	899
135	937
135	961
135	984
136	88
136	308
136	577
136	891
137	786
137	941
137	975
137	985
138	345
138	604
138	780
138	994
139	667
139	918
139	919
139	944
140	167
140	262
140	661
140	809
141	772
141	889
141	929
141	979
141	984
142	839
142	892
142	905
142	976
143	260
143	596
143	674
143	996
144	963
144	971
144	978
144	980
145	390
145	797
145	949
145	998
146	253
146	871
146	892
146	957
147	841
147	900
147	918
147	977
148	266
148	949
148	955
148	993
149	173
149	743
149	786
149	966
150	801
150	885
150	962
150	982
151	804
151	944
151	950
151	964
151	984
152	257
152	426
152	460
152	926
153	201
153	797
153	801
153	998
154	8
154	34
154	666
154	810
155	650
155	884
155	889
155	985
156	448
156	726
156	948
156	972
157	710
157	948
157	953
157	972
158	398
158	843
158	937
158	959
159	895
159	967
159	981
159	991
160	745
160	953
160	961
160	968
161	367
161	457
161	899
161	917
162	593
162	918
162	919
162	944
163	5
163	447
163	598
163	952
164	599
164	947
164	962
164	982
165	175
165	736
165	951
165	987
166	549
166	665
166	767
166	970
167	140
167	692
167	788
167	942
168	32
168	521
168	696
168	892
169	337
169	919
169	944
169	996
170	920
170	926
170	961
170	980
171	669
171	879
171	943
171	952
172	547
172	841
172	900
172	969
173	149
173	887
173	969
173	978
174	544
174	717
174	805
174	999
175	165
175	843
175	899
175	950
176	809
176	942
176	978
176	998
177	525
177	765
177	830
177	968
178	762
178	916
178	962
178	999
179	254
179	495
179	771
179	966
180	119
180	444
180	896
180	996
181	486
181	741
181	752
181	998
182	539
182	742
182	854
182	904
183	823
183	840
183	939
183	983
184	342
184	699
184	784
184	995
185	662
185	928
185	992
185	993
186	26
186	447
186	614
186	886
187	897
187	918
187	919
187	944
188	681
188	790
188	904
188	989
189	367
189	952
189	972
189	987
189	999
190	619
190	909
190	912
190	949
191	587
191	840
191	955
191	968
192	785
192	877
192	923
192	999
193	847
193	943
193	948
193	972
194	465
194	732
194	861
194	980
195	333
195	646
195	683
195	924
196	893
196	964
196	965
196	989
197	909
197	912
197	913
197	949
198	456
198	464
198	625
198	981
199	429
199	660
199	739
199	888
200	313
200	639
200	829
200	995
201	153
201	726
201	948
201	972
202	863
202	878
202	929
202	946
203	404
203	745
203	911
203	968
204	131
204	448
204	852
204	978
205	336
205	381
205	676
205	835
206	100
206	894
206	954
206	988
207	299
207	743
207	884
207	926
208	749
208	781
208	878
208	946
209	605
209	907
209	936
209	999
210	516
210	772
210	817
210	980
211	107
211	721
211	722
211	957
212	326
212	598
212	805
212	828
213	303
213	443
213	924
213	949
214	523
214	817
214	849
214	917
215	543
215	595
215	925
215	970
216	290
216	817
216	973
216	999
217	7
217	229
217	506
217	754
218	304
218	761
218	927
218	930
219	379
219	385
219	618
219	752
220	870
220	903
220	965
220	987
221	343
221	350
221	813
221	879
222	789
222	844
222	896
222	996
223	315
223	787
223	845
223	864
224	606
224	681
224	994
224	995
225	699
225	884
225	889
225	926
226	12
226	866
226	914
226	971
227	275
227	870
227	892
227	902
228	347
228	720
228	924
228	998
229	217
229	537
229	795
229	896
230	767
230	882
230	935
230	999
231	287
231	903
231	987
231	989
232	924
232	930
232	947
232	988
233	573
233	675
233	907
233	936
234	59
234	495
234	682
234	774
235	326
235	941
235	943
235	963
236	718
236	951
236	964
236	965
237	657
237	733
237	779
237	894
238	134
238	794
238	959
238	972
238	999
239	844
239	957
239	967
239	999
240	515
240	620
240	761
240	930
241	890
241	906
241	936
241	999
242	676
242	869
242	928
242	959
243	633
243	833
243	924
243	934
244	706
244	836
244	987
244	989
245	18
245	937
245	950
245	968
246	581
246	780
246	978
246	980
247	274
247	842
247	941
247	975
248	348
248	872
248	978
248	980
249	275
249	690
249	816
249	882
249	911
250	62
250	64
250	356
250	495
250	985
251	343
251	366
251	835
251	958
251	986
252	326
252	428
252	943
252	952
252	986
253	146
253	727
253	772
253	817
253	826
254	179
254	438
254	787
254	845
254	864
255	462
255	566
255	639
255	646
255	808
256	827
256	875
256	915
256	932
256	935
257	152
257	364
257	552
257	916
257	924
258	65
258	112
258	754
258	795
258	896
259	637
259	714
259	800
259	938
259	954
260	143
260	419
260	654
260	878
260	946
261	479
261	614
261	698
261	770
261	886
262	140
262	791
262	909
262	912
262	949
263	7
263	401
263	402
263	718
263	873
264	750
264	790
264	917
264	993
264	998
265	446
265	576
265	882
265	979
265	999
266	148
266	928
266	963
266	980
266	987
267	567
267	832
267	884
267	889
267	945
268	316
268	629
268	659
268	953
268	973
269	458
269	690
269	951
269	987
269	989
270	647
270	738
270	798
270	819
270	967
271	821
271	907
271	960
271	967
271	981
272	566
272	755
272	814
272	969
272	973
273	274
273	798
273	933
273	975
273	993
274	247
274	273
274	609
274	928
274	975
275	227
275	249
275	419
275	492
275	956
276	879
276	951
276	964
276	987
276	989
277	399
277	492
277	561
277	627
277	879
278	25
278	553
278	591
278	887
278	922
279	632
279	847
279	928
279	948
279	972
280	960
280	963
280	967
280	981
280	991
281	933
281	940
281	976
281	986
281	988
282	892
282	957
282	960
282	981
282	991
283	422
283	798
283	950
283	981
283	991
284	921
284	928
284	970
284	975
284	993
285	355
285	408
285	727
285	772
285	817
286	117
286	598
286	909
286	912
286	949
287	70
287	231
287	748
287	759
287	823
288	648
288	735
288	874
288	949
288	976
289	46
289	602
289	710
289	853
289	905
290	93
290	216
290	561
290	627
290	981
291	644
291	758
291	880
291	927
291	930
292	308
292	466
292	884
292	889
292	926
293	422
293	527
293	587
293	830
293	922
294	32
294	772
294	874
294	925
294	988
295	663
295	674
295	676
295	972
295	996
296	375
296	460
296	751
296	889
296	926
297	918
297	919
297	944
297	960
297	997
298	875
298	915
298	932
298	935
298	951
299	86
299	207
299	947
299	962
299	982
300	568
300	583
300	623
300	665
300	767
301	454
301	531
301	669
301	916
301	952
302	78
302	110
302	734
302	783
302	908
303	213
303	672
303	776
303	838
303	873
304	218
304	885
304	947
304	962
304	982
305	118
305	379
305	752
305	971
305	998
306	70
306	434
306	840
306	893
306	968
307	345
307	459
307	675
307	718
307	873
308	136
308	292
308	603
308	672
308	929
309	541
309	840
309	894
309	897
309	911
310	643
310	659
310	924
310	997
310	998
311	410
311	734
311	913
311	922
311	945
312	580
312	588
312	970
312	979
312	993
313	200
313	647
313	784
313	907
313	995
314	691
314	725
314	834
314	837
314	887
315	223
315	879
315	933
315	975
315	985
316	43
316	268
316	666
316	810
316	997
317	321
317	449
317	543
317	990
317	995
318	57
318	751
318	796
318	913
318	995
319	813
319	918
319	919
319	920
319	944
320	443
320	860
320	932
320	979
320	984
321	317
321	421
321	449
321	790
321	961
322	574
322	928
322	979
322	983
322	990
323	457
323	522
323	814
323	917
323	973
324	100
324	637
324	800
324	938
324	966
325	99
325	821
325	895
325	953
325	981
326	212
326	235
326	252
326	630
326	908
327	85
327	589
327	722
327	871
327	957
328	691
328	714
328	757
328	899
328	938
329	59
329	820
329	886
329	991
329	999
330	530
330	890
330	909
330	912
330	949
331	691
331	963
331	971
331	978
331	980
332	583
332	882
332	911
332	968
332	992
333	195
333	895
333	899
333	960
333	967
334	459
334	808
334	822
334	971
334	994
335	396
335	533
335	565
335	925
335	965
336	205
336	429
336	513
336	565
336	939
337	169
337	855
337	942
337	977
337	984
338	13
338	398
338	459
338	873
338	998
339	535
339	706
339	791
339	801
339	881
340	692
340	754
340	760
340	788
340	809
341	575
341	678
341	791
341	961
341	973
342	184
342	828
342	878
342	922
342	961
343	221
343	251
343	429
343	490
343	513
344	621
344	875
344	915
344	932
344	935
345	138
345	307
345	895
345	914
345	955
346	427
346	662
346	698
346	862
346	886
347	228
347	501
347	927
347	938
347	972
348	61
348	248
348	664
348	730
348	978
349	481
349	543
349	836
349	860
349	961
350	221
350	776
350	813
350	879
350	934
351	79
351	607
351	803
351	837
351	953
352	921
352	935
352	970
352	992
352	993
353	695
353	771
353	960
353	967
353	981
354	737
354	795
354	943
354	952
354	986
355	4
355	285
355	509
355	604
355	966
356	62
356	250
356	869
356	959
356	985
357	384
357	900
357	937
357	963
357	984
358	96
358	784
358	829
358	995
358	996
359	382
359	690
359	746
359	962
359	982
360	92
360	658
360	940
360	957
360	974
361	843
361	898
361	920
361	969
361	973
362	515
362	916
362	943
362	952
362	1000
363	693
363	736
363	739
363	987
363	989
364	257
364	373
364	456
364	843
364	959
365	99
365	711
365	730
365	849
365	963
366	251
366	709
366	916
366	962
366	982
367	161
367	189
367	920
367	969
367	973
368	395
368	507
368	808
368	871
368	957
369	472
369	680
369	792
369	881
369	937
370	837
370	859
370	923
370	956
370	991
371	20
371	404
371	427
371	634
371	886
372	711
372	737
372	957
372	963
372	980
373	364
373	702
373	734
373	783
373	908
374	702
374	828
374	873
374	908
374	965
375	296
375	778
375	889
375	926
375	945
376	378
376	489
376	906
376	907
376	999
377	420
377	874
377	940
377	976
377	988
378	376
378	423
378	933
378	941
378	975
379	112
379	219
379	305
379	752
379	998
380	427
380	744
380	797
380	953
380	998
381	10
381	205
381	425
381	670
381	835
382	359
382	713
382	793
382	900
382	983
383	635
383	712
383	933
383	967
383	975
384	357
384	914
384	964
384	971
384	994
385	219
385	752
385	769
385	798
385	998
386	735
386	858
386	883
386	928
386	970
386	993
387	487
387	931
387	936
387	942
387	977
387	984
388	63
388	558
388	897
388	933
388	975
388	995
389	746
389	835
389	867
389	979
389	993
389	1000
390	145
390	509
390	602
390	604
390	845
390	966
391	466
391	574
391	716
391	867
391	954
391	988
392	451
392	836
392	899
392	919
392	950
392	959
393	468
393	528
393	672
393	683
393	924
393	998
394	656
394	747
394	848
394	853
394	936
394	999
395	368
395	612
395	653
395	722
395	846
395	870
396	335
396	886
396	914
396	946
396	998
396	999
397	460
397	754
397	865
397	884
397	889
397	997
398	158
398	338
398	402
398	672
398	688
398	873
399	277
399	424
399	665
399	918
399	990
399	1000
400	404
400	647
400	669
400	805
400	916
400	952
401	263
401	664
401	833
401	923
401	926
401	952
402	125
402	263
402	398
402	873
402	913
402	998
403	559
403	780
403	868
403	893
403	905
403	994
404	203
404	371
404	400
404	614
404	862
404	886
405	643
405	714
405	807
405	848
405	854
405	938
406	7
406	417
406	774
406	790
406	990
406	995
407	594
407	880
407	933
407	963
407	979
407	991
408	285
408	595
408	727
408	772
408	817
408	871
409	790
409	870
409	871
409	936
409	957
409	958
410	311
410	736
410	751
410	876
410	913
410	922
411	622
411	694
411	851
411	857
411	945
411	983
412	728
412	776
412	900
412	906
412	936
412	999
413	603
413	758
413	761
413	880
413	930
413	946
414	527
414	875
414	915
414	932
414	935
414	944
415	538
415	599
415	919
415	963
415	978
415	980
416	707
416	740
416	778
416	877
416	923
416	968
417	406
417	515
417	545
417	684
417	956
417	995
418	470
418	811
418	906
418	916
418	943
418	952
419	260
419	275
419	516
419	704
419	738
419	850
420	377
420	624
420	639
420	820
420	893
420	971
421	321
421	610
421	713
421	793
421	841
421	900
422	283
422	293
422	802
422	830
422	843
422	922
423	378
423	715
423	872
423	882
423	966
423	968
424	29
424	64
424	399
424	549
424	767
424	1000
425	381
425	617
425	620
425	719
425	811
425	851
426	152
426	502
426	902
426	954
426	976
426	988
427	346
427	371
427	380
427	698
427	854
427	862
428	252
428	918
428	919
428	944
428	990
428	997
429	199
429	336
429	343
429	526
429	640
429	986
430	609
430	799
430	906
430	907
430	910
430	999
431	883
431	900
431	921
431	969
431	979
431	993
432	79
432	453
432	564
432	601
432	750
432	968
433	713
433	841
433	860
433	900
433	939
433	992
434	306
434	840
434	911
434	968
434	983
434	991
435	662
435	704
435	766
435	929
435	946
435	998
436	448
436	794
436	904
436	923
436	985
436	991
437	858
437	874
437	902
437	937
437	940
437	976
438	254
438	735
438	839
438	878
438	891
438	946
439	50
439	469
439	618
439	810
439	913
439	997
440	660
440	898
440	919
440	920
440	969
440	974
441	487
441	738
441	758
441	838
441	852
441	927
442	479
442	804
442	820
442	861
442	995
442	997
443	213
443	320
443	809
443	962
443	989
443	991
444	180
444	517
444	830
444	844
444	896
444	924
445	496
445	637
445	898
445	957
445	969
445	974
446	265
446	482
446	662
446	676
446	961
446	982
447	163
447	186
447	812
447	941
447	975
447	995
448	156
448	204
448	436
448	682
448	771
448	794
449	317
449	321
449	681
449	863
449	865
449	995
450	55
450	508
450	761
450	880
450	930
450	952
451	392
451	552
451	781
451	856
451	917
451	969
452	633
452	703
452	880
452	924
452	927
452	930
453	115
453	432
453	603
453	850
453	929
453	988
454	301
454	519
454	652
454	670
454	817
454	835
455	506
455	642
455	844
455	896
455	904
455	996
456	198
456	364
456	575
456	819
456	967
456	991
457	161
457	323
457	759
457	845
457	856
457	920
458	269
458	524
458	628
458	741
458	791
458	999
459	307
459	334
459	338
459	672
459	718
459	873
460	45
460	152
460	296
460	397
460	884
460	926
461	49
461	53
461	690
461	745
461	882
461	968
462	21
462	255
462	831
462	890
462	914
462	994
463	748
463	759
463	823
463	896
463	983
463	994
464	198
464	609
464	730
464	768
464	963
464	978
465	194
465	732
465	820
465	824
465	861
465	912
466	42
466	292
466	391
466	495
466	771
466	794
467	490
467	825
467	950
467	959
467	961
467	995
468	121
468	393
468	683
468	924
468	951
468	998
469	90
469	439
469	618
469	810
469	941
469	997
470	418
470	565
470	610
470	769
470	916
470	943
471	599
471	875
471	915
471	932
471	935
471	999
472	369
472	857
472	937
472	950
472	961
472	990
473	69
473	752
473	797
473	825
473	900
473	972
474	95
474	781
474	891
474	907
474	946
474	996
475	825
475	897
475	964
475	965
475	987
475	989
476	875
476	900
476	915
476	922
476	932
476	935
477	591
477	766
477	860
477	950
477	959
477	1000
478	897
478	927
478	931
478	941
478	975
478	995
479	261
479	442
479	711
479	804
479	861
479	997
480	815
480	876
480	948
480	951
480	987
480	989
481	349
481	503
481	797
481	804
481	850
481	996
482	446
482	631
482	776
482	813
482	879
482	934
483	711
483	848
483	957
483	977
483	984
483	988
484	793
484	931
484	942
484	977
484	984
484	993
485	3
485	613
485	734
485	828
485	900
485	908
486	81
486	181
486	752
486	917
486	991
486	998
487	387
487	441
487	852
487	880
487	927
487	930
488	692
488	899
488	911
488	937
488	959
488	992
489	376
489	600
489	853
489	936
489	966
489	999
490	343
490	467
490	513
490	565
490	955
490	986
491	629
491	848
491	873
491	906
491	936
491	999
492	275
492	277
492	627
492	667
492	952
492	956
493	741
493	773
493	831
493	868
493	949
493	971
494	664
494	818
494	852
494	878
494	946
494	991
495	179
495	234
495	250
495	466
495	856
495	862
496	445
496	551
496	859
496	969
496	973
496	976
497	568
497	841
497	875
497	915
497	932
497	935
498	505
498	585
498	732
498	804
498	919
498	997
499	757
499	806
499	885
499	947
499	962
499	982
500	722
500	789
500	815
500	903
500	951
500	989
501	347
501	845
501	916
501	943
501	952
501	972
502	101
502	426
502	616
502	759
502	826
502	983
503	127
503	481
503	656
503	676
503	909
503	996
504	744
504	811
504	858
504	867
504	883
504	979
505	498
505	695
505	944
505	949
505	973
505	984
505	997
506	217
506	455
506	611
506	633
506	860
506	891
506	923
507	368
507	870
507	871
507	953
507	957
507	972
507	974
508	450
508	758
508	798
508	852
508	927
508	930
508	978
509	355
509	390
509	530
509	602
509	604
509	802
509	996
510	85
510	107
510	768
510	870
510	871
510	884
510	957
511	867
511	885
511	921
511	970
511	979
511	989
511	993
512	648
512	894
512	952
512	954
512	962
512	976
512	988
513	87
513	336
513	343
513	490
513	550
513	814
513	835
514	557
514	606
514	629
514	861
514	893
514	958
514	994
515	240
515	362
515	417
515	790
515	865
515	928
515	956
516	210
516	419
516	704
516	818
516	917
516	946
516	996
517	444
517	746
517	754
517	795
517	844
517	886
517	896
518	103
518	733
518	778
518	779
518	833
518	846
518	912
519	454
519	533
519	652
519	835
519	841
519	853
519	986
520	88
520	842
520	890
520	909
520	912
520	949
520	954
521	168
521	677
521	868
521	893
521	959
521	971
521	994
522	323
522	576
522	698
522	888
522	892
522	905
522	934
523	214
523	650
523	793
523	841
523	900
523	975
523	983
524	458
524	621
524	695
524	785
524	877
524	923
524	952
525	98
525	177
525	830
525	913
525	922
525	935
525	985
526	429
526	534
526	843
526	950
526	959
526	961
526	992
527	133
527	293
527	414
527	657
527	747
527	779
527	833
528	393
528	529
528	784
528	901
528	940
528	954
528	976
529	528
529	558
529	870
529	874
529	885
529	894
529	988
530	4
530	330
530	509
530	602
530	604
530	712
530	966
531	301
531	859
531	898
531	931
531	969
531	973
531	986
532	843
532	867
532	921
532	937
532	970
532	979
532	993
533	38
533	335
533	519
533	565
533	652
533	826
533	987
534	526
534	633
534	636
534	689
534	811
534	851
534	938
535	46
535	339
535	572
535	763
535	791
535	801
535	888
536	646
536	697
536	733
536	939
536	960
536	981
536	991
537	229
537	540
537	564
537	787
537	817
537	845
537	864
538	415
538	784
538	822
538	829
538	948
538	982
538	988
539	182
539	678
539	929
539	944
539	946
539	947
539	950
540	537
540	564
540	584
540	787
540	845
540	864
540	984
541	309
541	724
541	777
541	828
541	908
541	963
541	998
542	611
542	883
542	912
542	937
542	949
542	974
542	982
543	215
543	317
543	349
543	867
543	883
543	910
543	993
544	174
544	587
544	715
544	724
544	911
544	921
544	968
545	417
545	863
545	931
545	942
545	977
545	982
545	984
546	65
546	671
546	754
546	795
546	844
546	896
546	963
547	172
547	728
547	793
547	841
547	900
547	983
547	990
548	750
548	872
548	881
548	931
548	977
548	979
548	984
549	166
549	424
549	583
549	632
549	907
549	990
549	1000
550	513
550	669
550	801
550	873
550	932
550	935
550	944
551	496
551	755
551	880
551	917
551	959
551	969
551	973
552	257
552	451
552	601
552	814
552	898
552	920
552	967
553	18
553	82
553	278
553	685
553	776
553	813
553	879
554	58
554	765
554	895
554	960
554	967
554	981
554	991
555	651
555	739
555	888
555	892
555	929
555	934
555	993
556	610
556	639
556	951
556	964
556	965
556	987
556	989
557	514
557	601
557	814
557	856
557	892
557	969
557	973
558	388
558	529
558	588
558	649
558	901
558	940
558	988
559	403
559	617
559	730
559	768
559	891
559	978
559	980
560	20
560	669
560	805
560	916
560	935
560	943
560	952
561	68
561	277
561	290
561	627
561	763
561	956
561	992
562	570
562	755
562	788
562	805
562	935
562	958
562	976
563	651
563	656
563	710
563	761
563	888
563	892
563	931
564	432
564	537
564	540
564	787
564	845
564	864
564	953
565	335
565	336
565	470
565	490
565	533
565	835
565	987
566	255
566	272
566	872
566	931
566	942
566	977
566	984
567	267
567	591
567	671
567	731
567	797
567	837
567	887
568	300
568	497
568	875
568	895
568	915
568	932
568	935
569	11
569	729
569	759
569	821
569	967
569	981
569	991
570	562
570	624
570	729
570	967
570	977
570	981
570	991
571	92
571	889
571	899
571	949
571	972
571	981
571	985
572	535
572	678
572	741
572	763
572	791
572	801
572	940
573	233
573	693
573	859
573	906
573	936
573	962
573	999
574	322
574	391
574	763
574	828
574	870
574	938
574	992
575	341
575	456
575	792
575	812
575	897
575	933
575	941
576	109
576	265
576	522
576	803
576	828
576	917
576	926
577	136
577	603
577	644
577	662
577	742
577	810
577	891
578	842
578	849
578	878
578	890
578	909
578	912
578	949
579	841
579	852
579	878
579	907
579	956
579	980
579	999
580	312
580	718
580	741
580	763
580	791
580	801
580	838
581	246
581	599
581	857
581	869
581	945
581	978
581	980
582	609
582	874
582	875
582	915
582	921
582	932
582	935
583	300
583	332
583	549
583	623
583	713
583	767
583	990
584	540
584	762
584	799
584	848
584	906
584	907
584	999
585	498
585	590
585	740
585	778
585	814
585	877
585	923
586	19
586	132
586	695
586	785
586	872
586	877
586	923
586	991
587	130
587	191
587	293
587	544
587	643
587	840
587	968
587	996
588	312
588	558
588	806
588	868
588	883
588	970
588	979
588	1000
589	327
589	600
589	745
589	897
589	933
589	941
589	975
589	985
590	585
590	753
590	875
590	885
590	947
590	962
590	982
590	990
591	278
591	477
591	567
591	607
591	707
591	786
591	837
591	986
592	729
592	803
592	895
592	939
592	960
592	981
592	991
592	995
593	162
593	655
593	819
593	821
593	827
593	942
593	953
593	991
594	407
594	741
594	918
594	919
594	933
594	944
594	997
595	215
595	408
595	745
595	824
595	899
595	969
595	973
595	982
596	124
596	143
596	656
596	674
596	676
596	745
596	920
596	996
597	695
597	827
597	855
597	960
597	967
597	974
597	981
597	991
598	163
598	212
598	286
598	630
598	677
598	702
598	734
598	908
599	164
599	415
599	471
599	581
599	768
599	956
599	963
599	978
600	489
600	589
600	634
600	712
600	897
600	933
600	941
600	975
601	432
601	552
601	557
601	753
601	856
601	966
601	969
601	973
602	4
602	24
602	289
602	390
602	509
602	530
602	617
602	693
603	308
603	413
603	453
603	577
603	929
603	982
603	996
603	1000
604	24
604	138
604	355
604	390
604	509
604	530
604	902
604	966
605	209
605	661
605	760
605	788
605	809
605	822
605	870
605	998
606	42
606	224
606	514
606	689
606	831
606	971
606	992
606	994
607	17
607	351
607	591
607	637
607	743
607	786
607	887
607	963
608	719
608	901
608	902
608	925
608	951
608	976
608	988
608	992
609	274
609	430
609	464
609	582
609	875
609	915
609	932
609	935
610	421
610	470
610	556
610	617
610	805
610	943
610	952
610	986
611	506
611	542
611	894
611	901
611	925
611	940
611	965
611	988
612	395
612	721
612	789
612	951
612	960
612	964
612	965
612	989
613	485
613	688
613	807
613	875
613	879
613	952
613	959
613	991
614	186
614	261
614	404
614	698
614	777
614	881
614	886
614	911
615	744
615	797
615	821
615	866
615	958
615	998
616	502
616	894
616	901
616	925
616	940
616	948
616	954
616	976
617	425
617	559
617	602
617	610
617	792
617	913
617	943
617	984
618	219
618	439
618	469
618	701
618	726
618	810
618	937
618	997
619	60
619	190
619	621
619	694
619	759
619	832
619	945
619	958
620	240
620	425
620	679
620	689
620	719
620	811
620	851
620	971
621	9
621	344
621	524
621	619
621	740
621	778
621	877
621	923
622	411
622	694
622	728
622	748
622	782
622	823
622	956
622	983
623	89
623	300
623	583
623	665
623	767
623	891
623	974
623	1000
624	420
624	570
624	764
624	769
624	773
624	784
624	822
624	994
625	9
625	198
625	691
625	849
625	857
625	963
625	978
625	990
626	708
626	797
626	826
626	951
626	964
626	965
626	987
626	989
627	93
627	277
627	290
627	492
627	561
627	640
627	889
627	956
628	458
628	696
628	719
628	741
628	763
628	791
628	801
628	922
629	268
629	491
629	514
629	687
629	869
629	971
629	994
629	997
630	326
630	598
630	694
630	702
630	705
630	734
630	783
630	908
631	482
631	645
631	685
631	776
631	813
631	879
631	887
631	904
632	279
632	549
632	721
632	874
632	947
632	948
632	972
632	995
633	243
633	452
633	506
633	534
633	636
633	638
633	811
633	851
634	371
634	600
634	698
634	777
634	857
634	876
634	886
634	948
635	383
635	673
635	827
635	939
635	960
635	967
635	980
635	981
636	534
636	633
636	638
636	689
636	729
636	811
636	851
636	894
637	259
637	324
637	445
637	607
637	663
637	756
637	800
637	1000
638	633
638	636
638	679
638	811
638	835
638	851
638	953
638	978
639	200
639	255
639	420
639	556
639	909
639	914
639	955
639	994
640	429
640	627
640	652
640	670
640	835
640	840
640	927
640	986
641	674
641	918
641	919
641	938
641	944
641	953
641	983
641	997
642	455
642	754
642	795
642	844
642	896
642	901
642	993
642	996
643	310
643	405
643	587
643	663
643	807
643	938
643	952
643	974
644	41
644	291
644	577
644	645
644	697
644	717
644	852
644	927
644	930
645	631
645	644
645	885
645	947
645	962
645	982
645	990
645	996
645	1000
646	195
646	255
646	536
646	798
646	827
646	895
646	960
646	981
646	991
647	103
647	270
647	313
647	400
647	699
647	784
647	829
647	909
647	995
648	288
648	512
648	652
648	724
648	925
648	954
648	976
648	985
648	988
649	558
649	894
649	901
649	902
649	937
649	954
649	984
649	988
649	998
650	155
650	523
650	677
650	710
650	834
650	884
650	889
650	926
650	945
651	555
651	563
651	710
651	752
651	839
651	884
651	892
651	905
651	999
652	454
652	519
652	533
652	640
652	648
652	670
652	735
652	826
652	986
653	25
653	395
653	805
653	832
653	884
653	920
653	923
653	943
653	945
654	24
654	260
654	678
654	709
654	850
654	891
654	929
654	946
654	996
655	593
655	696
655	809
655	895
655	912
655	916
655	960
655	981
655	991
656	124
656	394
656	503
656	563
656	596
656	674
656	676
656	817
656	996
657	61
657	237
657	527
657	716
657	733
657	747
657	833
657	878
657	904
658	360
658	747
658	756
658	779
658	853
658	972
658	976
658	982
658	999
659	73
659	268
659	310
659	720
659	740
659	817
659	924
659	985
659	998
660	199
660	440
660	696
660	710
660	739
660	905
660	929
660	934
660	986
661	140
661	605
661	692
661	760
661	788
661	809
661	932
661	941
661	998
662	185
662	346
662	435
662	446
662	577
662	678
662	818
662	929
662	983
663	295
663	637
663	643
663	700
663	757
663	800
663	898
663	938
663	974
664	348
664	401
664	494
664	781
664	849
664	854
664	929
664	946
664	979
665	83
665	166
665	300
665	399
665	623
665	837
665	874
665	990
665	1000
666	154
666	316
666	701
666	755
666	810
666	865
666	958
666	975
666	997
667	139
667	492
667	902
667	909
667	925
667	940
667	954
667	976
667	988
668	32
668	762
668	824
668	862
668	888
668	893
668	905
668	934
668	966
669	171
669	301
669	400
669	550
669	560
669	792
669	805
669	943
669	952
670	87
670	381
670	454
670	640
670	652
670	905
670	939
670	988
670	992
671	546
671	567
671	725
671	731
671	743
671	786
671	837
671	887
671	956
672	13
672	303
672	308
672	393
672	398
672	459
672	718
672	873
672	890
673	635
673	696
673	812
673	898
673	916
673	960
673	967
673	981
673	991
674	39
674	143
674	295
674	596
674	641
674	656
674	715
674	994
674	996
675	233
675	307
675	863
675	881
675	931
675	942
675	977
675	984
675	998
676	71
676	205
676	242
676	295
676	446
676	503
676	596
676	656
676	996
677	521
677	598
677	650
677	751
677	765
677	796
677	830
677	913
677	985
678	341
678	539
678	572
678	654
678	662
678	854
678	878
678	929
678	993
679	620
679	638
679	719
679	784
679	809
679	811
679	851
679	857
679	982
680	369
680	795
680	825
680	834
680	843
680	860
680	899
680	959
680	961
681	188
681	224
681	449
681	789
681	790
681	865
681	887
681	956
681	995
682	122
682	130
682	234
682	448
682	771
682	794
682	868
682	898
682	985
683	73
683	195
683	393
683	468
683	720
683	832
683	833
683	843
683	924
684	417
684	902
684	903
684	921
684	951
684	964
684	965
684	987
684	989
685	33
685	82
685	553
685	631
685	711
685	764
685	776
685	813
685	879
686	766
686	825
686	836
686	865
686	899
686	905
686	937
686	945
686	959
687	629
687	822
687	914
687	971
687	975
687	986
687	992
687	994
687	999
688	5
688	398
688	613
688	737
688	901
688	902
688	916
688	943
688	952
689	534
689	606
689	620
689	636
689	719
689	811
689	851
689	857
689	913
689	945
690	31
690	249
690	269
690	359
690	461
690	745
690	840
690	864
690	911
690	968
691	96
691	314
691	328
691	331
691	625
691	768
691	849
691	963
691	978
691	980
692	167
692	340
692	488
692	661
692	760
692	778
692	788
692	809
692	974
692	998
693	363
693	573
693	602
693	697
693	749
693	951
693	964
693	965
693	987
693	989
694	101
694	120
694	411
694	619
694	622
694	630
694	748
694	759
694	832
694	943
695	132
695	353
695	505
695	524
695	586
695	597
695	778
695	785
695	877
695	923
696	168
696	628
696	655
696	660
696	673
696	827
696	960
696	967
696	981
696	991
697	536
697	644
697	693
697	703
697	730
697	761
697	852
697	880
697	927
697	930
698	261
698	346
698	427
698	522
698	614
698	634
698	777
698	886
698	948
698	985
699	184
699	225
699	647
699	738
699	750
699	784
699	829
699	922
699	995
699	999
700	663
700	855
700	872
700	881
700	931
700	942
700	955
700	963
700	977
700	984
701	8
701	43
701	618
701	666
701	710
701	810
701	865
701	880
701	925
701	997
702	29
702	373
702	374
702	598
702	630
702	730
702	783
702	828
702	947
702	957
703	452
703	697
703	852
703	857
703	880
703	925
703	927
703	930
703	951
703	975
704	419
704	435
704	516
704	742
704	781
704	891
704	929
704	951
704	954
704	981
705	46
705	101
705	630
705	739
705	762
705	839
705	892
705	905
705	934
705	983
706	68
706	244
706	339
706	852
706	903
706	938
706	951
706	965
706	987
706	989
707	27
707	416
707	591
707	734
707	787
707	864
707	944
707	950
707	993
707	1000
708	626
708	749
708	775
708	803
708	961
708	964
708	965
708	973
708	987
708	989
709	2
709	366
709	654
709	885
709	947
709	962
709	966
709	982
709	990
709	1000
710	157
710	289
710	563
710	650
710	651
710	660
710	701
710	839
710	888
710	934
711	365
711	372
711	479
711	483
711	685
711	849
711	922
711	963
711	978
711	980
712	383
712	530
712	600
712	766
712	792
712	897
712	933
712	975
712	986
712	995
713	131
713	382
713	421
713	433
713	583
713	731
713	793
713	841
713	900
713	983
714	259
714	328
714	405
714	807
714	862
714	932
714	938
714	985
714	999
714	1000
715	48
715	423
715	544
715	674
715	840
715	882
715	913
715	953
715	954
715	968
716	391
716	657
716	747
716	894
716	902
716	925
716	940
716	970
716	988
716	992
717	174
717	644
717	726
717	847
717	932
717	948
717	953
717	972
717	990
717	995
718	66
718	236
718	263
718	307
718	459
718	580
718	672
718	838
718	873
718	887
719	425
719	608
719	620
719	628
719	679
719	689
719	811
719	851
719	857
719	877
720	80
720	228
720	659
720	683
720	832
720	924
720	926
720	934
720	980
720	998
721	211
721	612
721	632
721	847
721	948
721	953
721	967
721	972
721	990
721	995
722	211
722	327
722	395
722	500
722	735
722	808
722	870
722	957
722	958
722	974
723	40
723	801
723	855
723	872
723	881
723	931
723	942
723	966
723	977
723	984
724	541
724	544
724	648
724	874
724	901
724	902
724	954
724	976
724	988
724	993
725	70
725	116
725	314
725	671
725	731
725	786
725	824
725	837
725	887
725	971
726	129
726	156
726	201
726	618
726	717
726	812
726	847
726	948
726	972
726	990
727	36
727	64
727	253
727	285
727	408
727	737
727	772
727	817
727	862
727	983
728	412
728	547
728	622
728	774
728	782
728	848
728	906
728	907
728	936
728	999
729	39
729	569
729	570
729	592
729	636
729	755
729	865
729	895
729	981
729	991
730	12
730	348
730	365
730	464
730	559
730	697
730	702
730	849
730	963
730	978
730	980
731	79
731	567
731	671
731	713
731	725
731	743
731	786
731	832
731	837
731	873
731	887
732	194
732	465
732	498
732	802
732	804
732	820
732	861
732	916
732	939
732	996
732	997
733	237
733	518
733	536
733	657
733	747
733	779
733	833
733	874
733	904
733	982
733	985
734	302
734	311
734	373
734	485
734	598
734	630
734	707
734	783
734	807
734	828
734	908
735	288
735	386
735	438
735	652
735	722
735	781
735	850
735	854
735	878
735	891
735	996
736	165
736	363
736	410
736	749
736	807
736	864
736	903
736	964
736	965
736	987
736	989
737	111
737	354
737	372
737	688
737	727
737	805
737	916
737	943
737	945
737	960
737	986
738	97
738	270
738	419
738	441
738	699
738	782
738	829
738	856
738	860
738	941
738	975
739	15
739	199
739	363
739	555
739	660
739	705
739	770
739	832
739	883
739	932
739	986
740	51
740	416
740	585
740	621
740	659
740	746
740	778
740	785
740	877
740	923
740	942
741	84
741	181
741	458
741	493
741	572
741	580
741	594
741	628
741	763
741	791
741	801
742	182
742	577
742	704
742	781
742	818
742	854
742	858
742	878
742	904
742	946
742	965
743	149
743	207
743	607
743	671
743	731
743	786
743	837
743	887
743	903
743	962
743	965
744	380
744	504
744	615
744	748
744	797
744	805
744	933
744	998
745	121
745	160
745	203
745	461
745	589
745	595
745	596
745	690
745	909
745	911
745	968
746	36
746	359
746	389
746	517
746	740
746	885
746	947
746	962
746	982
746	996
746	1000
747	73
747	394
747	527
747	657
747	658
747	716
747	733
747	779
747	833
747	890
747	904
748	30
748	60
748	287
748	463
748	622
748	694
748	744
748	936
748	958
748	966
748	983
749	208
749	693
749	708
749	736
749	806
749	908
749	951
749	964
749	965
749	987
749	989
750	264
750	432
750	548
750	699
750	795
750	848
750	865
750	887
750	916
750	934
750	943
751	296
751	318
751	410
751	677
751	765
751	796
751	830
751	922
751	934
751	974
751	994
752	181
752	219
752	305
752	379
752	385
752	473
752	486
752	651
752	803
752	971
752	998
753	590
753	601
753	846
753	885
753	947
753	962
753	982
753	986
753	990
753	996
753	1000
754	217
754	258
754	340
754	397
754	517
754	546
754	642
754	844
754	896
754	985
754	996
755	272
755	551
755	562
755	666
755	729
755	789
755	814
755	898
755	957
755	969
755	973
756	44
756	100
756	637
756	658
756	757
756	807
756	862
756	921
756	938
756	966
756	1000
757	328
757	499
757	663
757	756
757	800
757	938
757	966
757	974
757	986
757	993
757	1000
758	291
758	413
758	441
758	508
758	821
758	852
758	880
758	927
758	930
758	943
758	987
759	126
759	287
759	457
759	463
759	502
759	569
759	619
759	694
759	823
759	945
759	957
760	340
760	605
760	661
760	692
760	788
760	809
760	834
760	913
760	940
760	961
760	998
761	218
761	240
761	413
761	450
761	563
761	697
761	880
761	917
761	927
761	931
761	955
762	178
762	584
762	668
762	705
762	803
762	865
762	892
762	905
762	934
762	956
762	989
763	535
763	561
763	572
763	574
763	580
763	628
763	741
763	791
763	801
763	911
763	921
764	76
764	624
764	685
764	831
764	866
764	869
764	906
764	914
764	946
764	955
764	971
764	994
765	177
765	554
765	677
765	751
765	796
765	802
765	832
765	913
765	922
765	931
765	945
765	985
766	435
766	477
766	686
766	712
766	825
766	860
766	937
766	950
766	959
766	961
766	975
766	978
767	83
767	166
767	230
767	300
767	424
767	583
767	623
767	937
767	961
767	968
767	990
767	1000
768	464
768	510
768	559
768	599
768	691
768	849
768	956
768	969
768	973
768	978
768	980
768	991
769	385
769	470
769	624
769	808
769	822
769	893
769	914
769	955
769	971
769	976
769	992
769	994
770	23
770	261
770	739
770	797
770	839
770	886
770	905
770	919
770	925
770	953
770	976
770	998
771	122
771	179
771	353
771	448
771	466
771	682
771	774
771	794
771	904
771	943
771	985
771	987
772	36
772	52
772	141
772	210
772	253
772	285
772	294
772	408
772	727
772	817
772	826
772	901
773	493
773	624
773	831
773	877
773	893
773	955
773	958
773	959
773	960
773	971
773	992
773	994
774	38
774	234
774	406
774	728
774	771
774	800
774	822
774	871
774	888
774	934
774	938
774	950
775	708
775	789
775	815
775	825
775	903
775	951
775	964
775	965
775	979
775	987
775	989
775	996
776	91
776	303
776	350
776	412
776	482
776	553
776	631
776	685
776	813
776	879
776	883
776	904
777	26
777	84
777	541
777	614
777	634
777	698
777	857
777	876
777	886
777	931
777	977
777	991
778	375
778	416
778	518
778	585
778	621
778	692
778	695
778	740
778	785
778	789
778	877
778	923
779	61
779	237
779	518
779	527
779	658
779	733
779	747
779	833
779	839
779	846
779	901
779	977
780	72
780	94
780	138
780	246
780	403
780	808
780	866
780	868
780	876
780	955
780	971
780	984
781	208
781	451
781	474
781	664
781	704
781	735
781	742
781	819
781	854
781	889
781	946
781	953
781	958
782	16
782	622
782	728
782	738
782	799
782	853
782	907
782	909
782	925
782	936
782	966
782	999
782	1000
783	91
783	110
783	117
783	302
783	373
783	630
783	702
783	734
783	823
783	828
783	908
783	974
783	999
784	96
784	184
784	313
784	358
784	528
784	538
784	624
784	647
784	679
784	699
784	829
784	947
784	995
785	35
785	192
785	524
785	586
785	695
785	740
785	778
785	847
785	877
785	882
785	923
785	935
785	976
786	82
786	137
786	149
786	591
786	607
786	671
786	725
786	731
786	743
786	790
786	827
786	837
786	887
787	14
787	123
787	223
787	254
787	537
787	540
787	564
787	707
787	845
787	864
787	905
787	937
787	998
788	6
788	167
788	340
788	562
788	605
788	661
788	692
788	760
788	809
788	811
788	967
788	979
788	998
789	222
789	500
789	612
789	681
789	755
789	775
789	778
789	859
789	903
789	951
789	964
789	965
789	987
790	188
790	264
790	321
790	406
790	409
790	515
790	681
790	786
790	866
790	904
790	956
790	990
790	995
791	262
791	339
791	341
791	458
791	535
791	572
791	580
791	628
791	741
791	763
791	801
791	810
791	994
792	112
792	369
792	575
792	617
792	669
792	712
792	812
792	846
792	897
792	923
792	933
792	941
792	975
793	382
793	421
793	484
793	523
793	547
793	713
793	841
793	877
793	900
793	918
793	939
793	983
793	999
794	42
794	62
794	72
794	122
794	238
794	436
794	448
794	466
794	682
794	771
794	902
794	906
794	985
795	229
795	258
795	354
795	517
795	546
795	642
795	680
795	750
795	844
795	896
795	924
795	950
795	996
796	15
796	67
796	318
796	677
796	751
796	765
796	802
796	820
796	830
796	913
796	922
796	928
796	985
797	145
797	153
797	380
797	473
797	481
797	567
797	615
797	626
797	744
797	770
797	964
797	974
797	998
798	270
798	273
798	283
798	385
798	508
798	646
798	819
798	821
798	895
798	960
798	974
798	981
798	991
799	11
799	430
799	584
799	782
799	848
799	853
799	897
799	905
799	906
799	907
799	936
799	992
799	999
800	259
800	324
800	637
800	663
800	757
800	774
800	807
800	851
800	902
800	903
800	938
800	960
800	1000
801	110
801	150
801	153
801	339
801	535
801	550
801	572
801	580
801	628
801	723
801	741
801	763
801	791
802	58
802	422
802	509
802	732
802	765
802	796
802	830
802	861
802	913
802	922
802	956
802	973
802	985
803	81
803	351
803	576
803	592
803	708
803	752
803	762
803	849
803	892
803	907
803	934
803	938
803	980
803	998
804	104
804	151
804	442
804	479
804	481
804	498
804	732
804	820
804	855
804	856
804	910
804	926
804	939
804	997
805	106
805	174
805	212
805	400
805	560
805	562
805	610
805	653
805	669
805	737
805	744
805	916
805	943
805	952
806	499
806	588
806	749
806	842
806	890
806	909
806	912
806	949
806	980
807	405
807	613
807	643
807	714
807	734
807	736
807	756
807	800
807	838
807	938
807	966
807	974
807	978
807	1000
808	255
808	334
808	368
808	722
808	769
808	780
808	822
808	866
808	893
808	914
808	941
808	948
808	971
808	994
809	140
809	176
809	340
809	443
809	605
809	655
809	661
809	679
809	692
809	760
809	788
809	876
809	878
809	998
810	34
810	154
810	316
810	439
810	469
810	577
810	618
810	666
810	701
810	791
810	833
810	836
810	865
810	1000
811	418
811	425
811	504
811	534
811	620
811	633
811	636
811	638
811	679
811	689
811	719
811	788
811	851
811	965
812	98
812	447
812	575
812	673
812	726
812	792
812	897
812	933
812	941
812	975
812	985
812	991
812	995
812	996
813	91
813	221
813	319
813	350
813	482
813	553
813	631
813	685
813	776
813	879
813	904
813	929
813	931
813	986
814	272
814	323
814	513
814	552
814	557
814	585
814	755
814	917
814	926
814	943
814	956
814	969
814	970
814	973
815	76
815	114
815	480
815	500
815	775
815	866
815	903
815	951
815	964
815	965
815	971
815	983
815	987
815	989
816	85
816	249
816	855
816	863
816	872
816	881
816	931
816	942
816	977
816	983
816	984
816	994
817	36
817	210
817	214
817	216
817	253
817	285
817	408
817	454
817	537
817	656
817	659
817	727
817	772
817	826
818	494
818	516
818	662
818	742
818	854
818	878
818	891
818	929
818	935
818	946
818	958
818	981
818	989
818	993
819	270
819	456
819	593
819	781
819	798
819	821
819	827
819	830
819	895
819	923
819	927
819	967
819	981
819	991
820	1
820	127
820	329
820	420
820	442
820	465
820	732
820	796
820	804
820	861
820	876
820	939
820	997
820	1000
821	54
821	271
821	325
821	569
821	593
821	615
821	758
821	798
821	819
821	953
821	960
821	967
821	969
821	991
822	54
822	334
822	538
822	605
822	624
822	687
822	769
822	774
822	808
822	893
822	955
822	971
822	985
822	994
823	30
823	60
823	183
823	287
823	463
823	622
823	759
823	783
823	831
823	847
823	851
823	945
823	958
823	983
824	465
824	595
824	668
824	725
824	839
824	877
824	898
824	911
824	917
824	923
824	934
824	947
824	968
824	982
825	49
825	467
825	473
825	475
825	680
825	686
825	766
825	775
825	868
825	899
825	950
825	959
825	961
825	968
826	7
826	253
826	502
826	533
826	626
826	652
826	772
826	817
826	904
826	914
826	928
826	938
826	958
826	979
827	256
827	593
827	597
827	635
827	646
827	696
827	786
827	819
827	949
827	960
827	964
827	967
827	974
827	991
828	22
828	29
828	212
828	342
828	374
828	485
828	541
828	574
828	576
828	702
828	734
828	783
828	908
828	987
829	52
829	96
829	200
829	358
829	538
829	647
829	699
829	738
829	784
829	856
829	926
829	976
829	989
829	995
830	177
830	293
830	422
830	444
830	525
830	677
830	751
830	796
830	802
830	819
830	906
830	913
830	922
830	975
830	996
831	39
831	462
831	493
831	606
831	764
831	773
831	823
831	864
831	869
831	893
831	915
831	945
831	955
831	971
831	994
832	267
832	619
832	653
832	683
832	694
832	720
832	731
832	739
832	765
832	924
832	942
832	955
832	977
832	984
832	994
833	61
833	123
833	243
833	401
833	518
833	527
833	657
833	683
833	733
833	747
833	779
833	810
833	846
833	904
833	910
834	314
834	650
834	680
834	760
834	883
834	884
834	891
834	903
834	909
834	926
834	949
834	970
834	989
834	993
834	998
835	87
835	205
835	251
835	381
835	389
835	454
835	513
835	519
835	565
835	638
835	640
835	928
835	939
835	986
835	988
836	38
836	244
836	349
836	392
836	686
836	810
836	861
836	899
836	937
836	950
836	954
836	959
836	961
836	992
836	997
837	79
837	314
837	351
837	370
837	567
837	591
837	665
837	671
837	725
837	731
837	743
837	786
837	887
837	903
837	976
838	19
838	303
838	441
838	580
838	718
838	807
838	873
838	917
838	948
838	970
838	972
838	973
838	979
838	984
838	993
839	142
839	438
839	651
839	705
839	710
839	770
839	779
839	824
839	888
839	905
839	934
839	940
839	954
839	956
839	986
840	121
840	130
840	183
840	191
840	306
840	309
840	434
840	587
840	640
840	690
840	715
840	850
840	856
840	882
840	920
841	147
841	172
841	421
841	433
841	497
841	519
841	523
841	547
841	579
841	713
841	793
841	878
841	900
841	939
841	983
842	247
842	520
842	578
842	806
842	890
842	892
842	909
842	912
842	922
842	949
842	975
843	115
843	158
843	175
843	361
843	364
843	422
843	526
843	532
843	680
843	683
843	899
843	937
843	950
843	959
843	961
844	222
844	239
844	444
844	455
844	517
844	546
844	642
844	754
844	795
844	896
844	903
844	904
844	929
844	973
844	996
845	14
845	123
845	223
845	254
845	390
845	457
845	501
845	537
845	540
845	564
845	787
845	846
845	848
845	864
845	942
846	395
846	518
846	753
846	779
846	792
846	833
846	845
846	864
846	933
846	946
846	957
846	960
846	974
846	975
846	999
847	108
847	193
847	279
847	717
847	721
847	726
847	785
847	823
847	861
847	941
847	948
847	972
847	990
847	995
847	996
848	394
848	405
848	483
848	491
848	584
848	728
848	750
848	799
848	845
848	853
848	906
848	907
848	936
848	966
848	999
849	71
849	214
849	365
849	578
849	625
849	664
849	691
849	711
849	730
849	768
849	803
849	963
849	978
849	980
849	983
850	37
850	419
850	453
850	481
850	654
850	735
850	840
850	859
850	891
850	944
850	946
850	958
850	983
850	987
850	996
851	2
851	411
851	425
851	534
851	620
851	633
851	636
851	638
851	679
851	689
851	719
851	800
851	811
851	823
851	977
852	204
852	441
852	487
852	494
852	508
852	579
852	644
852	697
852	703
852	706
852	758
852	857
852	880
852	927
852	930
852	971
853	11
853	90
853	289
853	394
853	489
853	519
853	658
853	782
853	799
853	848
853	907
853	936
853	953
853	983
853	994
853	999
854	182
854	405
854	427
854	664
854	678
854	735
854	742
854	781
854	818
854	878
854	929
854	946
854	956
854	970
854	985
854	996
855	337
855	597
855	700
855	723
855	804
855	816
855	863
855	872
855	881
855	931
855	939
855	942
855	964
855	977
855	984
855	988
856	37
856	451
856	457
856	495
856	557
856	601
856	738
856	804
856	829
856	840
856	898
856	920
856	969
856	973
856	974
856	997
857	411
857	472
857	581
857	625
857	634
857	679
857	689
857	703
857	719
857	777
857	852
857	886
857	927
857	933
857	942
857	963
858	99
858	386
858	437
858	504
858	742
858	871
858	876
858	882
858	910
858	928
858	970
858	979
858	983
858	990
858	992
858	993
859	108
859	370
859	496
859	531
859	573
859	789
859	850
859	929
859	936
859	978
859	982
859	983
859	985
859	989
859	992
859	999
860	28
860	320
860	349
860	433
860	477
860	506
860	680
860	738
860	766
860	935
860	937
860	950
860	959
860	961
860	974
860	992
861	1
861	25
861	35
861	104
861	127
861	194
861	442
861	465
861	479
861	514
861	732
861	802
861	820
861	836
861	847
861	939
862	346
862	404
862	427
862	495
862	668
862	714
862	727
862	756
862	909
862	912
862	914
862	938
862	949
862	954
862	976
862	988
863	202
863	449
863	545
863	675
863	816
863	855
863	872
863	881
863	888
863	931
863	942
863	947
863	948
863	977
863	984
864	14
864	123
864	223
864	254
864	537
864	540
864	564
864	690
864	707
864	736
864	787
864	831
864	845
864	846
864	911
864	992
865	397
865	449
865	515
865	666
865	681
865	686
865	701
865	729
865	750
865	762
865	810
865	884
865	888
865	895
865	924
865	926
865	973
866	226
866	615
866	764
866	780
866	790
866	808
866	815
866	869
866	893
866	906
866	914
866	955
866	958
866	971
866	992
866	994
866	997
867	389
867	391
867	504
867	511
867	532
867	543
867	881
867	883
867	921
867	928
867	932
867	934
867	970
867	982
867	992
867	993
867	997
868	403
868	493
868	521
868	588
868	682
868	780
868	825
868	869
868	893
868	914
868	935
868	947
868	955
868	958
868	971
868	992
868	994
869	54
869	242
869	356
869	581
869	629
869	764
869	831
869	866
869	868
869	893
869	914
869	921
869	949
869	950
869	955
869	971
869	994
870	76
870	86
870	113
870	220
870	227
870	395
870	409
870	507
870	510
870	529
870	574
870	605
870	722
870	871
870	873
870	950
870	957
870	958
871	86
871	113
871	146
871	327
871	368
871	408
871	409
871	507
871	510
871	774
871	858
871	870
871	923
871	936
871	949
871	957
871	958
871	974
872	248
872	423
872	548
872	566
872	586
872	700
872	723
872	816
872	855
872	863
872	876
872	881
872	896
872	931
872	942
872	977
872	984
872	1000
873	66
873	125
873	263
873	303
873	307
873	338
873	374
873	398
873	402
873	459
873	491
873	550
873	672
873	718
873	731
873	838
873	870
873	974
874	288
874	294
874	377
874	437
874	529
874	582
874	632
874	665
874	724
874	733
874	902
874	925
874	940
874	954
874	968
874	976
874	988
874	992
875	256
875	298
875	344
875	414
875	471
875	476
875	497
875	568
875	582
875	590
875	609
875	613
875	893
875	896
875	915
875	932
875	935
875	992
876	126
876	410
876	480
876	634
876	777
876	780
876	809
876	820
876	858
876	872
876	886
876	910
876	913
876	922
876	946
876	962
876	970
876	971
876	994
877	35
877	129
877	192
877	416
877	524
877	585
877	586
877	621
877	695
877	719
877	740
877	773
877	778
877	785
877	793
877	824
877	919
877	923
877	957
878	74
878	202
878	208
878	260
878	342
878	438
878	494
878	578
878	579
878	657
878	678
878	735
878	742
878	809
878	818
878	841
878	854
878	891
878	929
879	82
879	91
879	133
879	171
879	221
879	276
879	277
879	315
879	350
879	482
879	553
879	613
879	631
879	685
879	776
879	813
879	904
879	991
879	995
880	291
880	407
880	413
880	450
880	452
880	487
880	551
880	697
880	701
880	703
880	758
880	761
880	852
880	884
880	911
880	927
880	930
880	972
880	984
881	339
881	369
881	548
881	614
881	675
881	700
881	723
881	816
881	855
881	863
881	867
881	872
881	914
881	931
881	939
881	942
881	977
881	984
881	999
882	113
882	121
882	230
882	249
882	265
882	332
882	423
882	461
882	715
882	785
882	840
882	858
882	911
882	950
882	953
882	966
882	968
882	980
882	990
883	103
883	386
883	431
883	504
883	542
883	543
883	588
883	739
883	776
883	834
883	867
883	898
883	910
883	921
883	928
883	946
883	970
883	979
883	993
884	155
884	207
884	225
884	267
884	292
884	397
884	460
884	510
884	650
884	651
884	653
884	834
884	865
884	880
884	889
884	926
884	940
884	983
884	989
885	150
885	304
885	499
885	511
885	529
885	590
885	645
885	709
885	746
885	753
885	908
885	947
885	956
885	962
885	982
885	990
885	996
885	998
885	1000
886	26
886	186
886	261
886	329
886	346
886	371
886	396
886	404
886	517
886	614
886	634
886	698
886	770
886	777
886	857
886	876
886	957
886	958
886	966
887	64
887	70
887	173
887	278
887	314
887	567
887	607
887	631
887	671
887	681
887	718
887	725
887	731
887	743
887	750
887	786
887	837
887	967
887	990
888	32
888	49
888	199
888	522
888	535
888	555
888	563
888	668
888	710
888	774
888	839
888	863
888	865
888	892
888	905
888	934
888	961
888	965
888	972
888	986
889	2
889	109
889	141
889	155
889	225
889	267
889	292
889	296
889	375
889	397
889	571
889	627
889	650
889	781
889	884
889	926
889	978
889	982
889	992
889	1000
890	241
890	330
890	462
890	520
890	578
890	672
890	747
890	806
890	842
890	909
890	912
890	930
890	932
890	949
891	136
891	438
891	474
891	506
891	559
891	577
891	623
891	654
891	704
891	735
891	818
891	834
891	850
891	878
891	916
891	922
891	929
891	944
891	946
891	983
892	15
892	142
892	146
892	168
892	227
892	282
892	522
892	555
892	557
892	563
892	651
892	705
892	762
892	803
892	842
892	888
892	905
892	969
892	973
892	986
893	196
893	306
893	403
893	420
893	514
893	521
893	668
893	769
893	773
893	808
893	822
893	831
893	866
893	868
893	869
893	875
893	903
893	955
893	987
893	994
894	89
894	206
894	237
894	309
894	512
894	529
894	611
894	616
894	636
894	649
894	716
894	897
894	901
894	902
894	925
894	940
894	954
894	976
894	982
894	988
895	159
895	325
895	333
895	345
895	554
895	568
895	592
895	646
895	655
895	729
895	798
895	819
895	865
895	907
895	946
895	960
895	967
895	981
895	991
895	997
896	65
896	105
896	180
896	222
896	229
896	258
896	444
896	455
896	463
896	517
896	546
896	642
896	754
896	795
896	844
896	872
896	875
896	945
896	967
896	982
896	996
897	51
897	95
897	187
897	309
897	388
897	475
897	478
897	575
897	589
897	600
897	712
897	792
897	799
897	812
897	894
897	933
897	941
897	975
897	985
897	995
897	998
898	53
898	361
898	440
898	445
898	531
898	552
898	663
898	673
898	682
898	755
898	824
898	856
898	883
898	917
898	920
898	966
898	969
898	973
898	985
898	986
898	997
899	38
899	77
899	135
899	161
899	175
899	328
899	333
899	392
899	488
899	571
899	595
899	680
899	686
899	825
899	836
899	843
899	918
899	938
899	950
899	959
899	961
900	147
900	172
900	357
900	382
900	412
900	421
900	431
900	433
900	473
900	476
900	485
900	523
900	547
900	713
900	793
900	841
900	939
900	955
900	983
900	993
900	998
901	81
901	528
901	558
901	608
901	611
901	616
901	642
901	649
901	688
901	724
901	772
901	779
901	894
901	902
901	920
901	925
901	940
901	945
901	954
901	976
901	988
902	227
902	426
902	437
902	604
902	608
902	649
902	667
902	684
902	688
902	716
902	724
902	794
902	800
902	874
902	894
902	901
902	925
902	940
902	954
902	976
902	988
903	220
903	231
903	500
903	684
903	706
903	736
903	743
903	775
903	789
903	800
903	815
903	834
903	837
903	844
903	893
903	914
903	951
903	964
903	965
903	987
903	989
904	182
904	188
904	436
904	455
904	631
904	657
904	733
904	742
904	747
904	771
904	776
904	790
904	813
904	826
904	833
904	844
904	879
904	915
904	940
904	985
904	995
905	142
905	289
905	403
905	522
905	651
905	660
905	668
905	670
905	686
905	705
905	762
905	770
905	787
905	799
905	839
905	888
905	892
905	934
905	961
905	970
905	986
906	16
906	128
906	241
906	376
906	412
906	418
906	430
906	491
906	573
906	584
906	728
906	764
906	794
906	799
906	830
906	848
906	866
906	907
906	936
906	950
906	966
906	999
907	11
907	90
907	209
907	233
907	271
907	313
907	376
907	430
907	474
907	549
907	579
907	584
907	728
907	782
907	799
907	803
907	848
907	853
907	895
907	906
907	936
907	999
908	21
908	22
908	29
908	110
908	117
908	302
908	326
908	373
908	374
908	485
908	541
908	598
908	630
908	734
908	749
908	783
908	828
908	885
908	954
908	958
908	986
908	996
909	50
909	190
909	197
909	262
909	286
909	330
909	503
909	520
909	578
909	639
909	647
909	667
909	745
909	782
909	806
909	834
909	842
909	862
909	890
909	912
909	949
910	16
910	17
910	47
910	94
910	430
910	543
910	804
910	833
910	858
910	876
910	883
910	921
910	928
910	954
910	970
910	979
910	983
910	988
910	990
910	992
910	993
910	997
911	26
911	31
911	48
911	69
911	203
911	249
911	309
911	332
911	434
911	488
911	544
911	614
911	690
911	745
911	763
911	824
911	864
911	880
911	882
911	920
911	966
911	968
912	21
912	50
912	190
912	197
912	262
912	286
912	330
912	465
912	518
912	520
912	542
912	578
912	655
912	806
912	842
912	862
912	890
912	909
912	949
912	961
912	986
912	1000
913	58
913	59
913	197
913	311
913	318
913	402
913	410
913	439
913	525
913	617
913	677
913	689
913	715
913	760
913	765
913	796
913	802
913	830
913	876
913	922
913	945
913	985
914	124
914	226
914	345
914	384
914	396
914	462
914	639
914	687
914	764
914	769
914	808
914	826
914	862
914	866
914	868
914	869
914	881
914	903
914	955
914	971
914	977
914	980
914	994
915	3
915	12
915	48
915	78
915	256
915	298
915	344
915	414
915	471
915	476
915	497
915	568
915	582
915	609
915	831
915	875
915	904
915	924
915	932
915	935
915	968
915	981
915	990
916	5
916	178
916	257
916	301
916	362
916	366
916	400
916	418
916	470
916	501
916	560
916	655
916	673
916	688
916	732
916	737
916	750
916	805
916	891
916	943
916	952
916	978
916	986
917	134
917	161
917	214
917	264
917	323
917	451
917	486
917	516
917	551
917	576
917	761
917	814
917	824
917	838
917	898
917	920
917	956
917	969
917	973
917	982
917	985
917	992
917	997
918	40
918	63
918	120
918	128
918	139
918	147
918	162
918	187
918	297
918	319
918	399
918	428
918	594
918	641
918	793
918	899
918	919
918	938
918	943
918	944
918	951
918	953
918	997
919	40
919	63
919	128
919	139
919	162
919	169
919	187
919	297
919	319
919	392
919	415
919	428
919	440
919	498
919	594
919	641
919	770
919	877
919	918
919	944
919	953
919	969
919	997
920	19
920	53
920	170
920	319
920	361
920	367
920	440
920	457
920	552
920	596
920	653
920	840
920	856
920	898
920	901
920	911
920	917
920	923
920	956
920	973
920	985
920	990
920	997
921	129
921	284
921	352
921	431
921	511
921	532
921	544
921	582
921	684
921	756
921	763
921	867
921	869
921	883
921	910
921	928
921	970
921	979
921	983
921	990
921	993
921	994
921	1000
922	58
922	59
922	278
922	293
922	311
922	342
922	410
922	422
922	476
922	525
922	628
922	699
922	711
922	751
922	765
922	796
922	802
922	830
922	842
922	876
922	891
922	913
922	945
923	35
923	132
923	192
923	370
923	401
923	416
923	436
923	506
923	524
923	585
923	586
923	621
923	653
923	695
923	740
923	778
923	785
923	792
923	819
923	824
923	871
923	877
923	920
923	985
924	33
924	73
924	80
924	195
924	213
924	228
924	232
924	243
924	257
924	310
924	393
924	444
924	452
924	468
924	659
924	683
924	720
924	795
924	832
924	865
924	915
924	983
924	989
924	998
925	41
925	215
925	294
925	335
925	608
925	611
925	616
925	648
925	667
925	701
925	703
925	716
925	770
925	782
925	874
925	894
925	901
925	902
925	945
925	954
925	976
925	988
925	992
925	998
926	2
926	56
926	109
926	152
926	170
926	207
926	225
926	292
926	296
926	375
926	401
926	460
926	576
926	650
926	720
926	804
926	814
926	829
926	834
926	865
926	884
926	889
926	933
926	945
926	987
927	55
927	102
927	218
927	291
927	347
927	441
927	452
927	478
927	487
927	508
927	640
927	644
927	697
927	703
927	758
927	761
927	819
927	852
927	857
927	880
927	930
927	948
927	962
927	963
927	982
928	94
928	185
928	242
928	266
928	274
928	279
928	284
928	322
928	386
928	515
928	796
928	826
928	835
928	858
928	867
928	883
928	910
928	921
928	970
928	977
928	979
928	983
928	990
928	993
928	1000
929	141
929	202
929	308
929	435
929	453
929	539
929	555
929	603
929	654
929	660
929	662
929	664
929	678
929	704
929	813
929	818
929	844
929	854
929	859
929	878
929	891
929	958
929	970
929	971
929	994
930	28
930	41
930	55
930	218
930	232
930	240
930	291
930	413
930	450
930	452
930	487
930	508
930	644
930	697
930	703
930	758
930	852
930	880
930	890
930	927
930	941
930	956
930	976
930	995
930	998
931	106
931	387
931	478
931	484
931	531
931	545
931	548
931	563
931	566
931	675
931	700
931	723
931	761
931	765
931	777
931	813
931	816
931	855
931	863
931	872
931	881
931	939
931	942
931	977
931	984
931	994
932	3
932	12
932	78
932	256
932	298
932	320
932	344
932	414
932	471
932	476
932	497
932	550
932	568
932	582
932	609
932	661
932	714
932	717
932	739
932	867
932	875
932	890
932	915
932	935
932	983
932	993
933	95
933	98
933	273
933	281
933	315
933	378
933	383
933	388
933	407
933	575
933	589
933	594
933	600
933	712
933	744
933	792
933	812
933	846
933	857
933	897
933	926
933	941
933	943
933	975
933	985
933	995
934	15
934	46
934	243
934	350
934	482
934	522
934	555
934	660
934	668
934	705
934	710
934	720
934	750
934	751
934	762
934	774
934	803
934	824
934	839
934	867
934	888
934	905
934	984
934	986
934	987
934	993
935	3
935	52
935	78
935	230
935	256
935	298
935	344
935	352
935	414
935	471
935	476
935	497
935	525
935	550
935	560
935	562
935	568
935	582
935	609
935	785
935	818
935	860
935	868
935	875
935	915
935	932
935	958
936	97
936	111
936	209
936	233
936	241
936	387
936	394
936	409
936	412
936	489
936	491
936	573
936	728
936	748
936	782
936	799
936	848
936	853
936	859
936	871
936	906
936	907
936	940
936	966
936	974
936	980
936	999
937	10
937	18
937	27
937	135
937	158
937	245
937	357
937	369
937	437
937	472
937	488
937	532
937	542
937	618
937	649
937	686
937	766
937	767
937	787
937	836
937	843
937	860
937	950
937	959
937	961
937	970
937	983
938	259
938	324
938	328
938	347
938	405
938	534
938	574
938	641
938	643
938	663
938	706
938	714
938	756
938	757
938	774
938	800
938	803
938	807
938	826
938	862
938	899
938	918
938	940
938	953
938	966
938	974
938	1000
939	127
939	183
939	336
939	433
939	536
939	592
939	635
939	670
939	732
939	793
939	804
939	820
939	835
939	841
939	855
939	861
939	881
939	900
939	931
939	960
939	971
939	975
939	977
939	984
939	991
939	993
939	995
940	281
940	360
940	377
940	437
940	528
940	558
940	572
940	611
940	616
940	667
940	716
940	760
940	839
940	874
940	884
940	894
940	901
940	902
940	904
940	936
940	938
940	945
940	954
940	976
940	988
940	991
940	992
941	51
941	98
941	137
941	235
941	247
941	378
941	447
941	469
941	478
941	575
941	589
941	600
941	661
941	738
941	792
941	808
941	812
941	847
941	897
941	930
941	933
941	945
941	952
941	963
941	975
941	985
941	995
942	102
942	116
942	167
942	176
942	337
942	387
942	484
942	545
942	566
942	593
942	675
942	700
942	723
942	740
942	816
942	832
942	845
942	855
942	857
942	863
942	872
942	881
942	931
942	977
942	984
942	993
942	994
943	171
943	193
943	235
943	252
943	354
943	362
943	418
943	470
943	501
943	560
943	610
943	617
943	653
943	669
943	688
943	694
943	737
943	750
943	758
943	771
943	805
943	814
943	916
943	918
943	933
943	952
943	986
943	996
944	13
944	33
944	40
944	63
944	128
944	139
944	151
944	162
944	169
944	187
944	297
944	319
944	414
944	428
944	505
944	539
944	550
944	594
944	641
944	707
944	850
944	891
944	918
944	919
944	953
944	963
944	986
944	997
945	101
945	267
945	311
945	375
945	411
945	581
945	619
945	650
945	653
945	686
945	689
945	737
945	759
945	765
945	823
945	831
945	896
945	901
945	913
945	922
945	925
945	926
945	940
945	941
945	954
945	976
945	985
945	993
946	66
946	202
946	208
946	260
946	396
946	413
946	435
946	438
946	474
946	494
946	516
946	539
946	654
946	664
946	742
946	764
946	781
946	818
946	846
946	850
946	854
946	876
946	883
946	891
946	895
946	958
946	964
946	979
946	983
947	6
947	37
947	75
947	164
947	232
947	299
947	304
947	499
947	539
947	590
947	632
947	645
947	702
947	709
947	746
947	753
947	784
947	824
947	863
947	868
947	885
947	960
947	962
947	982
947	987
947	988
947	990
947	996
947	1000
948	74
948	77
948	108
948	156
948	157
948	193
948	201
948	279
948	480
948	538
948	616
948	632
948	634
948	698
948	717
948	721
948	726
948	808
948	838
948	847
948	863
948	927
948	951
948	953
948	972
948	989
948	990
948	995
949	21
949	50
949	118
949	145
949	148
949	190
949	197
949	213
949	262
949	286
949	288
949	330
949	493
949	505
949	520
949	542
949	571
949	578
949	806
949	827
949	834
949	842
949	862
949	869
949	871
949	890
949	909
949	912
949	979
949	996
950	28
950	151
950	175
950	245
950	283
950	392
950	467
950	472
950	477
950	526
950	539
950	707
950	766
950	774
950	795
950	825
950	836
950	843
950	860
950	869
950	870
950	882
950	899
950	906
950	937
950	959
950	961
950	969
950	992
950	994
951	165
951	236
951	269
951	276
951	298
951	468
951	480
951	500
951	556
951	608
951	612
951	626
951	684
951	693
951	703
951	704
951	706
951	749
951	775
951	789
951	815
951	903
951	918
951	948
951	964
951	965
951	966
951	973
951	987
951	989
952	103
952	111
952	115
952	163
952	171
952	189
952	252
952	301
952	354
952	362
952	400
952	401
952	418
952	450
952	492
952	501
952	512
952	524
952	560
952	610
952	613
952	643
952	669
952	688
952	805
952	916
952	941
952	943
952	968
952	986
953	157
953	160
953	268
953	325
953	351
953	380
953	507
953	564
953	593
953	638
953	641
953	715
953	717
953	721
953	770
953	781
953	821
953	853
953	882
953	918
953	919
953	938
953	944
953	948
953	967
953	968
953	972
953	981
953	991
953	997
954	206
954	259
954	391
954	426
954	512
954	520
954	528
954	616
954	648
954	649
954	667
954	704
954	715
954	724
954	836
954	839
954	862
954	874
954	894
954	901
954	902
954	908
954	910
954	925
954	940
954	945
954	976
954	988
954	992
954	1000
955	23
955	72
955	148
955	191
955	345
955	490
955	639
955	700
955	761
955	764
955	769
955	773
955	780
955	822
955	831
955	832
955	866
955	868
955	869
955	893
955	900
955	914
955	958
955	962
955	964
955	967
955	969
955	971
955	992
955	994
956	87
956	93
956	275
956	370
956	417
956	492
956	515
956	561
956	579
956	599
956	622
956	627
956	671
956	681
956	762
956	768
956	790
956	802
956	814
956	839
956	854
956	885
956	917
956	920
956	930
956	963
956	974
956	978
956	980
956	984
956	995
957	76
957	85
957	86
957	92
957	107
957	118
957	146
957	211
957	239
957	282
957	327
957	360
957	368
957	372
957	409
957	445
957	483
957	507
957	510
957	702
957	722
957	755
957	759
957	846
957	870
957	871
957	877
957	886
957	958
957	974
957	995
958	27
958	113
958	251
958	409
958	514
958	562
958	615
958	619
958	666
958	722
958	748
958	773
958	781
958	818
958	823
958	826
958	850
958	866
958	868
958	870
958	871
958	886
958	908
958	929
958	935
958	946
958	955
958	957
958	959
958	983
958	991
958	994
959	10
959	27
959	28
959	158
959	238
959	242
959	356
959	364
959	392
959	467
959	477
959	488
959	521
959	526
959	551
959	613
959	680
959	686
959	766
959	773
959	825
959	836
959	843
959	860
959	899
959	937
959	950
959	958
959	961
959	981
959	992
959	999
960	271
960	280
960	282
960	297
960	333
960	353
960	536
960	554
960	592
960	597
960	612
960	635
960	646
960	655
960	673
960	696
960	737
960	773
960	798
960	800
960	821
960	827
960	846
960	895
960	939
960	947
960	967
960	972
960	974
960	981
960	984
960	991
961	10
961	18
961	115
961	135
961	160
961	170
961	321
961	341
961	342
961	349
961	446
961	467
961	472
961	526
961	680
961	708
961	760
961	766
961	767
961	825
961	836
961	843
961	860
961	888
961	899
961	905
961	912
961	937
961	950
961	959
961	969
961	992
962	6
962	44
962	75
962	150
962	164
962	178
962	299
962	304
962	359
962	366
962	443
962	499
962	512
962	573
962	590
962	645
962	709
962	743
962	746
962	753
962	876
962	885
962	927
962	947
962	955
962	967
962	972
962	976
962	982
962	987
962	990
962	996
962	1000
963	45
963	105
963	144
963	235
963	266
963	280
963	331
963	357
963	365
963	372
963	407
963	415
963	464
963	541
963	546
963	599
963	607
963	625
963	691
963	700
963	711
963	730
963	849
963	857
963	927
963	941
963	944
963	956
963	968
963	978
963	980
963	981
963	1000
964	30
964	67
964	114
964	119
964	151
964	196
964	236
964	276
964	384
964	475
964	556
964	612
964	626
964	684
964	693
964	708
964	736
964	749
964	775
964	789
964	797
964	815
964	827
964	855
964	903
964	946
964	951
964	955
964	965
964	978
964	987
964	989
964	1000
965	43
965	80
965	119
965	120
965	196
965	220
965	236
965	335
965	374
965	475
965	556
965	611
965	612
965	626
965	684
965	693
965	706
965	708
965	736
965	742
965	743
965	749
965	775
965	789
965	811
965	815
965	888
965	903
965	951
965	964
965	972
965	987
965	989
966	24
966	31
966	69
966	149
966	179
966	324
966	355
966	390
966	423
966	489
966	530
966	601
966	604
966	668
966	709
966	723
966	748
966	756
966	757
966	782
966	807
966	848
966	882
966	886
966	898
966	906
966	911
966	936
966	938
966	951
966	968
966	999
966	1000
967	159
967	239
967	270
967	271
967	280
967	333
967	353
967	383
967	456
967	552
967	554
967	569
967	570
967	597
967	635
967	673
967	696
967	721
967	788
967	819
967	821
967	827
967	887
967	895
967	896
967	953
967	955
967	960
967	962
967	974
967	981
967	989
967	991
968	48
968	49
968	69
968	130
968	133
968	160
968	177
968	191
968	203
968	245
968	306
968	332
968	416
968	423
968	432
968	434
968	461
968	544
968	587
968	690
968	715
968	745
968	767
968	824
968	825
968	874
968	882
968	911
968	915
968	952
968	953
968	963
968	966
968	989
969	19
969	88
969	134
969	172
969	173
969	272
969	361
969	367
969	431
969	440
969	445
969	451
969	496
969	531
969	551
969	557
969	595
969	601
969	755
969	768
969	814
969	821
969	856
969	892
969	898
969	917
969	919
969	950
969	955
969	961
969	973
969	985
969	986
969	997
970	17
970	39
970	47
970	126
970	166
970	215
970	284
970	312
970	352
970	386
970	511
970	532
970	588
970	716
970	814
970	834
970	838
970	854
970	858
970	867
970	876
970	883
970	905
970	910
970	921
970	928
970	929
970	937
970	976
970	979
970	981
970	992
970	993
970	995
970	1000
971	23
971	144
971	226
971	305
971	331
971	334
971	384
971	420
971	493
971	521
971	606
971	620
971	629
971	687
971	725
971	752
971	764
971	769
971	773
971	780
971	808
971	815
971	822
971	831
971	852
971	866
971	868
971	869
971	876
971	914
971	929
971	939
971	955
971	992
971	994
972	60
972	74
972	77
972	108
972	156
972	157
972	189
972	193
972	201
972	238
972	279
972	295
972	347
972	473
972	501
972	507
972	571
972	632
972	658
972	717
972	721
972	726
972	838
972	847
972	880
972	888
972	948
972	953
972	960
972	962
972	965
972	977
972	989
972	990
972	995
973	53
973	134
973	216
973	268
973	272
973	323
973	341
973	361
973	367
973	496
973	505
973	531
973	551
973	557
973	595
973	601
973	708
973	755
973	768
973	802
973	814
973	838
973	844
973	856
973	865
973	892
973	898
973	917
973	920
973	951
973	969
973	974
973	985
973	986
973	990
973	997
974	83
974	92
974	100
974	360
974	440
974	445
974	507
974	542
974	597
974	623
974	643
974	663
974	692
974	722
974	751
974	757
974	783
974	797
974	798
974	807
974	827
974	846
974	856
974	860
974	871
974	873
974	936
974	938
974	956
974	957
974	960
974	967
974	973
974	981
974	986
974	991
975	51
975	95
975	112
975	137
975	247
975	273
975	274
975	284
975	315
975	378
975	383
975	388
975	447
975	478
975	523
975	589
975	600
975	666
975	687
975	703
975	712
975	738
975	766
975	792
975	812
975	830
975	842
975	846
975	897
975	933
975	939
975	941
975	980
975	981
975	985
975	995
976	104
976	142
976	281
976	288
976	377
976	426
976	437
976	496
976	512
976	528
976	562
976	608
976	616
976	648
976	658
976	667
976	724
976	769
976	770
976	785
976	829
976	837
976	862
976	874
976	894
976	901
976	902
976	925
976	930
976	940
976	945
976	954
976	962
976	970
976	988
976	992
977	31
977	55
977	102
977	106
977	116
977	147
977	337
977	387
977	483
977	484
977	545
977	548
977	566
977	570
977	675
977	700
977	723
977	777
977	779
977	816
977	832
977	851
977	855
977	863
977	872
977	881
977	914
977	928
977	931
977	939
977	942
977	972
977	984
977	991
978	9
978	45
978	56
978	71
978	105
978	131
978	144
978	173
978	176
978	204
978	246
978	248
978	331
978	348
978	415
978	464
978	508
978	559
978	581
978	599
978	625
978	638
978	691
978	711
978	730
978	766
978	768
978	807
978	849
978	859
978	889
978	916
978	956
978	963
978	964
978	980
978	996
979	20
979	118
979	141
979	265
979	312
979	320
979	322
979	389
979	407
979	431
979	504
979	511
979	532
979	548
979	588
979	664
979	775
979	788
979	826
979	838
979	858
979	883
979	910
979	921
979	928
979	946
979	949
979	970
979	980
979	983
979	988
979	990
979	992
979	993
979	994
979	997
979	1000
980	9
980	45
980	56
980	57
980	105
980	131
980	144
980	170
980	194
980	210
980	246
980	248
980	266
980	331
980	372
980	415
980	559
980	579
980	581
980	635
980	691
980	711
980	720
980	730
980	768
980	803
980	806
980	849
980	882
980	914
980	936
980	956
980	963
980	975
980	978
980	979
980	988
980	994
981	132
981	159
981	198
981	271
981	280
981	282
981	283
981	290
981	325
981	353
981	536
981	554
981	569
981	570
981	571
981	592
981	597
981	635
981	646
981	655
981	673
981	696
981	704
981	729
981	798
981	818
981	819
981	895
981	915
981	953
981	959
981	960
981	963
981	967
981	970
981	974
981	975
981	988
981	991
981	997
982	5
982	6
982	37
982	44
982	75
982	150
982	164
982	299
982	304
982	359
982	366
982	446
982	499
982	538
982	542
982	545
982	590
982	595
982	603
982	645
982	658
982	679
982	709
982	733
982	746
982	753
982	824
982	859
982	867
982	885
982	889
982	894
982	896
982	917
982	927
982	947
982	962
982	990
982	996
982	1000
983	183
983	322
983	382
983	411
983	434
983	463
983	502
983	523
983	547
983	622
983	641
983	662
983	705
983	713
983	727
983	748
983	793
983	815
983	816
983	823
983	841
983	849
983	850
983	853
983	858
983	859
983	884
983	891
983	900
983	910
983	921
983	924
983	928
983	932
983	937
983	946
983	958
983	979
983	993
983	996
984	30
984	93
984	102
984	106
984	116
984	135
984	141
984	151
984	320
984	337
984	357
984	387
984	483
984	484
984	505
984	540
984	545
984	548
984	566
984	617
984	649
984	675
984	700
984	723
984	780
984	816
984	832
984	838
984	855
984	863
984	872
984	880
984	881
984	931
984	934
984	939
984	942
984	956
984	960
984	977
985	1
985	137
985	155
985	250
985	315
985	356
985	436
985	525
985	571
985	589
985	648
985	659
985	677
985	682
985	698
985	714
985	733
985	754
985	765
985	771
985	794
985	796
985	802
985	812
985	822
985	854
985	859
985	897
985	898
985	904
985	913
985	917
985	920
985	923
985	933
985	941
985	945
985	969
985	973
985	975
985	997
986	4
986	34
986	88
986	251
986	252
986	281
986	354
986	429
986	490
986	519
986	531
986	591
986	610
986	640
986	652
986	660
986	687
986	712
986	737
986	739
986	753
986	757
986	813
986	835
986	839
986	888
986	892
986	898
986	905
986	908
986	912
986	916
986	934
986	943
986	944
986	952
986	969
986	973
986	974
986	997
986	998
987	67
987	68
987	119
987	165
987	189
987	220
987	231
987	244
987	266
987	269
987	276
987	363
987	475
987	480
987	533
987	556
987	565
987	626
987	684
987	693
987	706
987	708
987	736
987	749
987	758
987	771
987	775
987	789
987	815
987	828
987	850
987	893
987	903
987	926
987	934
987	947
987	951
987	962
987	964
987	965
987	989
988	57
988	84
988	206
988	232
988	281
988	294
988	377
988	391
988	426
988	453
988	483
988	512
988	529
988	538
988	558
988	608
988	611
988	648
988	649
988	667
988	670
988	716
988	724
988	835
988	855
988	862
988	874
988	894
988	901
988	902
988	910
988	925
988	940
988	947
988	954
988	976
988	979
988	980
988	981
988	992
988	997
988	1000
989	67
989	68
989	114
989	188
989	196
989	231
989	244
989	269
989	276
989	363
989	443
989	475
989	480
989	500
989	511
989	556
989	612
989	626
989	684
989	693
989	706
989	708
989	736
989	749
989	762
989	775
989	815
989	818
989	829
989	834
989	859
989	884
989	903
989	924
989	948
989	951
989	964
989	965
989	967
989	968
989	972
989	987
989	991
989	995
989	1000
990	83
990	89
990	94
990	317
990	322
990	399
990	406
990	428
990	472
990	547
990	549
990	583
990	590
990	625
990	645
990	665
990	709
990	717
990	721
990	726
990	753
990	767
990	790
990	847
990	858
990	882
990	885
990	887
990	910
990	915
990	920
990	921
990	928
990	947
990	948
990	962
990	972
990	973
990	979
990	982
990	993
990	995
990	997
990	999
990	1000
991	159
991	280
991	282
991	283
991	329
991	370
991	407
991	434
991	436
991	443
991	456
991	486
991	494
991	536
991	554
991	569
991	570
991	586
991	592
991	593
991	597
991	613
991	646
991	655
991	673
991	696
991	729
991	768
991	777
991	798
991	812
991	819
991	821
991	827
991	879
991	895
991	939
991	940
991	953
991	958
991	960
991	967
991	974
991	977
991	981
991	989
992	62
992	107
992	185
992	332
992	352
992	433
992	488
992	526
992	561
992	574
992	606
992	608
992	670
992	687
992	716
992	769
992	773
992	799
992	836
992	858
992	859
992	860
992	864
992	866
992	867
992	868
992	874
992	875
992	889
992	910
992	917
992	925
992	940
992	950
992	954
992	955
992	959
992	961
992	970
992	971
992	976
992	979
992	988
992	993
992	995
992	1000
993	17
993	20
993	47
993	99
993	126
993	148
993	185
993	264
993	273
993	284
993	312
993	352
993	386
993	389
993	431
993	484
993	511
993	532
993	543
993	555
993	642
993	678
993	707
993	724
993	757
993	818
993	834
993	838
993	858
993	867
993	883
993	900
993	910
993	921
993	928
993	932
993	934
993	939
993	942
993	945
993	970
993	979
993	983
993	990
993	992
993	1000
994	23
994	54
994	72
994	138
994	224
994	334
994	384
994	403
994	462
994	463
994	514
994	521
994	606
994	624
994	629
994	639
994	674
994	687
994	751
994	764
994	769
994	773
994	791
994	808
994	816
994	822
994	831
994	832
994	853
994	866
994	868
994	869
994	876
994	893
994	914
994	921
994	929
994	931
994	942
994	950
994	955
994	958
994	971
994	979
994	980
994	996
995	77
995	97
995	133
995	184
995	200
995	224
995	313
995	317
995	318
995	358
995	388
995	406
995	417
995	442
995	447
995	449
995	467
995	478
995	592
995	632
995	647
995	681
995	699
995	712
995	717
995	721
995	784
995	790
995	812
995	829
995	847
995	879
995	897
995	904
995	930
995	933
995	939
995	941
995	948
995	956
995	957
995	970
995	972
995	975
995	989
995	990
995	992
996	25
996	124
996	143
996	169
996	180
996	222
996	295
996	358
996	455
996	474
996	481
996	503
996	509
996	516
996	587
996	596
996	603
996	642
996	645
996	654
996	656
996	674
996	676
996	732
996	735
996	746
996	753
996	754
996	775
996	795
996	812
996	830
996	844
996	847
996	850
996	854
996	885
996	896
996	908
996	943
996	947
996	949
996	962
996	978
996	982
996	983
996	994
996	1000
997	1
997	8
997	22
997	34
997	43
997	104
997	125
997	297
997	310
997	316
997	397
997	428
997	439
997	442
997	469
997	479
997	498
997	505
997	594
997	618
997	629
997	641
997	666
997	701
997	732
997	804
997	820
997	836
997	856
997	866
997	867
997	895
997	898
997	910
997	917
997	918
997	919
997	920
997	944
997	953
997	969
997	973
997	979
997	981
997	985
997	986
997	988
997	990
998	33
998	65
998	80
998	81
998	145
998	153
998	176
998	181
998	228
998	264
998	305
998	310
998	338
998	379
998	380
998	385
998	393
998	396
998	402
998	435
998	468
998	486
998	541
998	605
998	615
998	649
998	659
998	661
998	675
998	692
998	720
998	744
998	752
998	760
998	770
998	787
998	788
998	797
998	803
998	809
998	834
998	885
998	897
998	900
998	924
998	925
998	930
998	986
999	16
999	90
999	97
999	174
999	178
999	189
999	192
999	209
999	216
999	230
999	238
999	239
999	241
999	265
999	329
999	376
999	394
999	396
999	412
999	430
999	458
999	471
999	489
999	491
999	573
999	579
999	584
999	651
999	658
999	687
999	699
999	714
999	728
999	782
999	783
999	793
999	799
999	846
999	848
999	853
999	859
999	881
999	906
999	907
999	936
999	959
999	966
999	990
999	1000
1000	57
1000	89
1000	362
1000	389
1000	399
1000	424
1000	477
1000	549
1000	588
1000	603
1000	623
1000	637
1000	645
1000	665
1000	707
1000	709
1000	714
1000	746
1000	753
1000	756
1000	757
1000	767
1000	782
1000	800
1000	807
1000	810
1000	820
1000	872
1000	885
1000	889
1000	912
1000	921
1000	928
1000	938
1000	947
1000	954
1000	962
1000	963
1000	964
1000	966
1000	970
1000	979
1000	982
1000	988
1000	989
1000	990
1000	992
1000	993
1000	996
1000	999
