1	311
1	555
1	983
1	985
2	456
2	572
2	632
2	964
3	290
3	827
3	919
3	957
4	233
4	816
4	943
4	951
5	484
5	711
5	798
5	958
6	103
6	924
6	939
6	983
7	576
7	963
7	998
7	1000
8	354
8	943
8	951
8	957
9	325
9	596
9	803
9	963
10	878
10	879
10	955
10	970
11	859
11	865
11	927
11	984
12	848
12	911
12	976
12	991
13	809
13	833
13	983
13	988
14	95
14	788
14	797
14	816
15	76
15	219
15	778
15	980
16	337
16	858
16	955
16	986
17	769
17	775
17	793
17	888
18	765
18	793
18	888
18	973
19	656
19	832
19	877
19	917
20	676
20	893
20	979
20	984
21	627
21	709
21	931
21	989
22	249
22	785
22	982
22	999
23	92
23	597
23	835
23	941
24	747
24	839
24	898
24	953
25	711
25	759
25	829
25	958
26	756
26	852
26	936
26	989
27	61
27	688
27	850
27	967
28	603
28	753
28	820
28	956
29	454
29	865
29	959
29	969
30	431
30	587
30	935
30	952
31	342
31	874
31	936
31	952
31	962
32	473
32	600
32	947
32	958
33	760
33	789
33	862
33	900
34	272
34	713
34	993
34	996
35	739
35	954
35	964
35	999
36	564
36	581
36	590
36	899
37	279
37	780
37	834
37	978
38	636
38	841
38	857
38	866
39	839
39	898
39	902
39	953
40	620
40	717
40	995
40	999
41	525
41	876
41	975
41	982
42	311
42	756
42	852
42	936
43	706
43	926
43	934
43	944
44	101
44	237
44	916
44	952
45	415
45	734
45	805
45	960
46	688
46	850
46	903
46	942
47	358
47	386
47	697
47	918
48	801
48	902
48	942
48	996
49	971
49	976
49	991
49	1000
50	256
50	789
50	882
50	935
51	372
51	426
51	632
51	882
52	591
52	847
52	926
52	969
53	602
53	635
53	916
53	958
54	597
54	816
54	824
54	835
55	506
55	826
55	982
55	998
56	728
56	963
56	998
56	1000
57	837
57	950
57	981
57	998
58	602
58	926
58	944
58	966
59	569
59	622
59	694
59	992
60	464
60	535
60	897
60	963
61	27
61	335
61	619
61	850
62	77
62	843
62	938
62	955
63	948
63	981
63	998
63	1000
64	383
64	389
64	452
64	658
65	893
65	949
65	972
65	989
66	704
66	774
66	976
66	991
67	537
67	939
67	968
67	975
68	181
68	240
68	783
68	970
69	408
69	603
69	820
69	910
70	687
70	768
70	774
70	990
71	599
71	769
71	828
71	907
72	731
72	852
72	919
72	936
73	748
73	786
73	787
73	905
74	941
74	956
74	966
74	999
75	119
75	734
75	897
75	960
76	15
76	216
76	778
76	954
77	62
77	273
77	721
77	975
78	471
78	626
78	931
78	987
79	716
79	878
79	901
79	987
80	892
80	917
80	927
80	949
81	639
81	684
81	924
81	939
82	866
82	869
82	904
82	986
83	105
83	858
83	927
83	995
83	999
84	844
84	941
84	956
84	962
85	238
85	905
85	963
85	982
85	989
86	570
86	659
86	745
86	755
87	506
87	933
87	979
87	993
88	852
88	916
88	936
88	986
89	677
89	805
89	934
89	960
90	926
90	934
90	944
90	991
91	596
91	867
91	870
91	995
92	23
92	457
92	770
92	928
93	102
93	759
93	990
93	1000
94	286
94	535
94	878
94	970
95	14
95	254
95	938
95	946
96	656
96	697
96	831
96	938
97	225
97	684
97	808
97	832
98	157
98	165
98	326
98	785
99	650
99	965
99	977
99	986
100	304
100	860
100	951
100	957
101	44
101	702
101	931
101	987
102	93
102	317
102	700
102	785
103	6
103	763
103	781
103	793
104	544
104	839
104	883
104	953
105	83
105	973
105	974
105	980
106	683
106	743
106	838
106	938
107	586
107	916
107	931
107	952
108	168
108	698
108	775
108	888
109	245
109	296
109	589
109	919
110	247
110	670
110	957
110	988
111	739
111	942
111	949
111	989
112	583
112	688
112	850
112	967
113	789
113	949
113	972
113	989
114	172
114	782
114	924
114	939
115	157
115	914
115	932
115	968
116	397
116	491
116	916
116	952
117	842
117	859
117	947
117	959
118	203
118	508
118	671
118	899
119	75
119	748
119	787
119	905
120	224
120	242
120	639
120	850
121	459
121	603
121	677
121	820
122	774
122	985
122	988
122	997
123	555
123	780
123	924
123	984
124	868
124	910
124	972
124	989
125	833
125	844
125	928
125	992
126	162
126	262
126	510
126	830
127	749
127	804
127	918
127	982
128	593
128	913
128	932
128	968
129	231
129	533
129	740
129	978
130	339
130	808
130	832
130	967
131	817
131	889
131	966
131	995
132	716
132	723
132	883
132	953
133	140
133	398
133	676
133	848
134	331
134	334
134	453
134	608
135	434
135	813
135	993
135	996
136	622
136	660
136	966
136	992
137	706
137	718
137	724
137	817
138	914
138	932
138	955
138	968
139	874
139	919
139	939
139	970
140	133
140	360
140	961
140	987
141	371
141	377
141	750
141	955
142	681
142	833
142	844
142	875
143	231
143	886
143	971
143	978
144	773
144	849
144	951
144	957
145	909
145	915
145	933
145	993
146	243
146	575
146	955
146	970
147	913
147	931
147	961
147	987
148	894
148	921
148	955
148	970
149	902
149	914
149	932
149	968
150	413
150	510
150	719
150	731
151	299
151	924
151	925
151	939
152	602
152	811
152	900
152	939
153	609
153	687
153	737
153	823
154	168
154	714
154	801
154	821
155	701
155	983
155	985
155	997
156	930
156	976
156	989
156	991
157	98
157	115
157	700
157	785
158	965
158	973
158	974
158	980
159	334
159	841
159	901
159	906
160	792
160	985
160	988
160	997
161	626
161	865
161	875
161	959
162	126
162	651
162	658
162	708
163	534
163	744
163	808
163	872
164	973
164	974
164	977
164	980
165	98
165	547
165	700
165	785
166	184
166	185
166	781
166	952
167	858
167	955
167	969
167	980
167	989
168	108
168	154
168	714
168	821
169	359
169	566
169	699
169	944
170	581
170	943
170	951
170	957
171	486
171	859
171	875
171	959
172	114
172	473
172	948
172	999
173	289
173	797
173	850
173	890
173	980
174	534
174	882
174	971
174	976
175	473
175	740
175	793
175	888
176	825
176	864
176	946
176	952
177	225
177	705
177	936
177	971
178	181
178	453
178	883
178	970
179	180
179	710
179	883
179	898
180	179
180	601
180	958
180	992
181	68
181	178
181	263
181	633
182	662
182	746
182	969
182	984
183	435
183	902
183	903
183	942
184	166
184	805
184	951
184	960
185	166
185	657
185	873
185	989
186	521
186	737
186	812
186	823
187	651
187	745
187	965
187	975
187	989
188	790
188	878
188	955
188	970
189	595
189	913
189	932
189	968
190	824
190	869
190	881
190	904
191	209
191	805
191	855
191	951
192	605
192	726
192	905
192	988
193	920
193	940
193	959
193	991
194	502
194	779
194	900
194	982
195	306
195	418
195	769
195	907
196	443
196	739
196	930
196	976
197	408
197	753
197	820
197	996
198	579
198	591
198	612
198	959
199	505
199	924
199	954
199	972
199	987
200	677
200	710
200	856
200	960
201	669
201	963
201	998
201	1000
202	807
202	901
202	965
202	977
203	118
203	690
203	881
203	999
204	876
204	922
204	954
204	982
205	383
205	761
205	906
205	991
206	567
206	833
206	844
206	992
207	389
207	651
207	831
207	895
208	369
208	782
208	924
208	973
209	191
209	376
209	753
209	820
210	534
210	808
210	877
210	931
211	412
211	773
211	899
211	937
211	941
212	482
212	958
212	969
212	993
213	215
213	522
213	700
213	785
214	414
214	859
214	875
214	959
215	213
215	269
215	468
215	785
216	76
216	512
216	865
216	868
217	851
217	933
217	944
217	993
218	710
218	973
218	974
218	980
219	15
219	513
219	645
219	967
220	714
220	966
220	977
220	995
221	745
221	797
221	949
221	980
221	997
222	859
222	865
222	959
222	988
223	913
223	919
223	932
223	968
224	120
224	688
224	850
224	864
225	97
225	177
225	714
225	821
226	348
226	758
226	803
226	870
227	784
227	906
227	944
227	950
228	562
228	748
228	787
228	905
229	466
229	766
229	798
229	928
230	914
230	943
230	951
230	957
231	129
231	143
231	564
231	978
232	600
232	616
232	633
232	832
233	4
233	581
233	671
233	899
234	700
234	948
234	985
234	997
235	743
235	833
235	844
235	992
236	548
236	827
236	943
236	957
237	44
237	985
237	988
237	995
237	997
238	85
238	595
238	760
238	893
238	979
239	591
239	612
239	722
239	847
239	994
240	68
240	437
240	710
240	857
240	960
241	580
241	937
241	950
241	971
241	991
242	120
242	536
242	557
242	768
242	978
243	146
243	601
243	943
243	955
243	970
244	261
244	445
244	458
244	527
244	778
245	109
245	545
245	827
245	906
245	944
246	777
246	794
246	851
246	969
246	982
247	110
247	368
247	432
247	697
247	747
248	312
248	633
248	663
248	720
248	805
249	22
249	665
249	763
249	806
249	993
250	602
250	738
250	844
250	958
250	987
250	993
251	663
251	706
251	734
251	858
251	960
252	275
252	722
252	741
252	799
252	959
253	587
253	682
253	698
253	775
253	888
254	95
254	388
254	623
254	946
254	975
255	380
255	635
255	683
255	916
255	952
256	50
256	552
256	874
256	895
256	935
257	629
257	692
257	888
257	972
257	989
258	582
258	771
258	883
258	924
258	979
259	770
259	800
259	824
259	837
259	948
260	634
260	787
260	894
260	955
260	970
261	244
261	645
261	671
261	778
261	868
262	126
262	925
262	971
262	991
262	996
263	181
263	783
263	891
263	925
263	991
264	803
264	867
264	870
264	923
264	972
265	738
265	861
265	877
265	976
265	991
266	605
266	740
266	793
266	885
266	888
267	690
267	887
267	931
267	986
267	987
268	485
268	636
268	963
268	998
268	1000
269	215
269	326
269	700
269	905
269	909
270	339
270	363
270	452
270	607
270	832
271	530
271	760
271	787
271	848
271	893
272	34
272	308
272	777
272	845
272	993
273	77
273	954
273	956
273	962
273	999
274	700
274	786
274	914
274	932
274	968
275	252
275	493
275	784
275	959
275	986
276	783
276	940
276	971
276	986
276	991
277	553
277	572
277	660
277	694
277	965
278	817
278	898
278	952
278	973
278	994
279	37
279	600
279	642
279	927
279	928
280	884
280	948
280	956
280	983
280	985
281	684
281	741
281	808
281	877
281	923
282	454
282	491
282	593
282	819
282	864
283	559
283	677
283	734
283	960
283	976
284	648
284	851
284	909
284	933
284	993
285	524
285	588
285	928
285	975
285	986
286	94
286	771
286	780
286	955
286	970
287	297
287	575
287	660
287	663
287	960
288	854
288	884
288	926
288	934
288	944
289	173
289	346
289	473
289	600
289	913
290	3
290	911
290	946
290	991
290	994
291	752
291	803
291	933
291	990
291	993
292	449
292	548
292	554
292	629
292	728
293	782
293	827
293	924
293	939
293	969
294	821
294	920
294	981
294	998
294	1000
295	597
295	770
295	835
295	939
295	947
296	109
296	482
296	981
296	998
296	1000
297	287
297	710
297	734
297	946
297	960
298	770
298	824
298	835
298	837
298	924
299	151
299	788
299	797
299	816
299	956
300	427
300	551
300	865
300	875
300	943
301	813
301	973
301	974
301	980
301	988
302	509
302	679
302	921
302	954
302	999
303	405
303	684
303	741
303	832
303	877
304	100
304	835
304	892
304	917
304	927
305	641
305	902
305	903
305	942
305	974
306	195
306	617
306	902
306	903
306	942
307	451
307	796
307	815
307	907
307	933
308	272
308	422
308	424
308	862
308	918
309	748
309	787
309	905
309	916
309	925
310	322
310	790
310	821
310	906
310	935
311	1
311	42
311	387
311	544
311	978
312	248
312	677
312	845
312	902
312	960
313	327
313	892
313	917
313	927
313	992
314	434
314	852
314	883
314	898
314	953
315	624
315	658
315	695
315	960
315	993
315	999
316	406
316	819
316	864
316	967
316	990
317	102
317	326
317	502
317	756
317	785
318	365
318	450
318	520
318	893
318	986
319	339
319	549
319	765
319	958
319	961
320	866
320	921
320	966
320	977
320	995
321	323
321	466
321	585
321	821
321	987
322	310
322	718
322	724
322	794
322	817
323	321
323	477
323	648
323	821
323	957
324	599
324	872
324	962
324	991
324	994
325	9
325	744
325	758
325	770
325	867
326	98
326	269
326	317
326	700
326	841
327	313
327	491
327	696
327	902
327	942
328	768
328	950
328	981
328	998
328	1000
329	673
329	798
329	928
329	969
329	976
330	675
330	890
330	913
330	977
330	995
331	134
331	662
331	744
331	912
331	936
331	987
332	358
332	957
332	964
332	968
332	981
333	418
333	443
333	635
333	916
333	952
334	134
334	159
334	455
334	488
334	578
335	61
335	654
335	691
335	780
335	978
336	455
336	492
336	570
336	659
336	745
337	16
337	764
337	894
337	955
337	970
338	358
338	432
338	465
338	697
338	935
339	130
339	270
339	319
339	832
339	877
340	405
340	875
340	887
340	959
340	984
341	639
341	727
341	782
341	924
341	939
342	31
342	663
342	868
342	901
342	937
343	508
343	543
343	590
343	899
343	904
344	515
344	925
344	965
344	976
344	991
345	857
345	866
345	904
345	936
345	955
346	289
346	872
346	973
346	974
346	980
347	890
347	942
347	965
347	977
347	995
348	226
348	583
348	718
348	724
348	817
349	653
349	707
349	794
349	975
349	989
350	694
350	948
350	983
350	985
350	988
351	696
351	906
351	927
351	939
351	982
352	929
352	947
352	971
352	983
352	988
353	479
353	529
353	684
353	832
353	877
354	8
354	361
354	818
354	825
354	975
355	746
355	824
355	826
355	961
355	982
356	384
356	654
356	834
356	978
356	997
357	380
357	779
357	916
357	952
357	996
358	47
358	332
358	338
358	432
358	465
359	169
359	763
359	806
359	869
359	966
360	140
360	702
360	703
360	973
360	987
361	354
361	913
361	914
361	932
361	968
362	570
362	665
362	699
362	806
362	952
363	270
363	702
363	712
363	808
363	877
364	447
364	742
364	912
364	938
364	975
365	318
365	678
365	893
365	940
365	990
366	732
366	759
366	949
366	990
366	994
367	447
367	923
367	979
367	989
367	990
368	247
368	430
368	432
368	697
368	864
369	208
369	829
369	836
369	843
369	958
370	862
370	874
370	906
370	919
370	954
371	141
371	460
371	776
371	833
371	844
372	51
372	426
372	632
372	660
372	951
373	674
373	678
373	742
373	923
373	979
374	754
374	889
374	960
374	965
374	995
375	659
375	795
375	931
375	987
375	996
376	209
376	603
376	715
376	753
376	820
377	141
377	385
377	731
377	756
377	936
378	630
378	849
378	855
378	860
378	951
379	789
379	827
379	904
379	906
379	998
380	255
380	357
380	796
380	916
380	952
381	580
381	722
381	892
381	917
381	927
382	562
382	663
382	710
382	908
382	960
383	64
383	205
383	851
383	862
383	874
384	356
384	904
384	928
384	939
384	958
385	377
385	756
385	852
385	936
385	986
386	47
386	432
386	465
386	694
386	697
387	311
387	536
387	834
387	911
387	978
388	254
388	831
388	887
388	938
388	975
389	64
389	207
389	651
389	658
389	832
390	790
390	862
390	882
390	935
390	958
391	723
391	728
391	898
391	953
391	999
392	524
392	979
392	983
392	985
392	997
393	687
393	730
393	812
393	823
393	827
394	650
394	956
394	966
394	977
394	995
395	461
395	510
395	719
395	760
395	895
396	471
396	789
396	870
396	906
396	919
396	992
397	116
397	418
397	475
397	573
397	916
397	952
398	133
398	760
398	805
398	915
398	923
398	979
399	419
399	598
399	835
399	837
399	937
399	947
400	726
400	812
400	952
400	975
400	979
400	990
401	823
401	854
401	926
401	932
401	934
401	944
402	433
402	448
402	637
402	782
402	939
402	984
403	647
403	884
403	904
403	985
403	988
403	997
404	442
404	695
404	797
404	816
404	908
404	922
405	303
405	340
405	571
405	767
405	951
405	953
405	973
406	316
406	617
406	819
406	864
406	974
406	996
407	562
407	676
407	871
407	893
407	979
407	989
408	69
408	197
408	459
408	532
408	753
408	820
409	676
409	921
409	962
409	964
409	983
409	999
410	444
410	716
410	842
410	972
410	987
410	996
411	424
411	535
411	799
411	865
411	959
411	961
412	211
412	435
412	637
412	782
412	924
412	939
413	150
413	461
413	651
413	719
413	828
413	889
414	214
414	963
414	981
414	991
414	998
414	1000
415	45
415	689
415	758
415	803
415	870
415	911
416	428
416	441
416	599
416	920
416	947
416	994
417	588
417	736
417	766
417	772
417	798
417	928
418	195
418	333
418	397
418	613
418	916
418	952
419	399
419	824
419	835
419	837
419	930
419	998
420	508
420	528
420	590
420	805
420	897
420	950
421	696
421	801
421	902
421	922
421	942
421	984
422	308
422	779
422	826
422	886
422	897
422	900
423	583
423	791
423	839
423	898
423	953
423	1000
424	308
424	411
424	730
424	737
424	812
424	823
425	547
425	794
425	872
425	931
425	986
425	987
426	51
426	372
426	622
426	747
426	871
426	992
427	300
427	450
427	799
427	813
427	901
427	959
428	416
428	479
428	504
428	920
428	947
428	994
429	748
429	862
429	975
429	985
429	987
429	998
430	368
430	468
430	841
430	890
430	965
430	995
431	30
431	839
431	900
431	962
431	979
431	998
432	247
432	338
432	358
432	368
432	386
432	965
433	402
433	924
433	939
433	953
433	971
433	984
434	135
434	314
434	648
434	883
434	898
434	953
435	183
435	412
435	639
435	733
435	924
435	939
436	847
436	906
436	919
436	935
436	959
436	977
437	240
437	668
437	720
437	805
437	819
437	960
438	601
438	859
438	865
438	875
438	959
438	984
439	526
439	792
439	802
439	891
439	972
439	989
440	522
440	784
440	813
440	909
440	992
440	993
441	416
441	538
441	679
441	768
441	834
441	978
442	404
442	876
442	899
442	900
442	918
442	982
443	196
443	333
443	755
443	911
443	976
443	991
444	410
444	626
444	702
444	918
444	987
444	996
445	244
445	512
445	527
445	778
445	947
445	968
446	603
446	697
446	885
446	973
446	974
446	980
447	364
447	367
447	772
447	939
447	988
447	995
448	402
448	653
448	788
448	797
448	816
448	978
449	292
449	467
449	537
449	602
449	916
449	952
450	318
450	427
450	476
450	709
450	959
450	984
451	307
451	744
451	790
451	796
451	804
451	907
452	64
452	270
452	601
452	642
452	836
452	958
453	134
453	178
453	488
453	582
453	836
453	937
454	29
454	282
454	799
454	836
454	959
454	986
455	334
455	336
455	478
455	659
455	745
455	977
456	2
456	475
456	855
456	909
456	933
456	993
457	92
457	744
457	796
457	828
457	907
457	948
458	244
458	552
458	950
458	981
458	998
458	1000
459	121
459	408
459	529
459	753
459	820
459	975
460	371
460	833
460	844
460	945
460	965
460	992
461	395
461	413
461	510
461	586
461	658
461	719
462	744
462	769
462	804
462	828
462	907
462	936
463	723
463	793
463	849
463	943
463	951
463	957
464	60
464	528
464	535
464	553
464	671
464	899
465	338
465	358
465	386
465	697
465	874
465	928
466	229
466	321
466	477
466	714
466	745
466	821
467	449
467	586
467	598
467	815
467	872
467	952
468	215
468	430
468	572
468	632
468	660
468	694
469	513
469	534
469	741
469	808
469	832
469	939
470	885
470	962
470	973
470	974
470	980
471	78
471	396
471	790
471	827
471	919
471	1000
472	807
472	814
472	966
472	976
472	977
472	995
473	32
473	172
473	175
473	289
473	633
473	658
474	753
474	794
474	894
474	926
474	974
474	988
474	1000
475	397
475	456
475	484
475	752
475	909
475	993
476	450
476	865
476	875
476	937
476	959
476	1000
477	323
477	466
477	714
477	718
477	821
477	990
478	455
478	507
478	570
478	659
478	690
478	745
479	353
479	428
479	851
479	909
479	933
479	993
480	633
480	664
480	685
480	838
480	946
480	975
481	608
481	651
481	818
481	856
481	905
481	959
482	212
482	296
482	835
482	928
482	957
482	968
483	628
483	763
483	950
483	963
483	981
483	1000
484	5
484	475
484	736
484	829
484	958
484	997
485	268
485	606
485	885
485	973
485	974
485	980
486	171
486	512
486	773
486	927
486	953
486	1000
487	630
487	695
487	722
487	956
487	969
487	978
488	334
488	453
488	582
488	815
488	852
488	935
489	839
489	883
489	901
489	903
489	953
489	993
490	655
490	963
490	981
490	993
490	998
490	1000
491	116
491	282
491	327
491	765
491	902
491	942
492	336
492	718
492	768
492	899
492	927
492	980
492	997
493	275
493	854
493	917
493	926
493	934
493	944
494	694
494	739
494	784
494	864
494	882
494	936
495	515
495	545
495	834
495	894
495	955
495	970
496	693
496	885
496	953
496	973
496	974
496	980
497	630
497	679
497	713
497	903
497	969
497	978
498	701
498	829
498	905
498	939
498	974
498	977
498	982
499	568
499	938
499	943
499	960
499	970
499	982
500	720
500	795
500	842
500	904
500	931
500	987
501	692
501	802
501	872
501	949
501	967
501	989
502	194
502	317
502	885
502	973
502	974
502	980
503	522
503	813
503	933
503	988
503	993
503	998
504	428
504	599
504	652
504	872
504	920
504	994
505	199
505	726
505	730
505	737
505	823
505	926
506	55
506	87
506	680
506	851
506	883
506	909
506	993
507	478
507	547
507	693
507	889
507	966
507	977
507	995
508	118
508	343
508	420
508	581
508	715
508	899
508	939
509	302
509	823
509	950
509	963
509	981
509	998
509	1000
510	126
510	150
510	395
510	461
510	688
510	719
510	980
511	618
511	764
511	823
511	882
511	925
511	940
511	991
512	216
512	445
512	486
512	513
512	645
512	778
512	879
513	219
513	469
513	512
513	527
513	645
513	778
513	980
514	530
514	905
514	921
514	956
514	962
514	964
514	999
515	344
515	495
515	886
515	894
515	955
515	970
515	972
516	531
516	803
516	855
516	860
516	943
516	951
516	957
517	812
517	941
517	945
517	954
517	956
517	962
517	999
518	948
518	974
518	979
518	983
518	985
518	988
518	997
519	851
519	932
519	941
519	954
519	962
519	964
519	999
520	318
520	689
520	848
520	893
520	923
520	979
520	984
521	186
521	524
521	673
521	766
521	879
521	928
521	990
522	213
522	440
522	503
522	713
522	933
522	942
522	993
523	554
523	725
523	802
523	949
523	972
523	976
523	989
524	285
524	392
524	521
524	705
524	798
524	928
524	986
525	41
525	574
525	687
525	779
525	918
525	940
525	969
526	439
526	540
526	644
526	692
526	949
526	972
526	989
527	244
527	445
527	513
527	645
527	747
527	778
527	894
528	420
528	464
528	590
528	671
528	899
528	923
528	972
529	353
529	459
529	950
529	963
529	981
529	998
529	1000
530	271
530	514
530	634
530	848
530	893
530	923
530	979
531	516
531	653
531	788
531	797
531	816
531	908
531	966
532	408
532	879
532	911
532	930
532	941
532	971
532	991
533	129
533	590
533	679
533	778
533	834
533	924
533	978
534	163
534	174
534	210
534	469
534	808
534	810
534	877
535	60
535	94
535	411
535	464
535	590
535	899
535	922
536	242
536	387
536	722
536	834
536	944
536	963
536	978
537	67
537	449
537	946
537	949
537	958
537	995
537	1000
538	441
538	656
538	736
538	825
538	912
538	971
538	975
539	768
539	784
539	835
539	854
539	926
539	934
539	944
540	526
540	543
540	698
540	740
540	793
540	888
540	908
541	727
541	740
541	884
541	907
541	983
541	985
541	997
542	680
542	788
542	802
542	843
542	952
542	953
542	999
543	343
543	540
543	698
543	775
543	793
543	801
543	888
544	104
544	311
544	630
544	675
544	722
544	780
544	834
545	245
545	495
545	634
545	711
545	878
545	917
545	955
546	818
546	851
546	877
546	935
546	953
546	979
546	982
547	165
547	425
547	507
547	795
547	931
547	987
547	996
548	236
548	292
548	795
548	867
548	949
548	972
548	989
549	319
549	642
549	711
549	829
549	916
549	958
549	997
550	879
550	884
550	929
550	969
550	983
550	988
550	997
551	300
551	618
551	688
551	806
551	907
551	933
551	972
552	256
552	458
552	762
552	842
552	919
552	922
552	935
553	277
553	464
553	622
553	632
553	660
553	869
553	992
554	292
554	523
554	792
554	815
554	832
554	949
554	972
555	1
555	123
555	774
555	861
555	940
555	971
555	976
556	746
556	777
556	826
556	860
556	876
556	896
556	969
557	242
557	746
557	768
557	834
557	969
557	978
557	988
558	621
558	752
558	792
558	943
558	968
558	978
558	998
559	283
559	578
559	677
559	720
559	805
559	960
559	989
560	604
560	721
560	790
560	874
560	919
560	935
560	948
561	839
561	894
561	941
561	954
561	956
561	964
561	999
562	228
562	382
562	407
562	893
562	923
562	979
562	992
563	615
563	644
563	686
563	923
563	935
563	965
563	974
564	36
564	231
564	695
564	866
564	869
564	881
564	904
565	676
565	679
565	928
565	943
565	958
565	987
565	993
566	169
566	616
566	738
566	763
566	806
566	814
566	987
567	206
567	611
567	921
567	954
567	956
567	964
567	999
568	499
568	707
568	735
568	909
568	949
568	972
568	989
569	59
569	804
569	857
569	866
569	869
569	881
569	904
570	86
570	336
570	362
570	478
570	659
570	745
570	937
571	405
571	861
571	940
571	971
571	976
571	978
571	991
572	2
572	277
572	468
572	622
572	632
572	979
572	993
573	397
573	680
573	754
573	913
573	914
573	932
573	968
574	525
574	613
574	634
574	726
574	739
574	772
574	982
575	146
575	287
575	680
575	729
575	752
575	909
575	993
576	7
576	844
576	889
576	965
576	966
576	977
576	995
577	605
577	748
577	787
577	894
577	898
577	905
577	945
578	334
578	559
578	954
578	956
578	962
578	964
578	999
579	198
579	841
579	864
579	878
579	881
579	973
579	993
580	241
580	381
580	930
580	971
580	975
580	976
580	990
581	36
581	170
581	233
581	508
581	590
581	899
581	994
582	258
582	453
582	488
582	608
582	702
582	867
582	937
583	112
583	348
583	423
583	598
583	724
583	773
583	817
584	788
584	844
584	855
584	872
584	899
584	947
584	952
584	967
585	321
585	620
585	705
585	731
585	768
585	852
585	936
585	986
586	107
586	461
586	467
586	635
586	751
586	916
586	952
586	958
587	30
587	253
587	667
587	740
587	874
587	906
587	919
587	935
588	285
588	417
588	673
588	766
588	880
588	928
588	969
588	1000
589	109
589	754
589	921
589	942
589	954
589	962
589	964
589	999
590	36
590	343
590	420
590	528
590	533
590	535
590	581
590	732
591	52
591	198
591	239
591	612
591	901
591	910
591	969
591	980
592	669
592	784
592	853
592	854
592	919
592	926
592	934
592	944
593	128
593	282
593	805
593	819
593	864
593	937
593	967
593	996
594	708
594	849
594	855
594	860
594	883
594	943
594	951
594	957
595	189
595	238
595	681
595	765
595	801
595	902
595	903
595	942
596	9
596	91
596	689
596	710
596	803
596	867
596	870
596	970
597	23
597	54
597	295
597	649
597	673
597	770
597	824
597	837
598	399
598	467
598	583
598	718
598	773
598	817
598	836
598	878
599	71
599	324
599	416
599	504
599	631
599	733
599	947
599	994
600	32
600	232
600	279
600	289
600	633
600	742
600	759
600	829
601	180
601	243
601	438
601	452
601	642
601	922
601	958
601	992
602	53
602	58
602	152
602	250
602	449
602	831
602	916
602	952
603	28
603	69
603	121
603	376
603	446
603	753
603	802
603	820
604	560
604	739
604	844
604	857
604	866
604	869
604	881
604	904
605	192
605	266
605	577
605	748
605	787
605	804
605	905
605	983
606	485
606	727
606	871
606	884
606	911
606	983
606	988
606	997
607	270
607	783
607	887
607	925
607	930
607	971
607	976
607	991
608	134
608	481
608	582
608	735
608	756
608	901
608	920
608	937
609	153
609	704
609	825
609	843
609	912
609	938
609	946
609	996
610	784
610	854
610	868
610	926
610	934
610	944
610	964
610	969
611	567
611	880
611	950
611	962
611	963
611	981
611	998
611	1000
612	198
612	239
612	591
612	637
612	819
612	847
612	969
612	990
613	418
613	574
613	767
613	826
613	838
613	918
613	945
613	982
614	667
614	802
614	803
614	893
614	946
614	949
614	972
614	989
615	563
615	646
615	694
615	850
615	888
615	947
615	970
615	978
616	232
616	566
616	766
616	773
616	817
616	844
616	953
616	993
617	306
617	406
617	754
617	786
617	913
617	914
617	932
617	968
618	511
618	551
618	668
618	750
618	878
618	894
618	921
618	970
619	61
619	773
619	889
619	898
619	927
619	946
619	953
619	972
620	40
620	585
620	705
620	731
620	756
620	852
620	936
620	982
621	558
621	623
621	699
621	733
621	885
621	973
621	974
621	980
622	59
622	136
622	426
622	553
622	572
622	870
622	949
622	978
623	254
623	621
623	733
623	885
623	915
623	973
623	974
623	980
624	315
624	755
624	948
624	962
624	983
624	985
624	988
624	997
625	815
625	869
625	884
625	950
625	963
625	981
625	998
625	1000
626	78
626	161
626	444
626	716
626	770
626	795
626	842
626	987
627	21
627	641
627	783
627	794
627	953
627	961
627	972
627	989
628	483
628	818
628	831
628	838
628	912
628	926
628	946
628	975
629	257
629	292
629	667
629	735
629	859
629	908
629	949
629	989
630	378
630	487
630	497
630	544
630	768
630	780
630	940
630	978
631	599
631	697
631	793
631	821
631	908
631	985
631	989
631	998
632	2
632	51
632	372
632	468
632	553
632	572
632	873
632	877
633	181
633	232
633	248
633	473
633	480
633	600
633	872
633	947
634	260
634	530
634	545
634	574
634	878
634	955
634	970
634	986
635	53
635	255
635	333
635	586
635	639
635	916
635	920
635	952
636	38
636	268
636	676
636	760
636	848
636	922
636	979
636	990
637	402
637	412
637	612
637	639
637	782
637	866
637	924
637	939
638	730
638	812
638	888
638	923
638	936
638	956
638	966
638	975
638	979
639	81
639	120
639	341
639	435
639	635
639	637
639	924
639	939
639	984
640	703
640	746
640	754
640	786
640	913
640	914
640	932
640	968
640	987
641	305
641	627
641	674
641	709
641	735
641	802
641	935
641	972
641	989
642	279
642	452
642	549
642	601
642	711
642	829
642	877
642	958
642	992
643	670
643	746
643	884
643	929
643	948
643	983
643	985
643	988
643	997
644	526
644	563
644	724
644	838
644	903
644	905
644	932
644	941
644	999
645	219
645	261
645	512
645	513
645	527
645	725
645	780
645	824
645	873
646	615
646	784
646	854
646	913
646	926
646	934
646	944
646	951
646	969
647	403
647	764
647	778
647	861
647	896
647	940
647	971
647	976
647	991
648	284
648	323
648	434
648	723
648	839
648	883
648	898
648	953
648	985
649	597
649	744
649	769
649	796
649	804
649	828
649	890
649	896
649	907
650	99
650	394
650	820
650	841
650	861
650	965
650	966
650	977
650	995
651	162
651	187
651	207
651	389
651	413
651	481
651	658
651	719
651	786
652	504
652	890
652	964
652	965
652	966
652	977
652	990
652	992
652	995
653	349
653	448
653	531
653	695
653	788
653	797
653	816
653	858
653	880
654	335
654	356
654	722
654	780
654	781
654	912
654	966
654	978
654	990
655	490
655	876
655	889
655	908
655	965
655	966
655	977
655	990
655	995
656	19
656	96
656	538
656	677
656	825
656	831
656	917
656	938
656	975
657	185
657	671
657	929
657	948
657	983
657	985
657	988
657	993
657	997
658	64
658	162
658	315
658	389
658	461
658	473
658	651
658	719
658	790
659	86
659	336
659	375
659	455
659	478
659	570
659	745
659	925
659	989
660	136
660	277
660	287
660	372
660	468
660	553
660	694
660	813
660	992
661	685
661	818
661	838
661	912
661	930
661	938
661	975
661	990
661	997
662	182
662	331
662	772
662	845
662	873
662	887
662	918
662	973
662	982
663	248
663	251
663	287
663	342
663	382
663	669
663	710
663	720
663	960
664	480
664	911
664	929
664	948
664	966
664	983
664	985
664	988
664	997
665	249
665	362
665	763
665	781
665	806
665	859
665	895
665	929
665	947
666	680
666	704
666	729
666	813
666	851
666	926
666	933
666	945
666	993
667	587
667	614
667	629
667	792
667	802
667	914
667	949
667	972
667	989
668	437
668	618
668	750
668	771
668	886
668	906
668	970
668	986
668	994
669	201
669	592
669	663
669	681
669	784
669	854
669	926
669	934
669	944
670	110
670	643
670	861
670	882
670	925
670	940
670	971
670	990
670	991
671	118
671	233
671	261
671	464
671	528
671	657
671	689
671	822
671	899
672	727
672	755
672	871
672	881
672	916
672	948
672	983
672	985
672	990
672	997
673	329
673	521
673	588
673	597
673	717
673	766
673	798
673	922
673	928
673	986
674	373
674	641
674	735
674	739
674	751
674	792
674	909
674	949
674	972
674	989
675	330
675	544
675	743
675	807
675	841
675	881
675	890
675	966
675	977
675	995
676	20
676	133
676	407
676	409
676	565
676	636
676	858
676	893
676	899
676	979
677	89
677	121
677	200
677	283
677	312
677	559
677	656
677	805
677	960
677	996
678	365
678	373
678	728
678	858
678	923
678	960
678	979
678	980
678	986
678	992
679	302
679	441
679	497
679	533
679	565
679	711
679	780
679	851
679	978
679	990
680	506
680	542
680	573
680	575
680	666
680	695
680	851
680	909
680	933
680	993
681	142
681	595
681	669
681	696
681	765
681	801
681	902
681	903
681	942
681	996
682	253
682	712
682	849
682	855
682	860
682	943
682	951
682	957
682	964
682	999
683	106
683	255
683	826
683	850
683	864
683	921
683	958
683	982
683	992
683	993
684	81
684	97
684	281
684	303
684	353
684	741
684	808
684	848
684	877
684	972
685	480
685	661
685	715
685	747
685	811
685	818
685	881
685	912
685	930
685	975
686	563
686	771
686	828
686	921
686	941
686	954
686	956
686	962
686	964
686	999
687	70
687	153
687	393
687	525
687	732
687	737
687	812
687	823
687	847
687	891
688	27
688	46
688	112
688	224
688	510
688	551
688	850
688	886
688	967
688	992
689	415
689	520
689	596
689	671
689	704
689	706
689	803
689	867
689	870
689	983
690	203
690	267
690	478
690	871
690	929
690	948
690	983
690	985
690	988
690	997
691	335
691	753
691	757
691	763
691	781
691	796
691	968
691	971
691	985
691	997
692	257
692	501
692	526
692	792
692	840
692	857
692	863
692	949
692	972
692	989
693	496
693	507
693	841
693	856
693	890
693	966
693	977
693	978
693	984
693	995
694	59
694	277
694	350
694	386
694	468
694	494
694	615
694	660
694	915
694	992
695	315
695	404
695	487
695	564
695	653
695	680
695	704
695	788
695	797
695	816
696	327
696	351
696	421
696	681
696	765
696	902
696	903
696	942
696	956
696	971
697	47
697	96
697	247
697	338
697	368
697	386
697	446
697	465
697	631
697	717
698	108
698	253
698	540
698	543
698	740
698	764
698	775
698	888
698	923
698	996
699	169
699	362
699	621
699	763
699	781
699	806
699	814
699	858
699	897
699	944
700	102
700	157
700	165
700	213
700	234
700	269
700	274
700	326
700	785
700	822
701	155
701	498
701	770
701	824
701	837
701	848
701	879
701	886
701	930
701	947
702	101
702	360
702	363
702	444
702	582
702	765
702	842
702	931
702	986
702	987
703	360
703	640
703	754
703	786
703	858
703	913
703	914
703	932
703	968
703	977
704	66
704	609
704	666
704	689
704	695
704	815
704	901
704	942
704	964
704	999
705	177
705	524
705	585
705	620
705	756
705	852
705	871
705	936
705	976
705	986
706	43
706	137
706	251
706	689
706	758
706	803
706	867
706	870
706	920
706	945
707	349
707	568
707	792
707	802
707	949
707	961
707	972
707	989
707	990
707	991
708	162
708	594
708	774
708	866
708	882
708	925
708	930
708	940
708	971
708	976
709	21
709	450
709	641
709	735
709	792
709	876
709	949
709	972
709	978
709	989
710	179
710	200
710	218
710	240
710	297
710	382
710	596
710	663
710	805
710	960
711	5
711	25
711	545
711	549
711	642
711	679
711	829
711	958
711	961
711	970
712	363
712	682
712	849
712	855
712	860
712	933
712	943
712	951
712	957
712	976
713	34
713	497
713	522
713	762
713	789
713	813
713	823
713	851
713	946
713	993
713	996
714	154
714	168
714	220
714	225
714	466
714	477
714	736
714	794
714	821
714	911
714	930
715	376
715	508
715	685
715	721
715	743
715	747
715	837
715	843
715	927
715	938
715	975
716	79
716	132
716	410
716	626
716	795
716	798
716	842
716	879
716	931
716	964
716	987
717	40
717	673
717	697
717	840
717	871
717	929
717	948
717	983
717	985
717	988
717	997
718	137
718	322
718	348
718	477
718	492
718	598
718	724
718	773
718	817
718	820
718	942
719	150
719	395
719	413
719	461
719	510
719	651
719	658
719	761
719	787
719	895
719	985
720	248
720	437
720	500
720	559
720	663
720	734
720	757
720	782
720	805
720	908
720	960
721	77
721	560
721	715
721	743
721	831
721	843
721	845
721	848
721	912
721	946
721	975
722	239
722	252
722	381
722	487
722	536
722	544
722	654
722	768
722	834
722	978
722	990
723	132
723	391
723	463
723	648
723	726
723	791
723	839
723	883
723	898
723	953
723	995
724	137
724	322
724	348
724	583
724	644
724	718
724	773
724	817
724	919
724	924
724	925
725	523
725	645
725	750
725	781
725	806
725	864
725	870
725	945
725	949
725	954
725	962
726	192
726	400
726	505
726	574
726	723
726	767
726	873
726	900
726	918
726	969
726	982
727	341
727	541
727	606
727	672
727	750
727	880
727	929
727	961
727	983
727	985
727	988
728	56
728	292
728	391
728	678
728	760
728	893
728	923
728	967
728	979
728	990
728	992
729	575
729	666
729	752
729	813
729	815
729	851
729	909
729	933
729	949
729	993
729	999
730	393
730	424
730	505
730	638
730	737
730	812
730	823
730	834
730	836
730	891
730	975
731	72
731	150
731	377
731	585
731	620
731	742
731	852
731	865
731	914
731	936
731	970
732	366
732	590
732	687
732	759
732	764
732	814
732	868
732	872
732	963
732	990
732	994
733	435
733	599
733	621
733	623
733	885
733	961
733	970
733	973
733	974
733	980
733	983
734	45
734	75
734	251
734	283
734	297
734	720
734	769
734	805
734	872
734	960
734	965
735	568
735	608
735	629
735	641
735	674
735	709
735	868
735	940
735	949
735	960
735	989
736	417
736	484
736	538
736	714
736	821
736	905
736	955
736	958
736	970
736	984
736	990
737	153
737	186
737	424
737	505
737	687
737	730
737	812
737	823
737	838
737	964
737	985
738	250
738	265
738	566
738	830
738	878
738	895
738	917
738	927
738	973
738	985
738	994
738	995
739	35
739	111
739	196
739	494
739	574
739	604
739	674
739	792
739	802
739	949
739	972
739	989
740	129
740	175
740	266
740	540
740	541
740	587
740	698
740	775
740	793
740	843
740	847
740	888
741	252
741	281
741	303
741	469
741	684
741	808
741	832
741	877
741	884
741	885
741	896
741	914
742	364
742	373
742	600
742	731
742	796
742	824
742	837
742	854
742	936
742	947
742	973
742	979
743	106
743	235
743	675
743	715
743	721
743	817
743	843
743	912
743	946
743	975
743	995
743	996
744	163
744	325
744	331
744	451
744	457
744	462
744	649
744	769
744	796
744	804
744	828
744	907
745	86
745	187
745	221
745	336
745	455
745	466
745	478
745	570
745	659
745	791
745	912
745	945
746	182
746	355
746	556
746	557
746	640
746	643
746	749
746	845
746	873
746	900
746	945
746	969
747	24
747	247
747	426
747	527
747	685
747	715
747	818
747	825
747	831
747	838
747	912
747	975
748	73
748	119
748	228
748	309
748	429
748	577
748	605
748	787
748	801
748	905
748	921
748	945
749	127
749	746
749	767
749	845
749	846
749	873
749	875
749	876
749	912
749	918
749	930
749	982
750	141
750	618
750	668
750	725
750	727
750	771
750	878
750	894
750	910
750	955
750	965
750	970
751	586
751	674
751	758
751	798
751	842
751	867
751	913
751	916
751	957
751	968
751	980
751	987
752	291
752	475
752	558
752	575
752	729
752	792
752	813
752	909
752	933
752	941
752	993
752	995
753	28
753	197
753	209
753	376
753	408
753	459
753	474
753	603
753	691
753	820
753	919
753	994
754	374
754	573
754	589
754	617
754	640
754	703
754	786
754	847
754	913
754	914
754	932
754	968
754	984
755	86
755	443
755	624
755	672
755	854
755	871
755	884
755	929
755	948
755	983
755	985
755	988
755	997
756	26
756	42
756	317
756	377
756	385
756	608
756	620
756	705
756	852
756	870
756	886
756	898
756	936
757	691
757	720
757	809
757	840
757	892
757	900
757	917
757	927
757	982
758	226
758	325
758	415
758	706
758	751
758	803
758	806
758	867
758	870
758	914
758	920
758	930
758	994
759	25
759	93
759	366
759	600
759	732
759	814
759	863
759	868
759	872
759	968
759	979
759	990
759	994
760	33
760	238
760	271
760	395
760	398
760	636
760	728
760	848
760	849
760	866
760	868
760	923
760	979
761	205
761	719
761	887
761	889
761	915
761	921
761	941
761	954
761	956
761	962
761	964
761	992
761	999
762	552
762	713
762	775
762	808
762	888
762	903
762	906
762	942
762	955
762	987
762	993
762	999
763	103
763	249
763	359
763	483
763	566
763	665
763	691
763	699
763	781
763	806
763	897
763	922
763	982
764	337
764	511
764	647
764	698
764	732
764	783
764	846
764	882
764	925
764	930
764	971
764	976
764	991
765	18
765	319
765	491
765	595
765	681
765	696
765	702
765	801
765	902
765	903
765	937
765	942
765	992
766	229
766	417
766	521
766	588
766	616
766	673
766	778
766	798
766	818
766	879
766	928
766	941
766	986
767	405
767	613
767	726
767	749
767	775
767	795
767	814
767	826
767	845
767	900
767	909
767	918
767	982
768	70
768	242
768	328
768	441
768	492
768	539
768	557
768	585
768	630
768	722
768	879
768	978
768	990
769	17
769	71
769	195
769	462
769	649
769	734
769	744
769	796
769	804
769	828
769	865
769	907
769	993
770	92
770	259
770	295
770	298
770	325
770	597
770	626
770	701
770	824
770	835
770	837
770	879
770	965
771	258
771	286
771	668
771	686
771	750
771	863
771	878
771	886
771	894
771	924
771	955
771	967
771	970
772	417
772	447
772	574
772	662
772	777
772	779
772	810
772	834
772	845
772	876
772	896
772	900
772	922
773	144
773	211
773	486
773	583
773	598
773	616
773	619
773	718
773	724
773	817
773	836
773	911
773	944
774	66
774	70
774	122
774	555
774	708
774	903
774	911
774	930
774	931
774	940
774	971
774	976
774	991
775	17
775	108
775	253
775	543
775	698
775	740
775	762
775	767
775	793
775	811
775	812
775	857
775	888
776	371
776	807
776	887
776	915
776	921
776	926
776	941
776	951
776	954
776	956
776	962
776	964
776	999
777	246
777	272
777	556
777	772
777	845
777	873
777	876
777	900
777	915
777	933
777	943
777	982
777	996
778	15
778	76
778	244
778	261
778	445
778	512
778	513
778	527
778	533
778	647
778	766
778	868
778	985
779	194
779	357
779	422
779	525
779	772
779	794
779	873
779	900
779	918
779	922
779	929
779	933
779	982
780	37
780	123
780	286
780	335
780	544
780	630
780	645
780	654
780	679
780	834
780	836
780	969
780	978
780	984
781	103
781	166
781	654
781	665
781	691
781	699
781	725
781	763
781	806
781	858
781	895
781	900
781	995
781	998
782	114
782	208
782	293
782	341
782	402
782	412
782	637
782	720
782	821
782	890
782	924
782	939
782	984
782	999
783	68
783	263
783	276
783	607
783	627
783	764
783	785
783	911
783	930
783	940
783	952
783	971
783	976
783	991
784	227
784	275
784	440
784	494
784	539
784	592
784	610
784	646
784	669
784	854
784	917
784	926
784	934
784	944
785	22
785	98
785	102
785	157
785	165
785	213
785	215
785	317
785	700
785	783
785	950
785	955
785	959
785	987
786	73
786	274
786	617
786	640
786	651
786	703
786	754
786	895
786	913
786	914
786	932
786	960
786	968
786	1000
787	73
787	119
787	228
787	260
787	271
787	309
787	577
787	605
787	719
787	748
787	847
787	905
787	912
787	945
788	14
788	299
788	448
788	531
788	542
788	584
788	653
788	695
788	814
788	816
788	886
788	907
788	938
788	992
789	33
789	50
789	113
789	379
789	396
789	713
789	790
789	799
789	827
789	874
789	906
789	919
789	935
789	952
790	188
790	310
790	390
790	451
790	471
790	560
790	658
790	789
790	827
790	862
790	906
790	919
790	935
790	957
791	423
791	723
791	745
791	814
791	815
791	839
791	869
791	883
791	898
791	900
791	901
791	945
791	953
791	989
792	160
792	439
792	554
792	558
792	667
792	674
792	692
792	707
792	709
792	739
792	752
792	803
792	814
792	972
793	17
793	18
793	103
793	175
793	266
793	463
793	540
793	543
793	631
793	740
793	775
793	847
793	888
793	940
794	246
794	322
794	349
794	425
794	474
794	627
794	714
794	779
794	821
794	841
794	956
794	959
794	964
794	965
795	375
795	500
795	547
795	548
795	626
795	716
795	767
795	842
795	931
795	940
795	961
795	974
795	987
795	996
796	307
796	380
796	451
796	457
796	649
796	691
796	742
796	744
796	769
796	804
796	828
796	907
796	997
796	1000
797	14
797	173
797	221
797	299
797	404
797	448
797	531
797	653
797	695
797	816
797	886
797	904
797	908
797	995
798	5
798	229
798	329
798	417
798	524
798	673
798	716
798	751
798	766
798	880
798	896
798	928
798	955
798	961
799	252
799	411
799	427
799	454
799	789
799	859
799	865
799	875
799	959
799	961
799	969
799	977
799	984
799	995
800	259
800	811
800	846
800	853
800	880
800	937
800	948
800	950
800	956
800	963
800	981
800	998
800	1000
801	48
801	154
801	421
801	543
801	595
801	681
801	748
801	765
801	896
801	902
801	903
801	940
801	942
801	981
802	439
802	501
802	523
802	542
802	603
802	614
802	641
802	667
802	707
802	739
802	935
802	949
802	972
802	989
802	992
803	9
803	226
803	264
803	291
803	415
803	516
803	596
803	614
803	689
803	706
803	758
803	792
803	867
803	870
803	936
804	127
804	451
804	462
804	569
804	605
804	649
804	744
804	769
804	796
804	828
804	896
804	897
804	907
804	925
804	979
805	45
805	89
805	184
805	191
805	248
805	398
805	420
805	437
805	559
805	593
805	677
805	710
805	720
805	734
805	960
806	249
806	359
806	362
806	551
806	566
806	665
806	699
806	725
806	758
806	763
806	781
806	934
806	940
806	969
806	981
807	202
807	472
807	675
807	776
807	841
807	890
807	927
807	965
807	966
807	967
807	977
807	981
807	982
807	995
807	1000
808	97
808	130
808	163
808	210
808	281
808	363
808	469
808	534
808	684
808	741
808	762
808	832
808	857
808	934
808	980
809	13
809	757
809	840
809	864
809	892
809	903
809	917
809	927
809	929
809	967
810	534
810	772
810	856
810	857
810	866
810	869
810	881
810	895
810	904
810	946
811	152
811	685
811	775
811	800
811	846
811	853
811	861
811	880
811	950
811	963
811	981
811	998
811	1000
812	186
812	393
812	400
812	424
812	517
812	638
812	687
812	730
812	737
812	775
812	823
812	824
812	847
812	947
812	982
813	135
813	301
813	427
813	440
813	503
813	660
813	666
813	713
813	729
813	752
813	851
813	909
813	933
813	972
813	993
814	472
814	566
814	699
814	732
814	759
814	767
814	788
814	791
814	792
814	839
814	869
814	904
814	962
814	994
814	999
815	307
815	467
815	488
815	554
815	625
815	704
815	729
815	791
815	938
815	946
815	952
815	953
815	977
815	995
815	1000
816	4
816	14
816	54
816	299
816	404
816	448
816	531
816	653
816	695
816	788
816	797
816	858
816	908
816	990
816	998
817	131
817	137
817	278
817	322
817	348
817	583
817	598
817	616
817	718
817	724
817	743
817	773
817	836
817	919
817	963
818	354
818	481
818	546
818	628
818	661
818	685
818	747
818	766
818	831
818	843
818	912
818	946
818	973
818	975
818	976
819	282
819	316
819	406
819	437
819	593
819	612
819	845
819	864
819	910
819	937
819	951
819	967
819	996
820	28
820	69
820	121
820	197
820	209
820	376
820	408
820	459
820	603
820	650
820	718
820	753
820	854
820	895
820	974
821	154
821	168
821	225
821	294
821	310
821	321
821	323
821	466
821	477
821	631
821	714
821	736
821	782
821	794
821	892
822	671
822	700
822	828
822	829
822	861
822	899
822	902
822	907
822	942
822	957
822	958
822	978
822	988
822	993
822	997
823	153
823	186
823	393
823	401
823	424
823	505
823	509
823	511
823	687
823	713
823	730
823	737
823	812
823	847
823	891
823	946
824	54
824	190
824	259
824	298
824	355
824	419
824	597
824	645
824	701
824	742
824	770
824	812
824	835
824	837
824	947
824	956
825	176
825	354
825	538
825	609
825	656
825	747
825	831
825	875
825	883
825	897
825	898
825	938
825	946
825	975
825	996
825	998
826	55
826	355
826	422
826	556
826	613
826	683
826	767
826	873
826	876
826	890
826	918
826	954
826	961
826	963
826	982
826	986
827	3
827	236
827	245
827	293
827	379
827	393
827	471
827	789
827	790
827	862
827	874
827	908
827	919
827	932
827	935
827	962
828	71
828	413
828	457
828	462
828	649
828	686
828	744
828	769
828	796
828	804
828	822
828	897
828	907
828	961
828	985
828	994
829	25
829	369
829	484
829	498
829	549
829	600
829	642
829	711
829	822
829	892
829	957
829	958
829	961
829	967
829	990
829	992
830	126
830	738
830	843
830	887
830	915
830	921
830	941
830	943
830	954
830	956
830	962
830	964
830	976
830	999
831	96
831	207
831	388
831	602
831	628
831	656
831	721
831	747
831	818
831	825
831	887
831	907
831	912
831	938
831	946
831	975
832	19
832	97
832	130
832	232
832	270
832	303
832	339
832	353
832	389
832	469
832	554
832	741
832	808
832	877
832	896
832	936
833	13
833	125
833	142
833	206
833	235
833	371
833	460
833	844
833	856
833	865
833	872
833	945
833	968
833	992
834	37
834	356
834	387
834	441
834	495
834	533
834	536
834	544
834	557
834	722
834	730
834	772
834	780
834	929
834	969
834	978
835	23
835	54
835	295
835	298
835	304
835	399
835	419
835	482
835	539
835	770
835	824
835	837
835	842
835	886
835	985
835	987
836	369
836	452
836	453
836	454
836	598
836	730
836	773
836	780
836	817
836	951
836	954
836	957
836	958
836	978
836	981
836	1000
837	57
837	259
837	298
837	399
837	419
837	597
837	701
837	715
837	742
837	770
837	824
837	835
837	867
837	879
837	891
837	900
838	106
838	480
838	613
838	628
838	644
838	661
838	737
838	747
838	843
838	912
838	938
838	946
838	983
838	988
838	994
838	996
839	24
839	39
839	104
839	423
839	431
839	489
839	561
839	648
839	723
839	791
839	814
839	874
839	883
839	898
839	921
839	953
839	986
840	692
840	717
840	757
840	809
840	892
840	913
840	917
840	923
840	927
840	967
840	978
841	38
841	159
841	326
841	430
841	579
841	650
841	675
841	693
841	794
841	807
841	889
841	890
841	918
841	965
841	966
841	977
841	995
842	117
842	410
842	500
842	552
842	626
842	702
842	716
842	751
842	795
842	835
842	890
842	920
842	928
842	931
842	951
842	986
842	987
843	62
843	369
843	542
843	609
843	715
843	721
843	740
843	743
843	818
843	830
843	838
843	912
843	921
843	938
843	946
843	975
843	985
844	84
844	125
844	142
844	206
844	235
844	250
844	371
844	460
844	576
844	584
844	604
844	616
844	833
844	945
844	949
844	967
844	992
845	272
845	312
845	662
845	721
845	746
845	749
845	767
845	772
845	777
845	819
845	873
845	876
845	891
845	918
845	982
845	989
845	998
846	749
846	764
846	800
846	811
846	853
846	869
846	880
846	897
846	932
846	950
846	953
846	963
846	981
846	998
846	1000
847	52
847	239
847	436
847	612
847	687
847	740
847	754
847	787
847	793
847	812
847	823
847	862
847	894
847	905
847	915
847	975
847	996
848	12
848	133
848	271
848	520
848	530
848	636
848	684
848	701
848	721
848	760
848	893
848	964
848	967
848	979
848	986
848	990
848	992
849	144
849	378
849	463
849	594
849	682
849	712
849	760
849	855
849	860
849	865
849	867
849	885
849	943
849	951
849	957
849	982
849	994
850	27
850	46
850	61
850	112
850	120
850	173
850	224
850	615
850	683
850	688
850	853
850	857
850	886
850	966
850	967
850	987
850	994
851	217
851	246
851	284
851	383
851	479
851	506
851	519
851	546
851	666
851	679
851	680
851	713
851	729
851	813
851	909
851	933
851	993
852	26
852	42
852	72
852	88
852	314
852	385
852	488
852	585
852	620
852	705
852	731
852	756
852	860
852	914
852	936
852	986
852	989
853	592
853	800
853	811
853	846
853	850
853	873
853	880
853	950
853	963
853	974
853	978
853	981
853	996
853	998
853	999
853	1000
854	288
854	401
854	493
854	539
854	592
854	610
854	646
854	669
854	742
854	755
854	784
854	820
854	893
854	926
854	934
854	944
854	996
855	191
855	378
855	456
855	516
855	584
855	594
855	682
855	712
855	849
855	860
855	920
855	943
855	951
855	957
855	971
855	984
855	994
856	200
856	481
856	693
856	810
856	833
856	857
856	866
856	869
856	881
856	904
856	918
856	933
857	38
857	240
857	345
857	569
857	604
857	692
857	775
857	808
857	810
857	850
857	856
857	866
857	869
857	881
857	904
858	16
858	83
858	167
858	251
858	653
858	676
858	678
858	699
858	703
858	781
858	816
858	861
858	934
858	940
858	944
858	979
858	998
859	11
859	117
859	171
859	214
859	222
859	438
859	629
859	665
859	799
859	861
859	865
859	875
859	891
859	959
859	962
859	971
859	986
860	100
860	378
860	516
860	556
860	594
860	682
860	712
860	849
860	852
860	855
860	903
860	937
860	939
860	943
860	951
860	957
860	958
860	994
861	265
861	555
861	571
861	647
861	650
861	670
861	811
861	822
861	858
861	859
861	863
861	911
861	925
861	930
861	965
861	971
861	976
861	991
862	33
862	308
862	370
862	383
862	390
862	429
862	790
862	827
862	847
862	868
862	874
862	906
862	908
862	919
862	933
862	935
862	947
862	993
863	692
863	759
863	771
863	861
863	894
863	903
863	938
863	942
863	950
863	958
863	965
863	970
863	977
863	983
863	990
863	994
863	995
863	997
864	176
864	224
864	282
864	316
864	368
864	406
864	494
864	579
864	593
864	683
864	725
864	809
864	819
864	878
864	910
864	937
864	967
864	996
865	11
865	29
865	161
865	216
865	222
865	300
865	411
865	438
865	476
865	731
865	769
865	799
865	833
865	849
865	859
865	875
865	959
865	961
866	38
866	82
866	320
866	345
866	564
866	569
866	604
866	637
866	708
866	760
866	810
866	856
866	857
866	869
866	881
866	888
866	904
866	908
867	91
867	264
867	325
867	548
867	582
867	596
867	689
867	706
867	751
867	758
867	803
867	837
867	849
867	870
867	906
867	920
867	945
867	998
868	124
868	216
868	261
868	342
868	610
868	732
868	735
868	759
868	760
868	778
868	862
868	923
868	945
868	974
868	979
868	980
868	987
868	994
869	82
869	190
869	359
869	553
869	564
869	569
869	604
869	625
869	791
869	810
869	814
869	846
869	856
869	857
869	866
869	881
869	904
869	908
870	91
870	226
870	264
870	396
870	415
870	596
870	622
870	689
870	706
870	725
870	756
870	758
870	803
870	867
870	920
870	945
870	981
870	986
871	407
871	426
871	606
871	672
871	690
871	705
871	717
871	755
871	884
871	928
871	929
871	943
871	948
871	951
871	983
871	985
871	988
871	997
872	163
872	324
872	346
872	425
872	467
872	501
872	504
872	584
872	633
872	732
872	734
872	759
872	833
872	877
872	916
872	934
872	952
872	994
873	185
873	632
873	645
873	662
873	726
873	746
873	749
873	777
873	779
873	826
873	845
873	853
873	876
873	895
873	918
873	945
873	979
873	1000
874	31
874	139
874	256
874	370
874	383
874	465
874	560
874	587
874	789
874	827
874	839
874	862
874	889
874	906
874	919
874	922
874	935
874	987
875	142
875	161
875	171
875	214
875	300
875	340
875	438
875	476
875	749
875	799
875	825
875	859
875	865
875	891
875	913
875	928
875	959
875	961
875	986
876	41
876	204
876	442
876	556
876	655
876	709
876	749
876	772
876	777
876	826
876	845
876	873
876	900
876	910
876	918
876	945
876	964
876	971
876	982
877	19
877	210
877	265
877	281
877	303
877	339
877	353
877	363
877	534
877	546
877	632
877	642
877	684
877	741
877	832
877	872
877	896
877	959
877	996
878	10
878	79
878	94
878	188
878	545
878	579
878	598
878	618
878	634
878	738
878	750
878	771
878	864
878	894
878	945
878	955
878	962
878	970
878	994
879	10
879	512
879	521
879	532
879	550
879	701
879	716
879	766
879	768
879	770
879	837
879	928
879	931
879	940
879	960
879	978
879	984
879	987
879	1000
880	588
880	611
880	653
880	727
880	798
880	800
880	811
880	846
880	853
880	885
880	941
880	950
880	963
880	981
880	984
880	992
880	996
880	998
880	1000
881	190
881	203
881	564
881	569
881	579
881	604
881	672
881	675
881	685
881	810
881	856
881	857
881	866
881	869
881	891
881	904
881	908
881	961
881	984
882	50
882	51
882	174
882	390
882	494
882	511
882	670
882	708
882	764
882	911
882	921
882	925
882	930
882	940
882	969
882	971
882	976
882	989
882	991
883	104
883	132
883	178
883	179
883	258
883	314
883	434
883	489
883	506
883	594
883	648
883	723
883	791
883	825
883	839
883	898
883	953
883	959
883	978
884	280
884	288
884	403
884	541
884	550
884	606
884	625
884	643
884	741
884	755
884	871
884	929
884	948
884	958
884	974
884	983
884	985
884	988
884	997
885	266
885	446
885	470
885	485
885	496
885	502
885	621
885	623
885	733
885	741
885	849
885	880
885	895
885	961
885	973
885	974
885	980
885	991
886	143
886	422
886	515
886	668
886	688
886	701
886	756
886	771
886	788
886	797
886	835
886	850
886	898
886	902
886	909
886	934
886	936
886	957
886	967
887	267
887	340
887	388
887	607
887	662
887	761
887	776
887	830
887	831
887	915
887	921
887	941
887	954
887	956
887	962
887	964
887	999
888	17
888	18
888	108
888	175
888	253
888	257
888	266
888	540
888	543
888	615
888	638
888	698
888	740
888	762
888	775
888	793
888	866
888	901
888	920
888	982
889	131
889	374
889	413
889	507
889	576
889	619
889	655
889	761
889	841
889	874
889	890
889	899
889	924
889	937
889	965
889	966
889	967
889	977
889	984
889	995
890	173
890	330
890	347
890	430
890	649
890	652
890	675
890	693
890	782
890	807
890	826
890	841
890	842
890	889
890	965
890	966
890	977
890	984
890	995
890	997
891	263
891	439
891	687
891	730
891	823
891	837
891	845
891	859
891	875
891	881
891	894
891	913
891	918
891	925
891	929
891	947
891	982
891	986
891	988
891	997
892	80
892	304
892	313
892	381
892	757
892	809
892	821
892	829
892	840
892	910
892	917
892	927
892	931
892	951
892	961
892	967
892	973
893	20
893	65
893	238
893	271
893	318
893	365
893	407
893	520
893	530
893	562
893	614
893	676
893	728
893	848
893	854
893	908
893	923
893	934
893	941
893	979
893	986
894	148
894	260
894	337
894	474
894	495
894	515
894	527
894	561
894	577
894	618
894	750
894	771
894	847
894	863
894	878
894	891
894	910
894	935
894	955
894	970
894	994
895	207
895	256
895	395
895	665
895	719
895	738
895	781
895	786
895	810
895	820
895	873
895	885
895	925
895	932
895	943
895	951
895	957
895	965
895	966
895	968
895	977
896	556
896	647
896	649
896	741
896	772
896	798
896	801
896	804
896	832
896	877
896	903
896	907
896	928
896	938
896	942
896	953
896	960
896	969
896	973
896	974
896	980
897	60
897	75
897	420
897	422
897	699
897	763
897	804
897	825
897	828
897	846
897	899
897	907
897	913
897	914
897	926
897	956
897	964
897	968
897	973
897	980
897	999
898	24
898	39
898	179
898	278
898	314
898	391
898	423
898	434
898	577
898	619
898	648
898	723
898	756
898	791
898	825
898	839
898	883
898	886
898	934
898	938
898	953
899	36
899	118
899	211
899	233
899	343
899	442
899	464
899	492
899	508
899	528
899	535
899	581
899	584
899	671
899	676
899	822
899	889
899	897
899	927
899	935
899	999
900	33
900	152
900	194
900	422
900	431
900	442
900	726
900	746
900	757
900	767
900	772
900	777
900	779
900	781
900	791
900	837
900	876
900	905
900	918
900	945
900	982
901	79
901	159
901	202
901	342
901	427
901	489
901	591
901	608
901	704
901	791
901	888
901	912
901	941
901	946
901	948
901	953
901	963
901	975
901	983
901	988
901	998
901	1000
902	39
902	48
902	149
902	183
902	305
902	306
902	312
902	327
902	421
902	491
902	595
902	681
902	696
902	765
902	801
902	822
902	886
902	903
902	937
902	942
902	964
902	990
903	46
903	183
903	305
903	306
903	489
903	497
903	595
903	644
903	681
903	696
903	762
903	765
903	774
903	801
903	809
903	860
903	863
903	896
903	902
903	911
903	937
903	942
904	82
904	190
904	343
904	345
904	379
904	384
904	403
904	500
904	564
904	569
904	604
904	797
904	810
904	814
904	856
904	857
904	866
904	869
904	881
904	908
904	949
904	988
905	73
905	85
905	119
905	192
905	228
905	269
905	309
905	481
905	498
905	514
905	577
905	605
905	644
905	736
905	748
905	787
905	847
905	900
905	910
905	945
905	981
905	998
906	159
906	205
906	227
906	245
906	310
906	351
906	370
906	379
906	396
906	436
906	587
906	668
906	762
906	789
906	790
906	862
906	867
906	874
906	919
906	932
906	935
906	993
907	71
907	195
907	307
907	451
907	457
907	462
907	541
907	551
907	649
907	744
907	769
907	788
907	796
907	804
907	822
907	828
907	831
907	896
907	897
907	918
907	920
907	950
907	967
908	382
908	404
908	531
908	540
908	629
908	631
908	655
908	720
908	797
908	816
908	827
908	862
908	866
908	869
908	881
908	893
908	904
908	935
908	952
908	960
908	962
908	966
908	995
909	145
909	269
909	284
909	440
909	456
909	475
909	479
909	506
909	568
909	575
909	674
909	680
909	729
909	752
909	767
909	813
909	851
909	886
909	933
909	968
909	991
909	993
909	996
910	69
910	124
910	591
910	750
910	819
910	864
910	876
910	892
910	894
910	905
910	917
910	926
910	927
910	933
910	934
910	944
910	948
910	955
910	983
910	989
910	994
910	996
910	997
911	12
911	290
911	387
911	415
911	443
911	532
911	606
911	664
911	714
911	773
911	774
911	783
911	861
911	882
911	903
911	925
911	930
911	940
911	971
911	976
911	990
911	991
911	994
912	331
912	364
912	538
912	609
912	628
912	654
912	661
912	685
912	721
912	743
912	745
912	747
912	749
912	787
912	818
912	831
912	838
912	843
912	901
912	946
912	968
912	969
912	980
913	128
913	147
913	189
913	223
913	289
913	330
913	361
913	573
913	617
913	640
913	646
913	703
913	751
913	754
913	786
913	840
913	875
913	891
913	897
913	914
913	932
913	947
913	968
913	983
914	115
914	138
914	149
914	230
914	274
914	361
914	573
914	617
914	640
914	667
914	703
914	731
914	741
914	754
914	758
914	786
914	852
914	897
914	913
914	932
914	947
914	968
914	969
914	988
915	145
915	398
915	623
915	694
915	761
915	776
915	777
915	830
915	847
915	887
915	921
915	941
915	954
915	956
915	962
915	964
915	996
915	999
916	44
916	53
916	88
916	107
916	116
916	255
916	309
916	333
916	357
916	380
916	397
916	418
916	449
916	549
916	586
916	602
916	635
916	672
916	751
916	872
916	939
916	952
916	953
916	995
917	19
917	80
917	304
917	313
917	381
917	493
917	545
917	656
917	738
917	757
917	784
917	809
917	840
917	892
917	910
917	927
917	967
917	974
917	977
918	47
918	127
918	308
918	442
918	444
918	525
918	613
918	662
918	726
918	749
918	767
918	779
918	826
918	841
918	845
918	856
918	873
918	876
918	891
918	900
918	907
918	962
918	982
918	998
919	3
919	72
919	109
919	139
919	223
919	370
919	396
919	436
919	471
919	552
919	560
919	587
919	592
919	724
919	753
919	789
919	790
919	817
919	827
919	862
919	874
919	906
919	935
919	984
920	193
920	294
920	416
920	428
920	504
920	608
920	635
920	706
920	758
920	842
920	855
920	867
920	870
920	888
920	907
920	931
920	953
920	954
920	971
920	973
920	974
920	980
920	987
920	991
920	994
921	148
921	302
921	320
921	409
921	514
921	567
921	589
921	618
921	683
921	686
921	748
921	761
921	776
921	830
921	839
921	843
921	882
921	887
921	915
921	941
921	954
921	956
921	962
921	964
921	999
922	204
922	404
922	421
922	535
922	552
922	601
922	636
922	673
922	763
922	772
922	779
922	874
922	926
922	934
922	935
922	941
922	944
922	946
922	967
922	973
922	974
922	979
922	980
922	982
922	990
923	264
923	281
923	367
923	373
923	398
923	520
923	528
923	530
923	562
923	563
923	638
923	678
923	698
923	728
923	760
923	840
923	868
923	893
923	948
923	950
923	967
923	979
923	986
923	990
923	992
924	6
924	81
924	114
924	123
924	151
924	199
924	208
924	258
924	293
924	298
924	341
924	412
924	433
924	435
924	533
924	637
924	639
924	724
924	771
924	782
924	889
924	925
924	939
924	984
924	988
925	151
925	262
925	263
925	309
925	344
925	511
925	607
925	659
925	670
925	708
925	724
925	764
925	804
925	861
925	882
925	891
925	895
925	911
925	924
925	930
925	940
925	971
925	976
925	990
925	991
926	43
926	52
926	58
926	90
926	288
926	401
926	474
926	493
926	505
926	539
926	592
926	610
926	628
926	646
926	666
926	669
926	776
926	784
926	854
926	897
926	910
926	922
926	934
926	944
926	950
926	969
927	11
927	80
927	83
927	279
927	304
927	313
927	351
927	381
927	486
927	492
927	619
927	715
927	738
927	757
927	807
927	809
927	840
927	892
927	899
927	910
927	917
927	942
927	954
927	967
927	982
927	995
928	92
928	125
928	229
928	279
928	285
928	329
928	384
928	417
928	465
928	482
928	521
928	524
928	565
928	588
928	673
928	766
928	798
928	842
928	871
928	875
928	879
928	896
928	959
928	969
928	986
928	999
929	352
929	550
929	643
929	657
929	664
929	665
929	690
929	717
929	727
929	755
929	779
929	809
929	834
929	871
929	884
929	891
929	934
929	945
929	948
929	974
929	976
929	983
929	985
929	988
929	991
929	997
930	156
930	196
930	419
930	532
930	580
930	607
930	661
930	685
930	701
930	708
930	714
930	749
930	758
930	764
930	774
930	783
930	861
930	882
930	911
930	925
930	940
930	971
930	976
930	984
930	990
930	991
931	21
931	78
931	101
931	107
931	147
931	210
931	267
931	375
931	425
931	500
931	547
931	702
931	716
931	774
931	795
931	842
931	879
931	892
931	920
931	961
931	969
931	973
931	986
931	987
931	996
931	999
932	115
932	128
932	138
932	149
932	189
932	223
932	274
932	361
932	401
932	519
932	573
932	617
932	640
932	644
932	703
932	754
932	786
932	827
932	846
932	895
932	906
932	913
932	914
932	937
932	947
932	968
932	988
933	87
933	145
933	217
933	284
933	291
933	307
933	456
933	479
933	503
933	522
933	551
933	666
933	680
933	712
933	729
933	752
933	777
933	779
933	813
933	851
933	856
933	862
933	909
933	910
933	967
933	993
933	996
934	43
934	89
934	90
934	288
934	401
934	493
934	539
934	592
934	610
934	646
934	669
934	784
934	806
934	808
934	854
934	858
934	872
934	886
934	893
934	898
934	910
934	922
934	926
934	929
934	944
934	954
934	969
935	30
935	50
935	256
935	310
935	338
935	390
935	436
935	488
935	546
935	552
935	560
935	563
935	587
935	641
935	789
935	790
935	802
935	827
935	862
935	874
935	894
935	899
935	906
935	908
935	919
935	922
935	952
935	972
936	26
936	31
936	42
936	72
936	88
936	177
936	331
936	345
936	377
936	385
936	462
936	494
936	585
936	620
936	638
936	705
936	731
936	742
936	756
936	803
936	832
936	852
936	886
936	943
936	968
936	969
936	976
936	986
937	211
937	241
937	342
937	399
937	453
937	476
937	570
937	582
937	593
937	608
937	765
937	800
937	819
937	860
937	864
937	889
937	902
937	903
937	932
937	941
937	942
937	943
937	951
937	957
937	965
937	966
937	995
937	996
938	62
938	95
938	96
938	106
938	364
938	388
938	499
938	609
938	656
938	661
938	715
938	788
938	815
938	825
938	831
938	838
938	843
938	863
938	896
938	898
938	946
938	955
938	961
938	963
938	965
938	975
938	980
938	996
939	6
939	67
939	81
939	114
939	139
939	151
939	152
939	293
939	295
939	341
939	351
939	384
939	402
939	412
939	433
939	435
939	447
939	469
939	498
939	508
939	637
939	639
939	782
939	860
939	916
939	924
939	997
939	1000
940	193
940	276
940	365
940	511
940	525
940	555
940	571
940	630
940	647
940	670
940	708
940	735
940	774
940	783
940	793
940	795
940	801
940	806
940	858
940	879
940	882
940	911
940	925
940	930
940	971
940	976
940	978
940	991
940	994
941	23
941	74
941	84
941	211
941	517
941	519
941	532
941	561
941	644
941	686
941	752
941	761
941	766
941	776
941	830
941	880
941	887
941	893
941	901
941	915
941	921
941	922
941	937
941	954
941	956
941	962
941	964
941	984
941	999
942	46
942	48
942	111
942	183
942	305
942	306
942	327
942	347
942	421
942	491
942	522
942	589
942	595
942	681
942	696
942	704
942	718
942	762
942	765
942	801
942	822
942	863
942	896
942	902
942	903
942	927
942	937
942	983
942	992
943	4
943	8
943	170
943	230
943	236
943	243
943	300
943	463
943	499
943	516
943	558
943	565
943	594
943	682
943	712
943	777
943	830
943	849
943	855
943	860
943	871
943	895
943	936
943	937
943	951
943	957
943	958
943	960
943	994
944	43
944	58
944	90
944	169
944	217
944	227
944	245
944	288
944	401
944	493
944	536
944	539
944	592
944	610
944	646
944	669
944	699
944	773
944	784
944	854
944	858
944	910
944	922
944	926
944	934
944	961
944	969
944	970
944	997
945	460
945	517
945	577
945	613
945	666
945	706
945	725
945	745
945	746
945	748
945	787
945	791
945	833
945	844
945	867
945	868
945	870
945	873
945	876
945	878
945	900
945	905
945	929
945	985
945	988
945	991
945	992
945	993
945	994
945	997
946	95
946	176
946	254
946	290
946	297
946	480
946	537
946	609
946	614
946	619
946	628
946	713
946	721
946	743
946	810
946	815
946	818
946	823
946	825
946	831
946	838
946	843
946	901
946	912
946	922
946	938
946	966
946	975
946	987
946	996
947	32
947	117
947	295
947	352
947	399
947	416
947	428
947	445
947	584
947	599
947	615
947	633
947	665
947	701
947	742
947	812
947	824
947	862
947	891
947	913
947	914
947	932
947	950
947	957
947	968
947	981
947	986
947	987
947	994
947	998
947	1000
948	63
948	172
948	234
948	259
948	280
948	350
948	457
948	518
948	560
948	624
948	643
948	657
948	664
948	672
948	690
948	717
948	755
948	800
948	871
948	884
948	901
948	910
948	923
948	929
948	966
948	977
948	983
948	985
948	988
948	993
948	997
949	65
949	80
949	111
949	113
949	221
949	366
949	501
949	523
949	526
949	537
949	548
949	554
949	568
949	614
949	622
949	629
949	667
949	674
949	692
949	707
949	709
949	725
949	729
949	735
949	739
949	802
949	844
949	904
949	972
949	989
949	991
950	57
950	227
950	241
950	328
950	420
950	458
950	483
950	509
950	529
950	611
950	625
950	785
950	800
950	811
950	846
950	853
950	863
950	880
950	907
950	923
950	926
950	947
950	953
950	963
950	968
950	981
950	984
950	992
950	996
950	998
950	1000
951	4
951	8
951	100
951	144
951	170
951	184
951	191
951	230
951	372
951	378
951	405
951	463
951	516
951	594
951	646
951	682
951	712
951	776
951	819
951	836
951	842
951	849
951	855
951	860
951	871
951	892
951	895
951	937
951	943
951	957
951	993
951	994
952	30
952	31
952	44
952	107
952	116
952	166
952	176
952	255
952	278
952	333
952	357
952	362
952	380
952	397
952	400
952	418
952	449
952	467
952	542
952	584
952	586
952	602
952	635
952	783
952	789
952	815
952	872
952	908
952	916
952	935
952	957
952	975
952	992
953	24
953	39
953	104
953	132
953	314
953	391
953	405
953	423
953	433
953	434
953	486
953	489
953	496
953	542
953	546
953	616
953	619
953	627
953	648
953	723
953	791
953	815
953	839
953	846
953	883
953	896
953	898
953	901
953	916
953	920
953	950
953	981
953	999
954	35
954	76
954	199
954	204
954	273
954	302
954	370
954	517
954	519
954	561
954	567
954	578
954	589
954	686
954	725
954	761
954	776
954	826
954	830
954	836
954	887
954	915
954	920
954	921
954	927
954	934
954	941
954	956
954	962
954	964
954	965
954	984
954	999
955	10
955	16
955	62
955	138
955	141
955	146
955	148
955	167
955	188
955	243
955	260
955	286
955	337
955	345
955	495
955	515
955	545
955	634
955	736
955	750
955	762
955	771
955	785
955	798
955	878
955	894
955	910
955	938
955	970
955	976
955	979
955	994
955	997
956	28
956	74
956	84
956	273
956	280
956	299
956	394
956	487
956	514
956	517
956	561
956	567
956	578
956	638
956	686
956	696
956	761
956	776
956	794
956	800
956	824
956	830
956	887
956	897
956	915
956	921
956	941
956	954
956	962
956	964
956	984
956	996
956	999
957	3
957	8
957	100
957	110
957	144
957	170
957	230
957	236
957	323
957	332
957	463
957	482
957	516
957	594
957	682
957	712
957	751
957	790
957	822
957	829
957	836
957	849
957	855
957	860
957	886
957	895
957	937
957	943
957	947
957	951
957	952
957	994
957	997
958	5
958	25
958	32
958	53
958	180
958	212
958	250
958	319
958	369
958	384
958	390
958	452
958	484
958	537
958	549
958	565
958	586
958	601
958	642
958	683
958	711
958	736
958	822
958	829
958	836
958	860
958	863
958	884
958	943
958	961
958	992
958	999
958	1000
959	29
959	117
959	161
959	171
959	193
959	198
959	214
959	222
959	252
959	275
959	340
959	411
959	427
959	436
959	438
959	450
959	454
959	476
959	481
959	785
959	794
959	799
959	859
959	865
959	875
959	877
959	883
959	928
959	961
959	977
959	984
959	986
959	993
960	45
960	75
960	89
960	184
960	200
960	240
960	251
960	283
960	287
960	297
960	312
960	315
960	374
960	382
960	437
960	499
960	559
960	663
960	677
960	678
960	710
960	720
960	734
960	735
960	786
960	805
960	879
960	896
960	908
960	943
960	983
960	991
960	997
961	140
961	147
961	319
961	355
961	411
961	627
961	707
961	711
961	727
961	733
961	795
961	798
961	799
961	826
961	828
961	829
961	865
961	875
961	881
961	885
961	892
961	931
961	938
961	944
961	958
961	959
961	963
961	973
961	974
961	980
961	981
961	987
961	992
961	998
961	1000
962	31
962	84
962	273
962	324
962	409
962	431
962	470
962	514
962	517
962	519
962	578
962	589
962	611
962	624
962	686
962	725
962	761
962	776
962	814
962	827
962	830
962	859
962	878
962	887
962	908
962	915
962	918
962	921
962	941
962	954
962	956
962	964
962	984
962	994
962	999
963	7
963	9
963	56
963	60
963	85
963	201
963	268
963	414
963	483
963	490
963	509
963	529
963	536
963	611
963	625
963	732
963	800
963	811
963	817
963	826
963	846
963	853
963	880
963	901
963	938
963	950
963	961
963	968
963	981
963	984
963	986
963	992
963	996
963	998
963	1000
964	2
964	35
964	332
964	409
964	514
964	519
964	561
964	567
964	578
964	589
964	610
964	652
964	682
964	686
964	704
964	716
964	737
964	761
964	776
964	794
964	830
964	848
964	876
964	887
964	897
964	902
964	915
964	921
964	941
964	954
964	956
964	962
964	975
964	983
964	984
964	999
965	99
965	158
965	187
965	202
965	277
965	344
965	347
965	374
965	430
965	432
965	460
965	563
965	576
965	650
965	652
965	655
965	734
965	750
965	770
965	794
965	807
965	841
965	861
965	863
965	889
965	890
965	895
965	937
965	938
965	954
965	966
965	967
965	977
965	984
965	990
965	995
966	58
966	74
966	131
966	136
966	220
966	320
966	359
966	394
966	472
966	507
966	531
966	576
966	638
966	650
966	652
966	654
966	655
966	664
966	675
966	693
966	807
966	841
966	850
966	889
966	890
966	895
966	908
966	937
966	946
966	948
966	965
966	967
966	977
966	980
966	990
966	995
967	27
967	112
967	130
967	219
967	316
967	501
967	584
967	593
967	688
967	728
967	771
967	807
967	809
967	819
967	829
967	840
967	844
967	848
967	850
967	864
967	886
967	889
967	892
967	907
967	917
967	922
967	923
967	927
967	933
967	965
967	966
967	972
967	979
967	981
967	995
967	996
968	67
968	115
968	128
968	138
968	149
968	189
968	223
968	274
968	332
968	361
968	445
968	482
968	558
968	573
968	617
968	640
968	691
968	703
968	751
968	754
968	759
968	786
968	833
968	895
968	897
968	909
968	912
968	913
968	914
968	932
968	936
968	947
968	950
968	963
968	989
968	997
969	29
969	52
969	167
969	182
969	212
969	246
969	293
969	329
969	487
969	497
969	525
969	550
969	556
969	557
969	588
969	591
969	610
969	612
969	646
969	726
969	746
969	780
969	799
969	806
969	834
969	882
969	896
969	912
969	914
969	926
969	928
969	931
969	934
969	936
969	944
969	981
969	986
970	10
970	68
970	94
970	139
970	146
970	148
970	178
970	188
970	243
970	260
970	286
970	337
970	495
970	499
970	515
970	596
970	615
970	618
970	634
970	668
970	711
970	731
970	733
970	736
970	750
970	771
970	863
970	878
970	894
970	944
970	955
970	976
970	985
970	987
970	994
970	995
970	998
971	49
971	143
971	174
971	177
971	241
971	262
971	276
971	352
971	433
971	532
971	538
971	555
971	571
971	580
971	607
971	647
971	670
971	691
971	696
971	708
971	764
971	774
971	783
971	855
971	859
971	861
971	876
971	882
971	911
971	920
971	925
971	930
971	940
971	973
971	976
971	991
971	994
972	65
972	113
972	124
972	199
972	257
972	264
972	410
972	439
972	515
972	523
972	526
972	528
972	548
972	551
972	554
972	568
972	614
972	619
972	627
972	641
972	667
972	674
972	684
972	692
972	707
972	709
972	739
972	792
972	802
972	813
972	935
972	949
972	967
972	975
972	981
972	989
972	992
973	18
973	105
973	158
973	164
973	208
973	218
973	278
973	301
973	346
973	360
973	405
973	446
973	470
973	485
973	496
973	502
973	579
973	621
973	623
973	662
973	733
973	738
973	742
973	818
973	885
973	892
973	896
973	897
973	920
973	922
973	931
973	961
973	971
973	974
973	980
973	988
973	995
973	996
974	105
974	158
974	164
974	218
974	301
974	305
974	346
974	406
974	446
974	470
974	474
974	485
974	496
974	498
974	502
974	518
974	563
974	621
974	623
974	733
974	795
974	820
974	853
974	868
974	884
974	885
974	896
974	917
974	920
974	922
974	929
974	961
974	973
974	977
974	980
974	983
975	41
975	67
975	77
975	187
975	254
975	285
975	349
975	354
975	364
975	388
975	400
975	429
975	459
975	480
975	538
975	580
975	628
975	638
975	656
975	661
975	685
975	715
975	721
975	730
975	743
975	747
975	818
975	825
975	831
975	843
975	847
975	901
975	938
975	946
975	952
975	964
975	972
975	996
976	12
976	49
976	66
976	156
976	174
976	196
976	265
976	283
976	329
976	344
976	443
976	472
976	523
976	555
976	571
976	580
976	607
976	647
976	705
976	708
976	712
976	764
976	774
976	783
976	818
976	830
976	861
976	882
976	911
976	925
976	929
976	930
976	936
976	940
976	955
976	970
976	971
976	991
976	994
977	99
977	164
977	202
977	220
977	320
977	330
977	347
977	394
977	436
977	455
977	472
977	498
977	507
977	576
977	650
977	652
977	655
977	675
977	693
977	703
977	799
977	807
977	815
977	841
977	863
977	889
977	890
977	895
977	917
977	948
977	959
977	965
977	966
977	974
977	981
977	984
977	990
977	995
977	998
978	37
978	129
978	143
978	231
978	242
978	311
978	335
978	356
978	387
978	441
978	448
978	487
978	497
978	533
978	536
978	557
978	558
978	571
978	615
978	622
978	630
978	654
978	679
978	693
978	709
978	722
978	768
978	780
978	822
978	834
978	836
978	840
978	853
978	879
978	883
978	940
978	985
978	990
978	992
979	20
979	87
979	238
979	258
979	367
979	373
979	392
979	398
979	400
979	407
979	431
979	518
979	520
979	530
979	546
979	562
979	572
979	636
979	638
979	676
979	678
979	728
979	742
979	759
979	760
979	804
979	848
979	858
979	868
979	873
979	893
979	922
979	923
979	955
979	967
979	986
979	988
979	992
979	996
980	15
980	105
980	158
980	164
980	167
980	173
980	218
980	221
980	301
980	346
980	446
980	470
980	485
980	492
980	496
980	502
980	510
980	513
980	591
980	621
980	623
980	678
980	733
980	751
980	808
980	868
980	885
980	896
980	897
980	912
980	920
980	922
980	938
980	961
980	966
980	973
980	974
980	990
980	994
980	999
981	57
981	63
981	294
981	296
981	328
981	332
981	414
981	458
981	483
981	490
981	509
981	529
981	611
981	625
981	800
981	801
981	806
981	807
981	811
981	836
981	846
981	853
981	870
981	880
981	905
981	947
981	950
981	953
981	961
981	963
981	967
981	969
981	972
981	977
981	984
981	992
981	994
981	996
981	998
981	1000
982	22
982	41
982	55
982	85
982	127
982	194
982	204
982	246
982	351
982	355
982	442
982	498
982	499
982	546
982	574
982	613
982	620
982	662
982	683
982	726
982	749
982	757
982	763
982	767
982	777
982	779
982	807
982	812
982	826
982	845
982	849
982	876
982	888
982	891
982	900
982	918
982	922
982	927
982	989
982	990
982	997
983	1
983	6
983	13
983	155
983	280
983	350
983	352
983	392
983	409
983	518
983	541
983	550
983	605
983	606
983	624
983	643
983	657
983	664
983	672
983	689
983	690
983	717
983	727
983	733
983	755
983	838
983	863
983	871
983	884
983	901
983	910
983	913
983	929
983	942
983	948
983	960
983	964
983	974
983	985
983	988
983	997
983	999
984	11
984	20
984	123
984	182
984	340
984	402
984	421
984	433
984	438
984	450
984	520
984	639
984	693
984	736
984	754
984	780
984	782
984	799
984	855
984	879
984	880
984	881
984	889
984	890
984	919
984	924
984	930
984	941
984	950
984	954
984	956
984	959
984	962
984	963
984	964
984	965
984	977
984	981
984	995
984	998
984	999
984	1000
985	1
985	122
985	155
985	160
985	234
985	237
985	280
985	350
985	392
985	403
985	429
985	518
985	541
985	624
985	631
985	643
985	648
985	657
985	664
985	672
985	690
985	691
985	717
985	719
985	727
985	737
985	738
985	755
985	778
985	828
985	835
985	843
985	871
985	884
985	929
985	945
985	948
985	970
985	978
985	983
985	986
985	988
985	997
985	998
986	16
986	82
986	88
986	99
986	267
986	275
986	276
986	285
986	318
986	385
986	425
986	454
986	524
986	585
986	634
986	668
986	673
986	678
986	702
986	705
986	766
986	826
986	839
986	842
986	848
986	852
986	859
986	870
986	875
986	891
986	893
986	923
986	928
986	931
986	936
986	947
986	959
986	963
986	969
986	979
986	985
986	987
986	988
986	992
987	78
987	79
987	101
987	140
987	147
987	199
987	250
987	267
987	321
987	331
987	360
987	375
987	410
987	425
987	429
987	444
987	500
987	547
987	565
987	566
987	626
987	640
987	702
987	716
987	751
987	762
987	785
987	795
987	835
987	842
987	850
987	868
987	874
987	879
987	920
987	931
987	946
987	947
987	961
987	970
987	986
987	994
987	995
987	996
988	13
988	110
988	122
988	160
988	192
988	222
988	237
988	301
988	350
988	352
988	403
988	447
988	474
988	503
988	518
988	550
988	557
988	606
988	624
988	643
988	657
988	664
988	690
988	717
988	727
988	755
988	822
988	838
988	871
988	884
988	891
988	901
988	904
988	914
988	924
988	929
988	932
988	945
988	948
988	973
988	979
988	983
988	985
988	986
988	997
989	21
989	26
989	65
989	85
989	111
989	113
989	124
989	156
989	167
989	185
989	187
989	257
989	349
989	367
989	407
989	439
989	501
989	523
989	526
989	548
989	559
989	568
989	614
989	627
989	629
989	631
989	641
989	659
989	667
989	674
989	692
989	707
989	709
989	735
989	739
989	791
989	802
989	845
989	852
989	882
989	910
989	949
989	968
989	972
989	982
989	991
990	70
990	93
990	291
990	316
990	365
990	366
990	367
990	400
990	477
990	521
990	580
990	612
990	636
990	652
990	654
990	655
990	661
990	670
990	672
990	679
990	707
990	722
990	728
990	732
990	736
990	759
990	768
990	816
990	829
990	848
990	863
990	902
990	911
990	922
990	923
990	925
990	930
990	965
990	966
990	977
990	978
990	980
990	982
990	991
990	994
990	995
991	12
991	49
991	66
991	90
991	156
991	193
991	205
991	241
991	262
991	263
991	265
991	276
991	290
991	324
991	344
991	414
991	443
991	511
991	532
991	571
991	607
991	647
991	670
991	707
991	764
991	774
991	783
991	861
991	882
991	885
991	909
991	911
991	920
991	925
991	929
991	930
991	940
991	945
991	949
991	960
991	971
991	976
991	989
991	990
991	994
991	997
991	999
992	59
992	125
992	136
992	180
992	206
992	235
992	313
992	396
992	426
992	440
992	460
992	553
992	562
992	601
992	642
992	652
992	660
992	678
992	683
992	688
992	694
992	728
992	761
992	765
992	788
992	802
992	829
992	833
992	844
992	848
992	880
992	923
992	942
992	945
992	950
992	952
992	958
992	961
992	963
992	972
992	978
992	979
992	981
992	986
992	997
992	998
992	1000
993	34
993	87
993	135
993	145
993	212
993	217
993	249
993	250
993	272
993	284
993	291
993	315
993	440
993	456
993	475
993	479
993	489
993	490
993	503
993	506
993	522
993	565
993	572
993	575
993	579
993	616
993	657
993	666
993	680
993	683
993	713
993	729
993	752
993	762
993	769
993	813
993	822
993	851
993	862
993	906
993	909
993	933
993	945
993	948
993	951
993	959
993	996
994	239
994	278
994	290
994	324
994	366
994	416
994	428
994	504
994	581
994	599
994	668
994	732
994	738
994	753
994	758
994	759
994	814
994	828
994	838
994	849
994	850
994	855
994	860
994	863
994	868
994	872
994	878
994	894
994	910
994	911
994	920
994	940
994	943
994	945
994	947
994	951
994	955
994	957
994	962
994	970
994	971
994	976
994	980
994	981
994	987
994	990
994	991
994	1000
995	40
995	83
995	91
995	131
995	220
995	237
995	320
995	330
995	347
995	374
995	394
995	430
995	447
995	472
995	507
995	537
995	576
995	650
995	652
995	655
995	675
995	693
995	723
995	738
995	743
995	752
995	781
995	797
995	799
995	807
995	815
995	841
995	863
995	889
995	890
995	908
995	916
995	927
995	937
995	965
995	966
995	967
995	970
995	973
995	977
995	984
995	987
995	990
996	34
996	48
996	135
996	197
996	262
996	357
996	375
996	406
996	410
996	444
996	547
996	593
996	609
996	677
996	681
996	698
996	713
996	743
996	777
996	795
996	819
996	825
996	838
996	847
996	853
996	854
996	864
996	877
996	880
996	909
996	910
996	915
996	931
996	933
996	937
996	938
996	946
996	950
996	956
996	963
996	967
996	973
996	975
996	979
996	981
996	987
996	993
996	998
996	1000
997	122
997	155
997	160
997	221
997	234
997	237
997	356
997	392
997	403
997	484
997	492
997	518
997	541
997	549
997	550
997	606
997	624
997	643
997	657
997	661
997	664
997	672
997	690
997	691
997	717
997	755
997	796
997	822
997	863
997	871
997	884
997	890
997	891
997	910
997	929
997	939
997	944
997	945
997	948
997	955
997	957
997	960
997	968
997	982
997	983
997	985
997	988
997	991
997	992
998	7
998	55
998	56
998	57
998	63
998	201
998	268
998	294
998	296
998	328
998	379
998	414
998	419
998	429
998	431
998	458
998	490
998	503
998	509
998	529
998	558
998	611
998	625
998	631
998	781
998	800
998	811
998	816
998	825
998	845
998	846
998	853
998	858
998	867
998	880
998	901
998	905
998	918
998	947
998	950
998	961
998	963
998	970
998	977
998	981
998	984
998	985
998	992
998	996
998	1000
999	22
999	35
999	40
999	74
999	83
999	172
999	203
999	273
999	302
999	315
999	391
999	409
999	514
999	517
999	519
999	542
999	561
999	567
999	578
999	589
999	644
999	682
999	686
999	704
999	729
999	761
999	762
999	776
999	782
999	814
999	830
999	853
999	887
999	897
999	899
999	915
999	921
999	928
999	931
999	941
999	953
999	954
999	956
999	958
999	962
999	964
999	980
999	983
999	984
999	991
1000	7
1000	49
1000	56
1000	63
1000	93
1000	201
1000	268
1000	294
1000	296
1000	328
1000	414
1000	423
1000	458
1000	471
1000	474
1000	476
1000	483
1000	486
1000	490
1000	509
1000	529
1000	537
1000	588
1000	611
1000	625
1000	786
1000	796
1000	800
1000	807
1000	811
1000	815
1000	836
1000	846
1000	853
1000	873
1000	879
1000	880
1000	901
1000	939
1000	947
1000	950
1000	958
1000	961
1000	963
1000	981
1000	984
1000	992
1000	994
1000	996
1000	998
