1	372
1	738
1	900
1	958
2	585
2	868
2	921
2	946
3	671
3	831
3	880
3	936
4	703
4	873
4	928
4	945
5	130
5	557
5	607
5	630
6	897
6	959
6	971
6	988
7	31
7	314
7	950
7	979
8	725
8	888
8	927
8	955
8	962
9	752
9	848
9	917
9	972
10	151
10	536
10	587
10	590
11	501
11	745
11	867
11	909
12	403
12	468
12	715
12	884
13	312
13	691
13	712
13	912
14	60
14	140
14	166
14	261
15	601
15	673
15	985
15	990
16	276
16	341
16	704
16	999
17	932
17	963
17	989
17	998
18	100
18	312
18	917
18	972
19	611
19	691
19	712
19	917
20	904
20	929
20	954
20	977
21	773
21	883
21	918
21	938
22	543
22	556
22	891
22	941
23	65
23	464
23	793
23	889
24	747
24	841
24	916
24	994
25	817
25	838
25	883
25	957
26	415
26	463
26	619
26	993
27	346
27	386
27	594
27	938
27	990
28	310
28	859
28	989
28	998
29	152
29	770
29	875
29	888
30	164
30	587
30	627
30	891
31	7
31	776
31	823
31	972
32	681
32	846
32	905
32	923
33	356
33	574
33	898
33	960
34	820
34	838
34	957
34	986
35	398
35	806
35	816
35	944
35	998
36	678
36	868
36	946
36	947
37	873
37	881
37	928
37	955
38	242
38	246
38	459
38	852
39	728
39	732
39	799
39	935
40	504
40	651
40	899
40	906
41	973
41	994
41	995
41	996
42	355
42	980
42	985
42	990
43	819
43	820
43	930
43	957
43	974
43	990
44	661
44	902
44	982
44	983
45	657
45	862
45	929
45	954
46	580
46	812
46	880
46	957
47	693
47	861
47	926
47	948
48	414
48	961
48	964
48	978
49	83
49	412
49	827
49	887
50	569
50	669
50	721
50	894
51	114
51	602
51	786
51	990
52	66
52	393
52	713
52	899
53	64
53	875
53	888
53	903
54	339
54	576
54	799
54	995
55	543
55	703
55	901
55	970
56	688
56	859
56	880
56	930
57	108
57	114
57	958
57	975
58	827
58	969
58	973
58	991
59	770
59	812
59	838
59	855
60	14
60	782
60	994
60	996
61	601
61	656
61	830
61	962
62	671
62	908
62	936
62	992
63	193
63	525
63	809
63	883
63	891
64	53
64	420
64	967
64	981
65	23
65	599
65	680
65	1000
66	52
66	662
66	713
66	937
67	922
67	939
67	988
67	1000
68	924
68	978
68	994
68	996
69	672
69	696
69	808
69	919
70	826
70	943
70	946
70	979
71	652
71	673
71	709
71	962
72	332
72	746
72	890
72	960
73	705
73	790
73	889
73	892
74	733
74	929
74	935
74	954
75	564
75	656
75	694
75	995
76	562
76	619
76	909
76	941
76	958
76	978
77	103
77	118
77	789
77	813
78	608
78	864
78	925
78	929
79	846
79	878
79	879
79	918
80	346
80	662
80	816
80	888
80	998
81	138
81	929
81	954
81	977
82	708
82	772
82	895
82	976
83	49
83	631
83	824
83	938
84	530
84	792
84	820
84	962
85	275
85	412
85	656
85	846
86	797
86	877
86	915
86	919
86	996
86	1000
87	587
87	799
87	975
87	995
88	149
88	685
88	994
88	996
89	204
89	696
89	797
89	958
90	579
90	654
90	713
90	825
91	928
91	965
91	967
91	981
92	529
92	924
92	994
92	996
93	647
93	842
93	976
93	983
94	808
94	864
94	925
94	999
95	747
95	897
95	959
95	971
96	137
96	589
96	797
96	919
96	955
96	991
97	482
97	538
97	776
97	821
98	534
98	552
98	852
98	893
99	882
99	953
99	956
99	961
100	18
100	891
100	901
100	907
101	782
101	902
101	985
101	990
102	125
102	858
102	932
102	956
102	965
103	77
103	451
103	789
103	843
104	192
104	779
104	815
104	993
105	194
105	599
105	848
105	927
106	770
106	875
106	888
106	923
107	406
107	549
107	580
107	938
108	57
108	745
108	877
108	951
109	531
109	980
109	985
109	990
110	881
110	984
110	989
110	998
111	121
111	824
111	872
111	938
112	248
112	561
112	676
112	903
113	166
113	980
113	985
113	990
114	51
114	57
114	786
114	900
115	376
115	467
115	662
115	847
116	569
116	776
116	786
116	884
117	615
117	922
117	928
117	945
118	77
118	485
118	920
118	955
119	826
119	837
119	868
119	946
120	859
120	880
120	930
120	962
121	111
121	722
121	824
121	997
122	793
122	802
122	920
122	958
122	988
122	996
123	711
123	806
123	810
123	836
124	457
124	464
124	799
124	975
125	102
125	901
125	974
125	984
125	1000
126	533
126	890
126	898
126	905
127	449
127	579
127	654
127	825
128	727
128	822
128	917
128	972
129	441
129	860
129	878
129	972
130	5
130	557
130	931
130	984
131	154
131	821
131	894
131	991
131	996
132	704
132	812
132	883
132	957
133	645
133	987
133	994
133	996
134	724
134	781
134	923
134	997
135	335
135	386
135	875
135	888
136	365
136	711
136	806
136	836
137	96
137	589
137	897
137	921
137	925
137	941
137	948
138	81
138	743
138	876
138	916
139	255
139	583
139	666
139	902
140	14
140	698
140	852
140	893
141	638
141	778
141	865
141	974
142	748
142	882
142	890
142	997
143	882
143	922
143	953
143	956
144	854
144	876
144	916
144	966
145	169
145	369
145	894
145	931
146	837
146	870
146	881
146	919
147	688
147	940
147	966
147	993
148	722
148	835
148	932
148	938
149	88
149	969
149	973
149	991
150	514
150	644
150	869
150	977
151	10
151	437
151	507
151	694
152	29
152	301
152	795
152	828
153	834
153	964
153	978
153	983
154	131
154	980
154	985
154	990
155	457
155	924
155	994
155	996
156	712
156	816
156	964
156	978
157	398
157	797
157	874
157	979
158	303
158	789
158	813
158	841
159	739
159	776
159	858
159	955
159	981
159	1000
160	372
160	812
160	846
160	957
161	636
161	676
161	879
161	970
162	290
162	459
162	506
162	664
163	806
163	836
163	884
163	976
164	30
164	507
164	828
164	927
164	930
165	905
165	940
165	969
165	993
166	14
166	113
166	419
166	468
167	276
167	773
167	921
167	975
168	667
168	784
168	828
168	906
169	145
169	418
169	894
169	912
170	609
170	683
170	898
170	960
171	748
171	898
171	912
171	996
172	379
172	763
172	937
172	998
173	705
173	754
173	813
173	988
174	877
174	909
174	951
174	988
175	322
175	845
175	944
175	971
176	932
176	962
176	970
176	991
177	553
177	677
177	784
177	921
178	291
178	749
178	891
178	979
179	455
179	837
179	870
179	919
180	264
180	392
180	901
180	937
181	663
181	920
181	929
181	955
182	640
182	817
182	961
182	978
183	967
183	976
183	982
183	983
184	875
184	888
184	977
184	995
185	204
185	271
185	672
185	974
186	831
186	908
186	936
186	938
187	616
187	723
187	879
187	922
188	711
188	965
188	967
188	981
189	228
189	716
189	900
189	958
190	728
190	755
190	810
190	830
191	378
191	474
191	822
191	930
192	104
192	437
192	809
192	919
192	957
193	63
193	638
193	826
193	946
194	105
194	554
194	874
194	889
195	761
195	769
195	884
195	986
196	868
196	925
196	957
196	962
196	988
197	454
197	963
197	989
197	998
198	244
198	649
198	831
198	908
199	543
199	831
199	908
199	936
200	842
200	855
200	864
200	925
201	571
201	796
201	894
201	976
202	390
202	519
202	953
202	956
203	677
203	738
203	921
203	943
204	89
204	185
204	219
204	359
205	454
205	817
205	953
205	955
205	1000
206	799
206	818
206	885
206	927
207	394
207	631
207	709
207	962
208	815
208	852
208	984
208	993
209	521
209	817
209	824
209	938
210	256
210	807
210	905
210	993
211	734
211	741
211	783
211	807
211	981
211	990
212	837
212	880
212	930
212	997
213	512
213	904
213	923
213	988
214	727
214	844
214	926
214	948
215	682
215	694
215	705
215	719
216	407
216	696
216	797
216	997
217	282
217	920
217	955
217	957
218	661
218	662
218	827
218	989
219	204
219	969
219	973
219	991
220	588
220	744
220	822
220	974
221	478
221	915
221	968
221	970
222	612
222	924
222	994
222	996
223	861
223	909
223	926
223	948
224	688
224	779
224	821
224	952
225	457
225	576
225	697
225	870
226	837
226	870
226	919
226	980
227	671
227	858
227	903
227	942
228	189
228	651
228	899
228	996
229	451
229	969
229	973
229	991
230	331
230	558
230	725
230	890
231	234
231	357
231	541
231	819
232	430
232	714
232	864
232	925
233	565
233	861
233	926
233	948
234	231
234	400
234	541
234	939
235	445
235	867
235	909
235	951
236	275
236	704
236	894
236	943
236	944
236	990
237	750
237	940
237	941
237	966
237	993
238	765
238	771
238	784
238	947
238	970
239	628
239	756
239	885
239	896
239	972
240	693
240	808
240	868
240	874
240	946
241	590
241	894
241	920
241	938
241	991
242	38
242	664
242	852
242	893
242	909
243	477
243	890
243	947
243	952
243	960
244	198
244	303
244	376
244	962
244	996
245	520
245	716
245	743
245	900
245	958
246	38
246	765
246	774
246	867
246	877
247	531
247	697
247	793
247	830
247	996
248	112
248	306
248	359
248	858
248	877
249	573
249	614
249	794
249	947
249	970
250	702
250	885
250	980
250	985
250	990
251	511
251	652
251	763
251	883
251	960
252	394
252	769
252	862
252	884
252	915
253	809
253	904
253	906
253	948
253	955
253	991
253	996
254	492
254	543
254	891
254	903
254	996
255	139
255	874
255	886
255	949
255	976
256	210
256	577
256	666
256	865
256	974
257	544
257	794
257	915
257	947
257	985
258	392
258	914
258	915
258	926
258	937
259	675
259	716
259	824
259	835
259	995
260	865
260	871
260	950
260	953
260	956
261	14
261	387
261	506
261	569
261	786
262	509
262	755
262	810
262	830
262	966
263	721
263	924
263	991
263	994
263	996
264	180
264	648
264	892
264	914
264	937
265	302
265	686
265	877
265	909
265	951
266	738
266	900
266	919
266	958
266	999
267	440
267	469
267	543
267	627
267	901
268	672
268	696
268	797
268	915
268	983
269	278
269	777
269	818
269	857
269	925
269	945
269	996
270	813
270	896
270	956
270	958
270	959
271	185
271	646
271	781
271	904
271	923
272	886
272	895
272	949
272	972
272	983
273	351
273	365
273	632
273	950
273	977
274	291
274	662
274	891
274	901
274	915
275	85
275	236
275	539
275	544
275	907
276	16
276	167
276	294
276	704
276	968
277	902
277	942
277	946
277	976
277	982
278	269
278	624
278	634
278	705
278	990
279	311
279	804
279	921
279	936
279	947
279	948
280	492
280	859
280	880
280	911
280	930
281	750
281	812
281	838
281	883
281	975
282	217
282	825
282	830
282	858
282	951
283	777
283	807
283	922
283	928
283	945
284	913
284	969
284	977
284	988
284	1000
285	476
285	716
285	776
285	900
285	958
286	893
286	895
286	986
286	997
286	999
287	348
287	770
287	882
287	953
287	956
288	803
288	862
288	961
288	964
288	978
289	907
289	948
289	965
289	967
289	981
290	162
290	460
290	552
290	664
290	977
291	178
291	274
291	429
291	695
291	936
292	745
292	909
292	912
292	931
292	951
293	348
293	809
293	875
293	922
293	927
293	936
294	276
294	446
294	704
294	792
294	999
295	480
295	650
295	849
295	875
295	888
296	779
296	780
296	816
296	927
296	995
297	421
297	569
297	786
297	886
297	894
298	665
298	734
298	774
298	800
298	941
299	737
299	841
299	950
299	954
299	977
300	680
300	829
300	855
300	864
300	925
301	152
301	676
301	839
301	932
301	970
302	265
302	487
302	672
302	696
302	702
303	158
303	244
303	431
303	789
303	813
304	907
304	965
304	967
304	981
304	999
305	707
305	774
305	799
305	800
305	941
306	248
306	601
306	919
306	933
306	955
306	959
306	974
307	866
307	873
307	922
307	928
307	945
308	383
308	789
308	929
308	950
308	977
309	598
309	929
309	940
309	966
309	993
310	28
310	747
310	895
310	989
310	998
311	279
311	486
311	765
311	810
311	951
312	13
312	18
312	764
312	917
312	972
313	717
313	907
313	965
313	967
313	981
314	7
314	465
314	619
314	885
314	948
314	967
314	970
315	899
315	944
315	959
315	971
315	983
316	339
316	623
316	924
316	994
316	996
317	438
317	470
317	631
317	754
317	962
318	321
318	686
318	867
318	909
318	951
319	396
319	655
319	680
319	889
319	924
320	575
320	625
320	910
320	940
320	993
321	318
321	611
321	691
321	712
321	912
322	175
322	616
322	887
322	918
322	952
323	424
323	620
323	809
323	965
323	987
324	674
324	837
324	870
324	919
324	982
325	415
325	463
325	606
325	835
325	897
326	629
326	913
326	939
326	988
326	1000
327	774
327	858
327	922
327	928
327	945
328	509
328	541
328	709
328	843
328	899
329	837
329	870
329	878
329	896
329	919
330	649
330	693
330	737
330	868
330	946
331	230
331	609
331	710
331	960
331	969
332	72
332	731
332	893
332	914
332	937
333	367
333	471
333	562
333	773
333	921
334	444
334	778
334	815
334	865
334	974
335	135
335	758
335	770
335	875
335	888
336	699
336	702
336	852
336	933
336	997
337	413
337	968
337	969
337	973
337	991
338	756
338	818
338	885
338	896
338	963
339	54
339	316
339	963
339	989
339	998
340	796
340	880
340	969
340	973
340	991
341	16
341	463
341	477
341	776
341	922
341	936
342	817
342	824
342	904
342	933
342	938
343	847
343	897
343	901
343	944
343	959
344	643
344	784
344	906
344	918
344	932
345	808
345	939
345	985
345	988
345	1000
346	27
346	80
346	688
346	821
346	937
347	728
347	831
347	908
347	936
347	949
348	287
348	293
348	431
348	789
348	794
349	843
349	869
349	923
349	925
349	988
349	989
350	458
350	803
350	900
350	958
350	999
351	273
351	415
351	861
351	926
351	948
352	507
352	920
352	933
352	984
352	998
353	729
353	961
353	964
353	978
353	986
354	860
354	878
354	917
354	972
354	987
355	42
355	812
355	883
355	945
355	957
356	33
356	471
356	924
356	994
356	996
357	231
357	490
357	681
357	904
357	923
358	577
358	588
358	856
358	902
358	974
359	204
359	248
359	494
359	556
359	821
359	919
359	990
360	678
360	787
360	826
360	946
360	961
361	839
361	866
361	950
361	954
361	977
362	729
362	801
362	814
362	966
362	993
363	398
363	839
363	961
363	964
363	978
364	944
364	959
364	971
364	982
364	986
365	136
365	273
365	593
365	976
365	982
366	630
366	745
366	864
366	957
366	994
367	333
367	797
367	802
367	921
367	951
368	484
368	738
368	807
368	966
368	993
369	145
369	430
369	739
369	982
369	983
370	454
370	675
370	676
370	749
370	992
371	528
371	756
371	780
371	927
371	984
372	1
372	160
372	753
372	908
372	919
372	948
372	981
373	791
373	814
373	820
373	916
373	962
374	523
374	887
374	895
374	901
374	915
374	957
374	993
374	996
375	866
375	944
375	959
375	971
375	972
375	997
376	115
376	244
376	511
376	781
376	902
376	999
377	388
377	550
377	950
377	954
377	977
377	999
378	191
378	493
378	609
378	891
378	955
378	960
379	172
379	467
379	682
379	741
379	825
379	943
380	733
380	849
380	859
380	878
380	880
380	930
381	765
381	809
381	867
381	877
381	902
381	951
382	488
382	700
382	733
382	929
382	950
382	977
383	308
383	869
383	934
383	980
383	985
383	990
384	424
384	474
384	620
384	694
384	809
385	388
385	531
385	536
385	590
385	606
385	964
386	27
386	135
386	714
386	847
386	911
386	932
387	261
387	479
387	817
387	824
387	835
387	938
388	377
388	385
388	536
388	587
388	590
388	871
389	449
389	548
389	867
389	877
389	951
389	955
390	202
390	414
390	689
390	819
390	843
390	996
391	472
391	582
391	591
391	681
391	697
391	912
392	180
392	258
392	522
392	584
392	617
392	937
393	52
393	714
393	873
393	881
393	922
393	928
394	207
394	252
394	697
394	862
394	876
394	884
395	435
395	443
395	481
395	633
395	706
395	816
396	319
396	624
396	754
396	816
396	858
396	926
396	947
396	967
397	691
397	735
397	752
397	984
397	989
397	998
398	35
398	157
398	363
398	426
398	650
398	889
399	497
399	549
399	678
399	777
399	868
399	946
400	234
400	493
400	504
400	737
400	819
400	843
401	917
401	935
401	968
401	969
401	973
401	991
402	618
402	629
402	711
402	806
402	836
402	885
403	12
403	697
403	792
403	884
403	979
403	986
404	954
404	963
404	984
404	989
404	993
404	998
405	485
405	686
405	765
405	867
405	951
405	1000
406	107
406	934
406	946
406	980
406	985
406	990
407	216
407	949
407	976
407	982
407	983
407	1000
408	598
408	866
408	944
408	959
408	971
408	987
409	435
409	841
409	863
409	876
409	896
409	916
410	611
410	691
410	712
410	720
410	806
410	912
411	580
411	817
411	821
411	830
411	835
411	938
412	49
412	85
412	532
412	767
412	918
412	987
413	337
413	538
413	732
413	878
413	917
413	972
414	48
414	390
414	456
414	797
414	819
414	899
415	26
415	325
415	351
415	463
415	531
415	619
416	843
416	844
416	861
416	926
416	940
416	948
417	480
417	770
417	850
417	875
417	888
417	994
418	169
418	912
418	961
418	964
418	978
419	166
419	506
419	669
419	786
419	802
419	979
420	64
420	579
420	654
420	825
420	962
421	297
421	651
421	748
421	890
421	898
421	960
422	476
422	562
422	631
422	778
422	822
422	974
423	675
423	698
423	746
423	887
423	890
423	960
424	323
424	384
424	620
424	665
424	809
425	479
425	738
425	920
425	955
425	964
425	979
426	398
426	546
426	594
426	762
426	793
426	864
427	545
427	871
427	882
427	953
427	954
427	956
428	604
428	637
428	881
428	922
428	928
428	945
429	291
429	741
429	758
429	861
429	901
429	992
430	232
430	369
430	476
430	822
430	865
430	974
431	303
431	348
431	789
431	813
431	955
431	991
432	789
432	809
432	854
432	984
432	989
432	998
433	584
433	731
433	785
433	832
433	914
433	937
434	559
434	812
434	883
434	949
434	957
434	987
435	395
435	409
435	481
435	706
435	816
435	969
436	778
436	856
436	865
436	947
436	974
436	981
437	151
437	192
437	679
437	694
437	699
437	897
438	317
438	663
438	888
438	920
438	933
438	955
439	608
439	740
439	834
439	863
439	876
439	916
440	267
440	500
440	899
440	939
440	988
440	1000
441	129
441	468
441	501
441	581
441	889
441	938
441	985
442	482
442	526
442	651
442	713
442	819
442	993
443	395
443	528
443	780
443	885
443	912
443	927
444	334
444	505
444	856
444	862
444	865
444	974
445	235
445	613
445	693
445	762
445	826
445	946
446	294
446	557
446	630
446	695
446	815
446	999
447	729
447	767
447	905
447	940
447	969
447	993
448	759
448	783
448	871
448	953
448	956
448	967
449	127
449	389
449	765
449	867
449	909
449	986
450	626
450	777
450	907
450	965
450	967
450	981
451	103
451	229
451	789
451	813
451	942
451	968
452	590
452	699
452	769
452	862
452	884
452	986
453	574
453	733
453	929
453	932
453	950
453	977
454	197
454	205
454	370
454	586
454	627
454	891
455	179
455	490
455	904
455	923
455	963
455	997
456	414
456	463
456	526
456	777
456	843
456	899
457	124
457	155
457	225
457	576
457	799
457	995
458	350
458	685
458	924
458	975
458	994
458	996
459	38
459	162
459	519
459	664
459	801
459	870
460	290
460	466
460	476
460	552
460	722
460	893
461	783
461	834
461	853
461	871
461	953
461	956
462	486
462	705
462	764
462	860
462	905
462	972
463	26
463	325
463	341
463	415
463	456
463	619
464	23
464	124
464	849
464	859
464	880
464	930
465	314
465	689
465	793
465	889
465	959
465	966
466	460
466	699
466	883
466	893
466	901
466	999
467	115
467	379
467	525
467	612
467	936
467	999
468	12
468	166
468	441
468	674
468	824
468	894
469	267
469	844
469	861
469	926
469	948
469	979
470	317
470	709
470	739
470	791
470	833
470	962
471	333
471	356
471	815
471	905
471	966
471	993
472	391
472	591
472	785
472	862
472	874
472	884
472	975
473	790
473	814
473	913
473	918
473	939
473	988
473	1000
474	191
474	384
474	574
474	675
474	898
474	960
474	995
475	521
475	674
475	837
475	870
475	919
475	936
476	285
476	422
476	430
476	460
476	706
476	856
476	974
477	243
477	341
477	644
477	929
477	950
477	954
477	977
478	221
478	479
478	663
478	920
478	955
478	959
478	987
479	387
479	425
479	478
479	485
479	914
479	920
479	955
480	295
480	417
480	496
480	770
480	875
480	888
480	948
481	395
481	435
481	706
481	816
481	890
481	892
481	952
482	97
482	442
482	545
482	688
482	689
482	821
482	995
483	517
483	647
483	740
483	906
483	915
483	947
483	970
484	368
484	546
484	582
484	683
484	769
484	884
484	986
485	118
485	405
485	479
485	663
485	920
485	955
485	960
486	311
486	462
486	641
486	659
486	866
486	878
486	972
487	302
487	611
487	806
487	816
487	914
487	937
487	958
487	987
488	382
488	608
488	737
488	876
488	889
488	950
488	977
489	514
489	742
489	854
489	963
489	966
489	984
489	998
490	357
490	455
490	736
490	840
490	904
490	923
490	924
491	702
491	935
491	955
491	968
491	969
491	973
491	991
492	254
492	280
492	556
492	586
492	627
492	901
492	952
493	378
493	400
493	710
493	713
493	746
493	898
493	960
494	359
494	935
494	965
494	968
494	969
494	973
494	991
495	571
495	768
495	921
495	939
495	986
495	988
495	1000
496	480
496	768
496	814
496	829
496	987
496	988
496	1000
497	399
497	637
497	751
497	834
497	841
497	863
497	916
498	503
498	660
498	771
498	940
498	966
498	988
498	993
499	546
499	581
499	860
499	906
499	932
499	947
499	952
500	440
500	570
500	744
500	814
500	913
500	988
500	1000
501	11
501	441
501	718
501	907
501	965
501	967
501	981
502	527
502	624
502	851
502	924
502	994
502	995
502	996
503	498
503	524
503	807
503	815
503	849
503	966
503	993
504	40
504	400
504	713
504	774
504	791
504	843
504	899
505	444
505	617
505	869
505	934
505	980
505	985
505	990
506	162
506	261
506	419
506	786
506	894
506	943
506	983
507	151
507	164
507	352
507	661
507	786
507	915
507	978
507	985
508	577
508	672
508	683
508	798
508	858
508	880
508	887
508	998
509	262
509	328
509	884
509	941
509	949
509	958
509	990
509	991
510	841
510	918
510	927
510	961
510	974
510	983
510	985
510	996
511	251
511	376
511	730
511	763
511	847
511	971
511	998
512	213
512	610
512	646
512	781
512	890
512	904
512	923
513	596
513	671
513	829
513	831
513	908
513	925
513	936
514	150
514	489
514	588
514	632
514	737
514	954
514	977
515	612
515	714
515	763
515	815
515	832
515	847
515	911
516	528
516	716
516	738
516	900
516	903
516	958
516	999
517	483
517	570
517	805
517	907
517	965
517	967
517	981
518	588
518	654
518	749
518	778
518	822
518	856
518	974
519	202
519	459
519	623
519	760
519	953
519	956
519	999
520	245
520	526
520	716
520	738
520	869
520	900
520	958
521	209
521	475
521	529
521	690
521	717
521	914
521	937
522	392
522	825
522	830
522	930
522	958
522	979
522	989
523	374
523	615
523	734
523	774
523	941
523	945
523	992
524	503
524	869
524	934
524	980
524	982
524	985
524	990
525	63
525	467
525	640
525	783
525	882
525	953
525	956
526	442
526	456
526	520
526	843
526	899
526	943
526	990
527	502
527	685
527	736
527	924
527	974
527	994
527	996
528	371
528	443
528	516
528	791
528	885
528	927
528	971
529	92
529	521
529	685
529	785
529	924
529	994
529	996
530	84
530	698
530	709
530	791
530	803
530	892
530	962
531	109
531	247
531	385
531	415
531	532
531	619
531	653
532	412
532	531
532	614
532	883
532	941
532	970
532	1000
533	126
533	821
533	829
533	855
533	864
533	925
533	957
534	98
534	652
534	872
534	963
534	984
534	989
534	998
535	615
535	774
535	782
535	800
535	941
535	957
535	982
536	10
536	385
536	388
536	587
536	590
536	594
536	987
537	686
537	811
537	907
537	914
537	965
537	967
537	981
538	97
538	413
538	579
538	764
538	912
538	917
538	972
539	275
539	723
539	776
539	827
539	879
539	918
539	976
540	630
540	805
540	811
540	965
540	967
540	981
540	987
541	231
541	234
541	328
541	576
541	843
541	891
541	899
542	924
542	979
542	984
542	987
542	994
542	995
542	996
543	22
543	55
543	199
543	254
543	267
543	891
543	984
544	257
544	275
544	560
544	600
544	762
544	887
544	905
545	427
545	482
545	688
545	821
545	872
545	952
545	954
546	426
546	484
546	499
546	669
546	715
546	776
546	793
547	602
547	829
547	855
547	864
547	925
547	944
547	970
548	389
548	842
548	874
548	895
548	949
548	982
548	983
549	107
549	399
549	580
549	722
549	824
549	938
549	976
550	377
550	583
550	757
550	833
550	929
550	950
550	954
550	962
551	760
551	853
551	961
551	964
551	969
551	973
551	978
551	1000
552	98
552	290
552	460
552	621
552	637
552	801
552	852
552	985
553	177
553	562
553	677
553	773
553	802
553	826
553	921
553	971
554	194
554	719
554	850
554	876
554	963
554	984
554	989
554	998
555	568
555	771
555	780
555	812
555	898
555	940
555	966
555	993
556	22
556	359
556	492
556	749
556	849
556	891
556	901
556	966
557	5
557	130
557	446
557	630
557	704
557	872
557	930
557	999
558	230
558	616
558	761
558	854
558	963
558	984
558	989
558	998
559	434
559	692
559	717
559	720
559	731
559	937
559	957
559	964
560	544
560	661
560	668
560	745
560	787
560	879
560	897
560	918
561	112
561	578
561	601
561	735
561	807
561	817
561	858
561	942
562	76
562	333
562	422
562	553
562	647
562	773
562	921
562	969
563	627
563	699
563	762
563	770
563	825
563	981
563	984
563	993
564	75
564	632
564	737
564	753
564	757
564	929
564	950
564	954
565	233
565	804
565	814
565	913
565	939
565	965
565	988
565	1000
566	775
566	831
566	845
566	866
566	944
566	959
566	969
566	971
567	574
567	604
567	703
567	869
567	934
567	980
567	985
567	990
568	555
568	648
568	729
568	843
568	905
568	940
568	966
568	993
569	50
569	116
569	261
569	297
569	669
569	893
569	894
569	970
570	500
570	517
570	850
570	872
570	963
570	984
570	989
570	998
571	201
571	495
571	818
571	910
571	949
571	976
571	982
571	983
572	832
572	844
572	853
572	854
572	961
572	964
572	975
572	978
573	249
573	748
573	895
573	902
573	949
573	976
573	982
573	983
574	33
574	453
574	474
574	567
574	710
574	746
574	950
574	960
575	320
575	807
575	870
575	905
575	938
575	949
575	966
575	993
576	54
576	225
576	457
576	541
576	833
576	952
576	974
576	995
577	256
577	358
577	508
577	799
577	822
577	856
577	865
577	974
578	561
578	587
578	776
578	800
578	875
578	897
578	910
578	956
579	90
579	127
579	420
579	538
579	654
579	787
579	808
579	825
580	46
580	107
580	411
580	549
580	783
580	835
580	938
580	988
581	441
581	499
581	905
581	920
581	941
581	947
581	970
581	979
582	391
582	484
582	658
582	683
582	769
582	862
582	884
582	989
583	139
583	550
583	722
583	871
583	964
583	971
583	993
583	995
583	1000
584	392
584	433
584	690
584	691
584	720
584	914
584	937
584	944
585	2
585	613
585	777
585	868
585	913
585	926
585	946
585	967
586	454
586	492
586	618
586	749
586	891
586	901
586	942
586	992
587	10
587	30
587	87
587	388
587	536
587	578
587	590
587	622
588	220
588	358
588	514
588	518
588	822
588	851
588	856
588	974
589	96
589	137
589	596
589	649
589	831
589	908
589	922
589	936
590	10
590	241
590	385
590	388
590	452
590	536
590	587
590	787
591	391
591	472
591	683
591	795
591	862
591	878
591	884
591	892
592	635
592	755
592	810
592	830
592	982
592	994
593	365
593	715
593	895
593	908
593	910
593	935
593	975
593	982
594	27
594	426
594	536
594	599
594	626
594	680
594	793
594	994
595	792
595	869
595	934
595	953
595	956
595	980
595	985
595	990
596	513
596	589
596	671
596	771
596	908
596	936
596	942
596	952
597	683
597	762
597	835
597	955
597	958
597	967
597	972
597	997
598	309
598	408
598	856
598	886
598	952
598	976
598	982
598	983
599	65
599	105
599	594
599	682
599	776
599	873
599	889
599	996
600	544
600	762
600	827
600	879
600	887
600	902
600	949
600	979
601	15
601	61
601	306
601	561
601	725
601	858
601	942
601	967
602	51
602	547
602	687
602	829
602	855
602	864
602	925
602	991
603	659
603	670
603	744
603	873
603	881
603	922
603	928
603	945
604	428
604	567
604	608
604	935
604	968
604	969
604	973
604	991
605	719
605	872
605	880
605	963
605	984
605	985
605	989
605	998
606	325
606	385
606	679
606	926
606	931
606	942
606	957
606	978
606	1000
607	5
607	805
607	811
607	907
607	950
607	965
607	967
607	980
607	981
608	78
608	439
608	488
608	604
608	757
608	929
608	950
608	954
608	977
609	170
609	331
609	378
609	675
609	758
609	903
609	960
609	981
609	997
610	512
610	780
610	805
610	811
610	907
610	964
610	965
610	967
610	981
611	19
611	321
611	410
611	487
611	712
611	828
611	833
611	856
611	997
612	222
612	467
612	515
612	730
612	741
612	763
612	847
612	994
612	999
613	445
613	585
613	726
613	777
613	826
613	868
613	872
613	946
613	980
614	249
614	532
614	678
614	684
614	753
614	794
614	906
614	915
614	932
615	117
615	523
615	535
615	644
615	734
615	774
615	782
615	800
615	941
616	187
616	322
616	558
616	639
616	661
616	723
616	827
616	887
616	918
617	392
617	505
617	692
617	717
617	720
617	803
617	914
617	933
617	937
618	402
618	586
618	629
618	711
618	806
618	836
618	982
619	26
619	76
619	314
619	415
619	463
619	531
619	923
619	951
619	996
620	323
620	384
620	424
620	809
620	901
620	990
620	992
621	552
621	840
621	931
621	935
621	968
621	969
621	970
621	973
621	991
622	587
622	707
622	845
622	866
622	897
622	944
622	971
622	975
622	993
623	316
623	519
623	640
623	684
623	757
623	871
623	882
623	953
623	956
624	278
624	396
624	502
624	634
624	679
624	694
624	705
624	933
624	995
625	320
625	859
625	905
625	940
625	956
625	966
625	975
625	990
625	993
626	450
626	594
626	639
626	819
626	889
626	936
626	977
626	990
626	999
627	30
627	267
627	454
627	492
627	563
627	667
627	719
627	901
627	925
628	239
628	707
628	749
628	845
628	897
628	919
628	944
628	959
628	971
629	326
629	402
629	618
629	711
629	806
629	836
629	921
629	947
630	5
630	366
630	446
630	540
630	557
630	704
630	850
630	943
630	999
631	83
631	207
631	317
631	422
631	656
631	673
631	709
631	791
631	962
632	273
632	514
632	564
632	659
632	862
632	929
632	950
632	954
632	977
633	395
633	923
633	931
633	935
633	948
633	968
633	969
633	973
633	991
634	278
634	624
634	656
634	679
634	705
634	810
634	893
634	949
634	995
635	592
635	755
635	781
635	808
635	810
635	830
635	892
636	161
636	706
636	749
636	852
636	866
636	882
636	974
636	982
636	996
637	428
637	497
637	552
637	664
637	710
637	801
637	852
637	893
637	999
638	141
638	193
638	747
638	751
638	786
638	841
638	863
638	876
638	916
639	616
639	626
639	661
639	700
639	752
639	860
639	878
639	917
639	972
640	182
640	525
640	623
640	862
640	945
640	960
640	981
640	983
640	992
641	486
641	732
641	752
641	860
641	878
641	897
641	949
641	952
641	972
642	871
642	889
642	890
642	894
642	965
642	971
642	984
642	989
642	1000
643	344
643	794
643	795
643	892
643	906
643	914
643	932
643	970
643	1000
644	150
644	477
644	615
644	708
644	757
644	929
644	950
644	954
644	977
645	133
645	851
645	881
645	931
645	935
645	968
645	969
645	973
645	991
646	271
646	512
646	664
646	736
646	769
646	781
646	904
646	923
646	995
647	93
647	483
647	562
647	677
647	773
647	802
647	921
647	945
647	975
648	264
648	568
648	724
648	792
648	869
648	934
648	980
648	985
648	990
649	198
649	330
649	589
649	671
649	750
649	766
649	831
649	908
649	936
650	295
650	398
650	743
650	766
650	832
650	839
650	961
650	964
650	978
651	40
651	228
651	421
651	442
651	665
651	754
651	819
651	874
651	987
652	71
652	251
652	534
652	714
652	741
652	828
652	847
652	911
652	986
653	531
653	778
653	946
653	947
653	958
653	975
653	982
653	989
653	996
654	90
654	127
654	420
654	518
654	579
654	825
654	939
654	961
655	319
655	699
655	848
655	856
655	879
655	951
655	981
655	985
655	1000
656	61
656	75
656	85
656	631
656	634
656	679
656	694
656	705
656	828
657	45
657	722
657	759
657	844
657	861
657	921
657	926
657	948
658	582
658	821
658	850
658	872
658	963
658	981
658	984
658	989
658	998
659	486
659	603
659	632
659	666
659	727
659	732
659	752
659	860
659	917
659	972
660	498
660	692
660	831
660	850
660	854
660	872
660	963
660	984
660	989
660	998
661	44
661	218
661	507
661	560
661	616
661	639
661	668
661	723
661	827
661	992
662	66
662	80
662	115
662	218
662	274
662	723
662	879
662	887
662	918
662	992
663	181
663	438
663	478
663	485
663	920
663	955
663	977
663	986
663	987
663	993
664	162
664	242
664	290
664	459
664	637
664	646
664	690
664	801
664	893
664	898
665	298
665	424
665	651
665	701
665	747
665	751
665	834
665	863
665	876
665	916
666	139
666	256
666	659
666	842
666	888
666	902
666	910
666	949
666	982
666	983
667	168
667	627
667	740
667	795
667	915
667	932
667	943
667	970
667	971
667	985
668	560
668	661
668	762
668	788
668	827
668	842
668	879
668	887
668	896
668	918
669	50
669	419
669	546
669	569
669	687
669	846
669	857
669	894
669	943
669	957
670	603
670	744
670	755
670	873
670	881
670	917
670	922
670	928
670	945
670	960
671	3
671	62
671	227
671	513
671	596
671	649
671	759
671	801
671	908
671	936
672	69
672	185
672	268
672	302
672	508
672	696
672	797
672	910
672	945
672	995
673	15
673	71
673	631
673	709
673	791
673	820
673	825
673	961
673	962
673	995
674	324
674	468
674	475
674	795
674	837
674	870
674	886
674	919
675	259
675	370
675	423
675	474
675	609
675	768
675	890
675	898
675	943
675	952
676	112
676	161
676	301
676	370
676	740
676	746
676	906
676	915
676	932
676	947
677	177
677	203
677	553
677	647
677	802
677	867
677	921
677	943
677	944
677	985
678	36
678	360
678	399
678	614
678	693
678	788
678	826
678	868
678	946
678	970
679	437
679	606
679	624
679	634
679	656
679	705
679	791
679	828
679	840
679	995
680	65
680	300
680	319
680	594
680	776
680	823
680	834
680	848
680	933
680	984
681	32
681	357
681	391
681	736
681	781
681	867
681	904
681	908
681	923
681	995
682	215
682	379
682	599
682	783
682	873
682	889
682	919
682	921
682	965
682	977
683	170
683	484
683	508
683	582
683	591
683	597
683	697
683	769
683	811
683	862
684	614
684	623
684	783
684	871
684	874
684	882
684	953
684	956
684	994
684	999
685	88
685	458
685	527
685	529
685	688
685	812
685	924
685	973
685	994
685	996
686	265
686	318
686	405
686	537
686	771
686	861
686	867
686	877
686	909
686	951
687	602
687	669
687	775
687	820
687	921
687	930
687	948
687	962
687	972
687	998
688	56
688	147
688	224
688	346
688	482
688	545
688	685
688	808
688	821
688	952
689	390
689	465
689	482
689	701
689	756
689	762
689	879
689	894
689	934
689	981
690	521
690	584
690	664
690	717
690	720
690	731
690	741
690	914
690	937
690	953
691	13
691	19
691	321
691	397
691	410
691	584
691	712
691	769
691	823
691	828
692	559
692	617
692	660
692	717
692	720
692	731
692	910
692	914
692	937
692	968
693	47
693	240
693	330
693	445
693	678
693	826
693	827
693	929
693	946
693	979
694	75
694	151
694	215
694	384
694	437
694	624
694	656
694	798
694	848
694	914
695	291
695	446
695	775
695	845
695	866
695	897
695	916
695	944
695	959
695	971
696	69
696	89
696	216
696	268
696	302
696	672
696	735
696	797
696	904
696	911
697	225
697	247
697	391
697	394
697	403
697	683
697	769
697	884
697	974
697	985
698	140
698	423
698	530
698	763
698	915
698	945
698	948
698	957
698	964
698	978
699	336
699	437
699	452
699	466
699	563
699	655
699	852
699	887
699	893
699	997
700	382
700	639
700	718
700	779
700	780
700	818
700	885
700	896
700	912
700	927
701	665
701	689
701	734
701	840
701	931
701	935
701	968
701	969
701	973
701	991
702	250
702	302
702	336
702	491
702	883
702	898
702	957
702	961
702	970
702	972
703	4
703	55
703	567
703	791
703	796
703	801
703	802
703	948
703	962
703	971
704	16
704	132
704	236
704	276
704	294
704	557
704	630
704	884
704	926
704	999
705	73
705	173
705	215
705	278
705	462
705	624
705	634
705	656
705	679
705	944
705	994
706	395
706	435
706	476
706	481
706	636
706	731
706	816
706	952
706	982
707	305
707	622
707	628
707	775
707	866
707	897
707	916
707	944
707	959
707	971
707	974
708	82
708	644
708	743
708	805
708	811
708	907
708	965
708	967
708	981
709	71
709	207
709	328
709	470
709	530
709	631
709	673
709	769
709	820
709	912
709	962
710	331
710	493
710	574
710	637
710	746
710	890
710	898
710	903
710	960
710	980
710	998
711	123
711	136
711	188
711	402
711	618
711	629
711	719
711	806
711	836
711	939
712	13
712	19
712	156
712	321
712	410
712	611
712	691
712	724
712	833
712	909
712	1000
713	52
713	66
713	90
713	442
713	493
713	504
713	819
713	899
713	930
713	943
713	987
714	232
714	386
714	393
714	515
714	652
714	729
714	730
714	741
714	763
714	986
714	999
715	12
715	546
715	593
715	779
715	784
715	873
715	896
715	904
715	933
715	941
715	984
716	189
716	245
716	259
716	285
716	516
716	520
716	738
716	900
716	916
716	958
716	968
717	313
717	521
717	559
717	617
717	690
717	692
717	720
717	827
717	830
717	914
717	937
718	501
718	700
718	787
718	840
718	885
718	931
718	935
718	968
718	969
718	973
718	991
719	215
719	554
719	605
719	627
719	711
719	850
719	854
719	963
719	984
719	989
719	998
720	410
720	559
720	584
720	617
720	690
720	692
720	717
720	914
720	937
720	941
720	971
721	50
721	263
721	828
721	849
721	851
721	859
721	880
721	911
721	930
722	121
722	148
722	460
722	549
722	583
722	657
722	817
722	824
722	835
722	938
722	978
723	187
723	539
723	616
723	661
723	662
723	731
723	762
723	800
723	878
723	918
723	949
724	134
724	648
724	712
724	727
724	823
724	836
724	898
724	918
724	965
724	992
724	996
725	8
725	230
725	601
725	760
725	821
725	858
725	865
725	889
725	926
725	967
725	974
726	613
726	767
726	798
726	804
726	814
726	875
726	913
726	939
726	940
726	988
726	1000
727	128
727	214
727	659
727	724
727	752
727	764
727	878
727	929
727	938
727	970
727	972
728	39
728	190
728	347
728	802
728	878
728	909
728	921
728	923
728	930
728	988
728	1000
729	353
729	362
729	447
729	568
729	714
729	771
729	814
729	905
729	940
729	966
729	993
730	511
730	612
730	714
730	741
730	742
730	763
730	847
730	907
730	948
730	986
730	999
731	332
731	433
731	559
731	690
731	692
731	706
731	723
731	914
731	937
731	963
731	994
732	39
732	413
732	641
732	659
732	764
732	860
732	878
732	891
732	917
732	965
732	972
733	74
733	380
733	382
733	453
733	757
733	910
733	929
733	950
733	954
733	977
733	999
734	211
734	298
734	523
734	615
734	701
734	774
734	782
734	877
734	941
734	983
734	992
735	397
735	561
735	696
735	761
735	872
735	874
735	963
735	984
735	989
735	998
735	999
736	490
736	527
736	646
736	681
736	781
736	835
736	904
736	923
736	958
736	995
736	997
737	299
737	330
737	400
737	488
737	514
737	564
737	929
737	950
737	954
737	977
737	990
738	1
738	203
738	266
738	368
738	425
738	516
738	520
738	716
738	900
738	958
738	999
739	159
739	369
739	470
739	887
739	902
739	910
739	942
739	949
739	976
739	982
739	983
740	439
740	483
740	667
740	676
740	784
740	818
740	885
740	906
740	915
740	947
740	970
741	211
741	379
741	429
741	612
741	652
741	690
741	714
741	730
741	847
741	914
741	999
742	489
742	730
742	854
742	872
742	875
742	884
742	963
742	982
742	984
742	989
742	992
742	998
743	138
743	245
743	650
743	708
743	760
743	796
743	803
743	832
743	853
743	961
743	964
743	978
744	220
744	500
744	603
744	670
744	864
744	873
744	881
744	922
744	928
744	945
744	972
744	992
745	11
745	108
745	292
745	366
745	560
745	765
745	800
745	877
745	889
745	909
745	929
745	951
746	72
746	423
746	493
746	574
746	676
746	710
746	748
746	876
746	890
746	898
746	960
746	975
747	24
747	95
747	310
747	638
747	665
747	751
747	834
747	841
747	863
747	876
747	916
747	931
748	142
748	171
748	421
748	573
748	746
748	774
748	848
748	890
748	898
748	940
748	960
748	964
749	178
749	370
749	518
749	556
749	586
749	628
749	636
749	792
749	891
749	903
749	924
749	992
750	237
750	281
750	649
750	772
750	792
750	869
750	934
750	980
750	985
750	990
751	497
751	638
751	665
751	747
751	763
751	779
751	834
751	841
751	863
751	876
751	916
751	936
752	9
752	397
752	639
752	641
752	659
752	727
752	764
752	782
752	878
752	917
752	942
752	972
753	372
753	564
753	614
753	795
753	906
753	915
753	932
753	941
753	947
753	970
753	992
753	996
754	173
754	317
754	396
754	651
754	758
754	813
754	832
754	838
754	962
754	990
754	991
754	1000
755	190
755	262
755	592
755	635
755	670
755	791
755	810
755	830
755	869
756	239
756	338
756	371
756	689
756	779
756	780
756	785
756	863
756	885
756	896
756	927
756	946
757	550
757	564
757	608
757	623
757	644
757	733
757	805
757	929
757	950
757	954
757	976
757	977
758	335
758	429
758	609
758	754
758	871
758	901
758	924
758	953
758	958
758	981
758	982
758	985
759	448
759	657
759	671
759	844
759	861
759	926
759	948
759	959
759	992
760	519
760	551
760	725
760	743
760	766
760	832
760	839
760	853
760	950
760	961
760	964
760	978
761	195
761	558
761	735
761	825
761	850
761	854
761	896
761	900
761	963
761	984
761	989
761	998
762	426
762	445
762	544
762	563
762	597
762	600
762	668
762	689
762	723
762	887
762	976
762	992
763	172
763	251
763	511
763	515
763	612
763	698
763	714
763	730
763	751
763	847
763	900
763	963
764	312
764	462
764	538
764	727
764	732
764	752
764	845
764	860
764	917
764	972
764	984
764	994
765	238
765	246
765	311
765	381
765	405
765	449
765	745
765	867
765	877
765	938
765	951
765	997
766	649
766	650
766	760
766	803
766	832
766	839
766	851
766	853
766	961
766	964
766	967
766	978
767	412
767	447
767	726
767	804
767	813
767	814
767	911
767	939
767	986
767	987
767	988
767	1000
768	495
768	496
768	675
768	798
768	804
768	913
768	925
768	985
768	987
768	988
768	997
768	1000
769	195
769	252
769	452
769	484
769	582
769	646
769	683
769	691
769	697
769	709
769	884
769	898
770	29
770	59
770	106
770	287
770	335
770	417
770	480
770	563
770	875
770	888
770	915
770	996
771	238
771	498
771	555
771	596
771	686
771	729
771	807
771	815
771	905
771	966
771	988
771	993
772	82
772	750
772	786
772	842
772	886
772	910
772	924
772	943
772	949
772	976
772	982
772	983
773	21
773	167
773	333
773	553
773	562
773	647
773	794
773	802
773	816
773	910
773	921
773	975
774	246
774	298
774	305
774	327
774	504
774	523
774	535
774	615
774	734
774	748
774	782
774	800
774	941
775	566
775	687
775	695
775	707
775	786
775	819
775	845
775	866
775	897
775	944
775	959
775	971
775	991
776	31
776	97
776	116
776	159
776	285
776	341
776	539
776	546
776	578
776	599
776	680
776	793
776	979
777	269
777	283
777	399
777	450
777	456
777	585
777	613
777	826
777	865
777	868
777	874
777	946
777	979
778	141
778	334
778	422
778	436
778	518
778	653
778	822
778	834
778	854
778	856
778	865
778	974
778	986
779	104
779	224
779	296
779	700
779	715
779	751
779	756
779	818
779	885
779	896
779	927
779	938
779	942
780	296
780	371
780	443
780	555
780	610
780	700
780	756
780	814
780	833
780	885
780	896
780	927
780	995
781	134
781	271
781	376
781	512
781	635
781	646
781	681
781	736
781	808
781	873
781	904
781	995
781	999
782	60
782	101
782	535
782	615
782	734
782	752
782	774
782	787
782	800
782	804
782	833
782	941
782	992
783	211
783	448
783	461
783	525
783	580
783	682
783	684
783	871
783	882
783	925
783	953
783	956
783	985
784	168
784	177
784	238
784	344
784	715
784	740
784	823
784	859
784	906
784	932
784	970
784	979
784	993
785	433
785	472
785	529
785	756
785	800
785	809
785	941
785	973
785	983
785	984
785	991
785	993
785	998
786	51
786	114
786	116
786	261
786	297
786	419
786	506
786	507
786	638
786	772
786	775
786	894
786	994
787	360
787	560
787	579
787	590
787	718
787	782
787	825
787	893
787	918
787	941
787	945
787	984
787	998
788	668
788	678
788	840
788	931
788	935
788	939
788	951
788	968
788	969
788	973
788	991
789	77
789	103
789	158
789	303
789	308
789	348
789	431
789	432
789	451
789	793
789	813
789	920
789	942
790	73
790	473
790	809
790	856
790	867
790	897
790	909
790	947
790	964
790	972
790	974
790	978
790	999
791	373
791	470
791	504
791	528
791	530
791	631
791	673
791	679
791	703
791	755
791	820
791	911
791	962
792	84
792	294
792	403
792	595
792	648
792	749
792	750
792	869
792	934
792	980
792	985
792	990
793	23
793	122
793	247
793	426
793	465
793	546
793	594
793	776
793	789
793	836
793	889
793	979
793	992
794	249
794	257
794	348
794	614
794	643
794	773
794	811
794	906
794	915
794	932
794	947
794	970
794	978
795	152
795	591
795	643
795	667
795	674
795	753
795	812
795	906
795	915
795	932
795	947
795	970
795	989
796	201
796	340
796	703
796	743
796	886
796	902
796	910
796	943
796	949
796	954
796	976
796	982
796	983
797	86
797	89
797	96
797	157
797	216
797	268
797	367
797	414
797	672
797	696
797	808
797	848
797	863
798	508
798	694
798	726
798	768
798	804
798	814
798	848
798	856
798	913
798	939
798	988
798	997
798	1000
799	39
799	54
799	87
799	124
799	206
799	305
799	457
799	577
799	828
799	833
799	902
799	975
799	995
800	298
800	305
800	535
800	578
800	615
800	723
800	745
800	774
800	782
800	785
800	851
800	941
800	992
801	362
801	459
801	552
801	637
801	664
801	671
801	703
801	852
801	870
801	893
801	972
801	997
801	999
802	122
802	367
802	419
802	553
802	647
802	677
802	703
802	728
802	773
802	887
802	921
802	943
802	975
803	288
803	350
803	530
803	617
803	743
803	766
803	832
803	839
803	843
803	853
803	961
803	964
803	978
804	279
804	565
804	726
804	767
804	768
804	782
804	798
804	891
804	913
804	931
804	939
804	988
804	1000
805	517
805	540
805	607
805	610
805	708
805	757
805	811
805	907
805	965
805	967
805	981
805	987
805	998
805	999
806	35
806	123
806	136
806	163
806	402
806	410
806	487
806	618
806	629
806	711
806	833
806	836
806	849
806	911
807	210
807	211
807	283
807	368
807	503
807	561
807	575
807	771
807	815
807	905
807	940
807	966
807	983
807	993
808	69
808	94
808	240
808	345
808	579
808	635
808	688
808	781
808	797
808	923
808	944
808	971
808	982
808	993
809	63
809	192
809	253
809	293
809	323
809	381
809	384
809	424
809	432
809	620
809	785
809	790
809	943
809	958
810	123
810	190
810	262
810	311
810	592
810	634
810	635
810	755
810	830
810	848
810	950
811	537
811	540
811	607
811	610
811	683
811	708
811	794
811	805
811	907
811	930
811	965
811	967
811	968
811	981
812	46
812	59
812	132
812	160
812	281
812	355
812	434
812	555
812	685
812	795
812	838
812	883
812	945
812	957
813	77
813	158
813	173
813	270
813	303
813	431
813	451
813	754
813	767
813	789
813	903
813	942
813	967
813	986
814	362
814	373
814	473
814	496
814	500
814	565
814	726
814	729
814	767
814	780
814	798
814	939
814	988
814	1000
815	104
815	208
815	334
815	446
815	471
815	503
815	515
815	771
815	807
815	940
815	958
815	966
815	986
815	993
816	35
816	80
816	156
816	296
816	395
816	396
816	435
816	481
816	487
816	706
816	773
816	828
816	883
816	952
817	25
817	182
817	205
817	209
817	342
817	387
817	411
817	561
817	722
817	835
817	903
817	911
817	938
817	993
818	206
818	269
818	338
818	571
818	700
818	740
818	779
818	885
818	896
818	927
818	947
818	958
818	979
818	995
819	43
819	231
819	390
819	400
819	414
819	442
819	626
819	651
819	713
819	775
819	843
819	899
819	977
819	992
820	34
820	43
820	84
820	373
820	673
820	687
820	709
820	791
820	892
820	911
820	940
820	941
820	962
820	983
821	97
821	131
821	224
821	346
821	359
821	411
821	482
821	533
821	545
821	658
821	688
821	725
821	927
821	952
822	128
822	191
822	220
822	422
822	430
822	518
822	577
822	588
822	778
822	856
822	865
822	963
822	974
822	992
823	31
823	680
823	691
823	724
823	784
823	836
823	842
823	865
823	875
823	888
823	932
823	974
823	981
823	991
824	83
824	111
824	121
824	209
824	259
824	342
824	387
824	468
824	549
824	722
824	849
824	938
824	948
824	999
825	90
825	127
825	282
825	379
825	420
825	522
825	563
825	579
825	654
825	673
825	761
825	787
825	836
825	980
826	70
826	119
826	193
826	360
826	445
826	553
826	613
826	678
826	693
826	777
826	832
826	896
826	905
826	946
827	49
827	58
827	218
827	539
827	600
827	616
827	661
827	668
827	693
827	717
827	860
827	879
827	887
827	918
828	152
828	164
828	168
828	611
828	652
828	656
828	679
828	691
828	721
828	799
828	816
828	868
828	909
828	946
828	953
829	300
829	496
829	513
829	533
829	547
829	602
829	845
829	855
829	864
829	925
829	956
829	978
830	61
830	190
830	247
830	262
830	282
830	411
830	522
830	592
830	635
830	717
830	755
830	810
830	848
830	951
830	954
831	3
831	186
831	198
831	199
831	347
831	513
831	566
831	589
831	649
831	660
831	908
831	925
831	936
831	937
831	970
832	433
832	515
832	572
832	650
832	743
832	754
832	760
832	766
832	803
832	826
832	839
832	853
832	961
832	964
832	978
833	470
833	550
833	576
833	611
833	712
833	780
833	782
833	799
833	806
833	925
833	941
833	985
833	986
833	987
833	998
834	153
834	439
834	461
834	497
834	665
834	680
834	747
834	751
834	778
834	838
834	841
834	863
834	876
834	916
834	999
835	148
835	259
835	325
835	387
835	411
835	580
835	597
835	722
835	736
835	817
835	879
835	882
835	911
835	938
835	992
836	123
836	136
836	163
836	402
836	618
836	629
836	711
836	724
836	793
836	806
836	823
836	825
836	911
836	939
836	987
837	119
837	146
837	179
837	212
837	226
837	324
837	329
837	475
837	674
837	840
837	870
837	901
837	919
837	964
838	25
838	34
838	59
838	281
838	754
838	812
838	834
838	874
838	883
838	957
838	972
838	975
838	986
838	987
838	995
839	301
839	361
839	363
839	650
839	760
839	766
839	803
839	832
839	853
839	900
839	961
839	964
839	974
839	978
839	986
840	490
840	621
840	679
840	701
840	718
840	788
840	837
840	931
840	935
840	953
840	968
840	969
840	973
840	991
840	1000
841	24
841	158
841	299
841	409
841	497
841	510
841	638
841	747
841	751
841	834
841	863
841	868
841	876
841	916
841	981
841	999
842	93
842	200
842	548
842	666
842	668
842	772
842	823
842	895
842	910
842	949
842	967
842	973
842	976
842	982
842	983
842	997
843	103
843	328
843	349
843	390
843	400
843	416
843	456
843	504
843	526
843	541
843	568
843	803
843	819
843	899
843	936
843	987
844	214
844	416
844	469
844	572
844	657
844	759
844	861
844	926
844	935
844	948
844	962
844	981
844	992
845	175
845	566
845	622
845	628
845	695
845	764
845	775
845	829
845	866
845	897
845	944
845	959
845	971
845	976
845	978
845	991
846	32
846	79
846	85
846	160
846	669
846	864
846	886
846	891
846	904
846	925
846	954
846	965
846	970
846	977
846	981
846	990
847	115
847	343
847	386
847	511
847	515
847	612
847	652
847	730
847	741
847	763
847	904
847	934
847	943
847	960
847	978
847	986
848	9
848	105
848	655
848	680
848	694
848	748
848	797
848	798
848	810
848	830
848	907
848	959
848	960
848	971
848	972
848	989
849	295
849	380
849	464
849	503
849	556
849	721
849	806
849	824
849	851
849	859
849	880
849	930
849	995
850	417
850	554
850	570
850	630
850	658
850	660
850	719
850	761
850	872
850	963
850	977
850	984
850	989
850	992
850	995
850	998
851	502
851	588
851	645
851	721
851	766
851	800
851	849
851	859
851	880
851	930
851	995
852	38
852	98
852	140
852	208
852	242
852	336
852	552
852	636
852	637
852	699
852	801
852	893
852	957
852	997
852	999
852	1000
853	461
853	551
853	572
853	743
853	760
853	766
853	803
853	832
853	839
853	923
853	951
853	956
853	961
853	964
853	978
853	997
854	144
854	432
854	489
854	558
854	572
854	660
854	719
854	742
854	761
854	778
854	930
854	933
854	963
854	984
854	989
854	998
855	59
855	200
855	300
855	533
855	547
855	602
855	829
855	864
855	877
855	899
855	925
855	926
855	958
855	973
856	358
856	436
856	444
856	476
856	518
856	577
856	588
856	598
856	611
856	655
856	778
856	790
856	798
856	822
856	865
856	935
856	974
857	269
857	669
857	880
857	906
857	908
857	909
857	912
857	919
857	930
857	936
857	951
857	955
857	968
857	985
857	988
857	990
857	1000
858	102
858	159
858	227
858	248
858	282
858	327
858	396
858	508
858	561
858	601
858	725
858	899
858	903
858	942
858	950
858	980
858	983
859	28
859	56
859	120
859	280
859	380
859	464
859	625
859	721
859	784
859	849
859	851
859	880
859	883
859	930
859	941
859	995
860	129
860	354
860	462
860	499
860	639
860	641
860	659
860	732
860	764
860	827
860	878
860	888
860	912
860	917
860	940
860	972
860	999
861	47
861	223
861	233
861	351
861	416
861	429
861	469
861	657
861	686
861	759
861	844
861	868
861	926
861	948
861	951
861	966
861	992
862	45
862	252
862	288
862	394
862	444
862	452
862	472
862	582
862	591
862	632
862	640
862	683
862	874
862	884
862	892
862	906
862	984
863	409
863	439
863	497
863	638
863	665
863	747
863	751
863	756
863	797
863	834
863	841
863	864
863	876
863	916
863	923
863	998
863	999
864	78
864	94
864	200
864	232
864	300
864	366
864	426
864	533
864	547
864	602
864	744
864	829
864	846
864	855
864	863
864	925
864	942
865	141
865	256
865	260
865	334
865	430
865	436
865	444
865	577
865	725
865	777
865	778
865	822
865	823
865	856
865	899
865	974
865	987
865	989
866	307
866	361
866	375
866	408
866	486
866	566
866	622
866	636
866	695
866	707
866	775
866	845
866	870
866	897
866	903
866	944
866	959
866	971
867	11
867	235
867	246
867	318
867	381
867	389
867	405
867	449
867	677
867	681
867	686
867	765
867	790
867	877
867	909
867	934
867	951
867	996
868	2
868	36
868	119
868	196
868	240
868	330
868	399
868	585
868	613
868	678
868	777
868	828
868	841
868	861
868	946
868	965
868	995
868	999
869	150
869	349
869	383
869	505
869	520
869	524
869	567
869	595
869	648
869	750
869	755
869	792
869	931
869	934
869	980
869	985
869	990
869	997
870	146
870	179
870	225
870	226
870	324
870	329
870	459
870	475
870	575
870	674
870	801
870	837
870	866
870	900
870	919
871	260
871	388
871	427
871	448
871	461
871	583
871	623
871	642
871	684
871	758
871	783
871	882
871	887
871	938
871	953
871	956
871	999
871	1000
872	111
872	534
872	545
872	557
872	570
872	605
872	613
872	658
872	660
872	735
872	742
872	850
872	911
872	953
872	963
872	984
872	989
872	998
873	4
873	37
873	307
873	393
873	599
873	603
873	670
873	682
873	715
873	744
873	781
873	881
873	910
873	922
873	928
873	933
873	945
873	997
874	157
874	194
874	240
874	255
874	472
874	548
874	651
874	684
874	735
874	777
874	838
874	862
874	889
874	899
874	959
874	971
874	973
874	991
875	29
875	53
875	106
875	135
875	184
875	293
875	295
875	335
875	417
875	480
875	578
875	726
875	742
875	770
875	823
875	888
875	903
875	963
875	997
876	138
876	144
876	394
876	409
876	439
876	488
876	554
876	638
876	665
876	746
876	747
876	751
876	834
876	841
876	863
876	880
876	911
876	916
876	999
877	86
877	108
877	174
877	246
877	248
877	265
877	381
877	389
877	686
877	734
877	745
877	765
877	855
877	867
877	909
877	945
877	951
877	988
877	998
878	79
878	129
878	329
878	354
878	380
878	413
878	486
878	591
878	639
878	641
878	723
878	727
878	728
878	732
878	752
878	860
878	889
878	917
878	972
879	79
879	161
879	187
879	539
879	560
879	600
879	655
879	662
879	668
879	689
879	827
879	835
879	886
879	887
879	918
879	925
879	982
879	992
879	993
880	3
880	46
880	56
880	120
880	212
880	280
880	340
880	380
880	464
880	508
880	605
880	721
880	849
880	851
880	857
880	859
880	876
880	930
880	995
881	37
881	110
881	146
881	393
881	428
881	603
881	645
881	670
881	744
881	873
881	896
881	922
881	928
881	942
881	945
881	988
881	992
881	997
881	998
882	99
882	142
882	143
882	287
882	427
882	525
882	623
882	636
882	684
882	783
882	835
882	871
882	906
882	933
882	953
882	955
882	956
882	999
882	1000
883	21
883	25
883	63
883	132
883	251
883	281
883	355
883	434
883	466
883	532
883	702
883	812
883	816
883	838
883	859
883	948
883	957
883	975
883	986
883	987
884	12
884	116
884	163
884	195
884	252
884	394
884	403
884	452
884	472
884	484
884	509
884	582
884	591
884	697
884	704
884	742
884	769
884	862
884	964
884	986
885	206
885	239
885	250
885	314
885	338
885	402
885	443
885	528
885	700
885	718
885	740
885	756
885	779
885	780
885	818
885	896
885	919
885	927
885	963
885	995
886	255
886	272
886	297
886	598
886	674
886	772
886	796
886	846
886	879
886	895
886	902
886	910
886	914
886	949
886	952
886	969
886	975
886	976
886	983
886	986
887	49
887	322
887	374
887	423
887	508
887	544
887	600
887	616
887	662
887	668
887	699
887	739
887	762
887	802
887	827
887	871
887	879
887	918
887	928
887	992
888	8
888	29
888	53
888	80
888	106
888	135
888	184
888	295
888	335
888	417
888	438
888	480
888	666
888	770
888	823
888	860
888	875
888	903
888	955
888	982
889	23
889	73
889	194
889	319
889	398
889	441
889	465
889	488
889	599
889	626
889	642
889	682
889	725
889	745
889	793
889	874
889	878
889	979
889	980
889	990
890	72
890	126
890	142
890	230
890	243
890	421
890	423
890	481
890	512
890	642
890	675
890	710
890	746
890	748
890	898
890	960
890	981
890	984
890	992
890	998
891	22
891	30
891	63
891	100
891	178
891	254
891	274
891	378
891	454
891	541
891	543
891	556
891	586
891	732
891	749
891	804
891	846
891	901
891	946
891	992
892	73
892	264
892	481
892	530
892	591
892	635
892	643
892	820
892	862
892	907
892	909
892	917
892	951
892	961
892	962
892	964
892	978
892	981
892	994
892	996
893	98
893	140
893	242
893	286
893	332
893	460
893	466
893	569
893	634
893	637
893	664
893	699
893	787
893	801
893	852
893	942
893	950
893	961
893	997
893	999
894	50
894	131
894	145
894	169
894	201
894	236
894	241
894	297
894	468
894	506
894	569
894	642
894	669
894	689
894	786
894	912
894	926
894	937
894	943
894	977
895	82
895	272
895	286
895	310
895	374
895	548
895	573
895	593
895	842
895	886
895	902
895	910
895	935
895	949
895	962
895	964
895	965
895	976
895	982
895	983
895	986
896	239
896	270
896	329
896	338
896	409
896	668
896	700
896	715
896	756
896	761
896	779
896	780
896	818
896	826
896	881
896	885
896	912
896	927
896	942
896	956
896	995
897	6
897	95
897	137
897	325
897	343
897	437
897	560
897	578
897	622
897	628
897	641
897	695
897	707
897	775
897	790
897	845
897	866
897	940
897	944
897	959
897	971
898	33
898	126
898	170
898	171
898	421
898	474
898	493
898	555
898	664
898	675
898	702
898	710
898	724
898	746
898	748
898	769
898	890
898	922
898	927
898	933
898	960
899	40
899	52
899	228
899	315
899	328
899	414
899	440
899	456
899	504
899	526
899	541
899	713
899	819
899	843
899	855
899	858
899	865
899	874
899	909
899	943
899	987
900	1
900	114
900	189
900	245
900	266
900	285
900	350
900	516
900	520
900	716
900	738
900	761
900	763
900	839
900	870
900	941
900	958
900	999
901	55
901	100
901	125
901	180
901	267
901	274
901	343
901	374
901	429
901	466
901	492
901	556
901	586
901	620
901	627
901	758
901	837
901	891
901	903
901	916
901	946
902	44
902	101
902	139
902	277
902	358
902	376
902	381
902	573
902	600
902	666
902	739
902	796
902	799
902	886
902	895
902	910
902	976
902	982
902	983
902	986
902	997
903	53
903	112
903	227
903	254
903	516
903	609
903	710
903	749
903	813
903	817
903	858
903	866
903	875
903	888
903	901
903	914
903	917
903	938
903	972
903	979
903	998
904	20
904	213
904	253
904	271
904	342
904	357
904	455
904	490
904	512
904	646
904	681
904	696
904	715
904	736
904	781
904	846
904	847
904	923
904	986
904	993
904	995
904	997
905	32
905	126
905	165
905	210
905	447
905	462
905	471
905	544
905	568
905	575
905	581
905	625
905	729
905	771
905	807
905	826
905	940
905	960
905	966
905	980
905	986
905	993
906	40
906	168
906	253
906	344
906	483
906	499
906	614
906	643
906	676
906	740
906	753
906	784
906	794
906	795
906	857
906	862
906	882
906	930
906	947
906	952
906	970
906	990
907	100
907	275
907	289
907	304
907	313
907	450
907	501
907	517
907	537
907	607
907	610
907	708
907	730
907	805
907	811
907	848
907	892
907	913
907	965
907	967
907	981
907	993
908	62
908	186
908	198
908	199
908	347
908	372
908	513
908	589
908	593
908	596
908	649
908	671
908	681
908	831
908	857
908	912
908	927
908	928
908	936
908	937
908	942
908	944
909	11
909	76
909	174
909	223
909	235
909	242
909	265
909	292
909	318
909	449
909	686
909	712
909	728
909	745
909	790
909	828
909	857
909	867
909	877
909	892
909	899
909	951
910	320
910	571
910	578
910	593
910	666
910	672
910	692
910	733
910	739
910	772
910	773
910	796
910	842
910	873
910	886
910	895
910	902
910	949
910	976
910	982
910	983
910	985
911	280
911	386
911	515
911	652
911	696
911	721
911	767
911	791
911	806
911	817
911	820
911	835
911	836
911	872
911	876
911	916
911	938
911	962
911	968
911	972
911	989
911	998
912	13
912	169
912	171
912	292
912	321
912	391
912	410
912	418
912	443
912	538
912	700
912	709
912	857
912	860
912	894
912	896
912	908
912	959
912	960
912	977
912	994
912	996
913	284
913	326
913	473
913	500
913	565
913	585
913	726
913	768
913	798
913	804
913	907
913	928
913	939
913	966
913	975
913	976
913	979
913	980
913	988
913	995
913	997
913	1000
914	258
914	264
914	332
914	433
914	479
914	487
914	521
914	537
914	584
914	617
914	643
914	690
914	692
914	694
914	717
914	720
914	731
914	741
914	886
914	903
914	933
914	937
915	86
915	221
915	252
915	257
915	258
915	268
915	274
915	374
915	483
915	507
915	614
915	667
915	676
915	698
915	740
915	753
915	770
915	794
915	795
915	932
915	970
915	976
915	979
916	24
916	138
916	144
916	373
916	409
916	439
916	497
916	638
916	665
916	695
916	707
916	716
916	747
916	751
916	834
916	841
916	863
916	876
916	901
916	911
916	959
916	995
916	999
917	9
917	18
917	19
917	128
917	312
917	354
917	401
917	413
917	538
917	639
917	659
917	670
917	732
917	752
917	764
917	860
917	878
917	892
917	903
917	947
917	952
917	972
917	993
918	21
918	79
918	322
918	344
918	412
918	473
918	510
918	539
918	560
918	616
918	662
918	668
918	723
918	724
918	787
918	827
918	879
918	887
918	942
918	944
918	966
918	974
918	975
919	69
919	86
919	96
919	146
919	179
919	192
919	226
919	266
919	306
919	324
919	329
919	359
919	372
919	475
919	628
919	674
919	682
919	837
919	857
919	870
919	885
919	962
919	990
920	118
920	122
920	181
920	217
920	241
920	352
920	425
920	438
920	478
920	479
920	485
920	581
920	663
920	789
920	927
920	933
920	955
920	973
920	975
920	979
920	987
920	989
921	2
921	137
921	167
921	177
921	203
921	279
921	333
921	367
921	495
921	553
921	562
921	629
921	647
921	657
921	677
921	682
921	687
921	728
921	773
921	802
921	943
921	975
921	994
922	67
922	117
922	143
922	187
922	283
922	293
922	307
922	327
922	341
922	393
922	428
922	589
922	603
922	670
922	744
922	873
922	881
922	898
922	928
922	945
922	968
922	992
922	997
922	1000
923	32
923	106
923	134
923	213
923	271
923	349
923	357
923	455
923	490
923	512
923	619
923	633
923	646
923	681
923	728
923	736
923	808
923	853
923	863
923	904
923	955
923	960
923	995
923	997
924	68
924	92
924	155
924	222
924	263
924	316
924	319
924	356
924	458
924	490
924	502
924	527
924	529
924	542
924	685
924	749
924	758
924	772
924	949
924	957
924	987
924	994
924	995
924	996
925	78
925	94
925	137
925	196
925	200
925	232
925	269
925	300
925	349
925	513
925	533
925	547
925	602
925	627
925	768
925	783
925	829
925	831
925	833
925	846
925	855
925	864
925	879
925	947
925	989
926	47
926	214
926	223
926	233
926	258
926	351
926	396
926	416
926	469
926	585
926	606
926	657
926	704
926	725
926	759
926	844
926	855
926	861
926	894
926	948
926	956
926	992
926	994
927	8
927	105
927	164
927	206
927	293
927	296
927	371
927	443
927	510
927	528
927	700
927	756
927	779
927	780
927	818
927	821
927	885
927	896
927	898
927	908
927	920
927	942
927	950
927	986
927	995
928	4
928	37
928	91
928	117
928	283
928	307
928	327
928	393
928	428
928	603
928	670
928	744
928	873
928	881
928	887
928	908
928	913
928	922
928	942
928	945
928	966
928	986
928	992
928	997
928	999
929	20
929	45
929	74
929	78
929	81
929	181
929	308
929	309
929	382
929	453
929	477
929	550
929	564
929	608
929	632
929	644
929	693
929	727
929	733
929	737
929	745
929	757
929	945
929	950
929	954
929	977
930	43
930	56
930	120
930	164
930	191
930	212
930	280
930	380
930	464
930	522
930	557
930	687
930	713
930	721
930	728
930	811
930	849
930	851
930	854
930	857
930	859
930	880
930	906
930	977
930	983
930	995
931	130
931	145
931	292
931	606
931	621
931	633
931	645
931	701
931	718
931	747
931	788
931	804
931	840
931	869
931	935
931	968
931	969
931	973
931	991
931	992
932	17
932	102
932	148
932	176
932	301
932	344
932	386
932	453
932	499
932	614
932	643
932	667
932	676
932	753
932	784
932	794
932	795
932	823
932	915
932	940
932	943
932	947
932	970
932	979
932	988
932	989
933	306
933	336
933	342
933	352
933	438
933	617
933	624
933	680
933	715
933	854
933	873
933	882
933	898
933	914
933	920
933	937
933	940
933	952
933	953
933	955
933	956
933	960
933	966
933	978
933	992
933	993
934	383
934	406
934	505
934	524
934	567
934	595
934	648
934	689
934	750
934	792
934	847
934	867
934	869
934	963
934	980
934	984
934	985
934	987
934	990
934	991
934	996
934	997
935	39
935	74
935	401
935	491
935	494
935	593
935	604
935	621
935	633
935	645
935	701
935	718
935	788
935	840
935	844
935	856
935	895
935	931
935	946
935	968
935	969
935	973
935	979
935	991
935	996
936	3
936	62
936	186
936	199
936	279
936	291
936	293
936	341
936	347
936	467
936	475
936	513
936	589
936	596
936	626
936	649
936	671
936	751
936	831
936	843
936	857
936	908
936	942
936	961
936	986
936	1000
937	66
937	172
937	180
937	258
937	264
937	332
937	346
937	392
937	433
937	487
937	521
937	559
937	584
937	617
937	690
937	692
937	717
937	720
937	731
937	831
937	894
937	908
937	914
937	933
937	960
937	995
938	21
938	27
938	83
938	107
938	111
938	148
938	186
938	209
938	241
938	342
938	387
938	411
938	441
938	549
938	575
938	580
938	722
938	727
938	765
938	779
938	817
938	824
938	835
938	871
938	903
938	911
938	972
939	67
939	234
939	326
939	345
939	440
939	473
939	495
939	565
939	654
939	711
939	726
939	767
939	788
939	798
939	804
939	814
939	836
939	913
939	941
939	953
939	973
939	975
939	979
939	986
939	988
939	997
939	1000
940	147
940	165
940	237
940	309
940	320
940	416
940	447
940	498
940	555
940	568
940	625
940	726
940	729
940	748
940	807
940	815
940	820
940	860
940	897
940	905
940	932
940	933
940	952
940	966
940	975
940	993
940	997
941	22
941	76
941	137
941	237
941	298
941	305
941	509
941	523
941	532
941	535
941	581
941	615
941	715
941	720
941	734
941	753
941	774
941	782
941	785
941	787
941	800
941	820
941	833
941	859
941	900
941	939
941	992
942	227
942	277
942	451
942	561
942	586
942	596
942	601
942	606
942	739
942	752
942	779
942	789
942	813
942	858
942	864
942	881
942	893
942	896
942	908
942	918
942	927
942	928
942	936
942	945
942	960
942	965
942	971
942	982
943	70
943	203
943	236
943	379
943	506
943	526
943	630
943	667
943	669
943	675
943	677
943	713
943	772
943	796
943	802
943	809
943	847
943	894
943	899
943	921
943	932
943	947
943	952
943	953
943	960
943	971
943	986
943	994
944	35
944	175
944	236
944	315
944	343
944	364
944	375
944	408
944	547
944	566
944	584
944	622
944	628
944	677
944	695
944	705
944	707
944	775
944	808
944	845
944	866
944	897
944	908
944	918
944	959
944	971
944	980
944	984
945	4
945	117
945	269
945	283
945	307
945	327
945	355
945	428
945	523
945	603
945	640
945	647
945	670
945	672
945	698
945	744
945	787
945	812
945	873
945	877
945	881
945	922
945	928
945	929
945	942
945	981
945	992
945	997
946	2
946	36
946	70
946	119
946	193
946	240
946	277
946	330
946	360
946	399
946	406
946	445
946	585
946	613
946	653
946	678
946	693
946	756
946	777
946	826
946	828
946	868
946	891
946	901
946	935
946	951
946	979
946	989
947	36
947	238
947	243
947	249
947	257
947	279
947	396
947	436
947	483
947	499
947	581
947	629
947	653
947	676
947	740
947	753
947	790
947	794
947	795
947	818
947	906
947	917
947	925
947	932
947	943
947	952
947	954
947	970
948	47
948	137
948	214
948	223
948	233
948	253
948	279
948	289
948	314
948	351
948	372
948	416
948	469
948	480
948	633
948	657
948	687
948	698
948	703
948	730
948	759
948	824
948	844
948	861
948	883
948	926
948	990
948	992
949	255
949	272
949	347
949	407
949	434
949	509
949	548
949	571
949	573
949	575
949	600
949	634
949	641
949	666
949	723
949	739
949	772
949	796
949	842
949	886
949	895
949	910
949	924
949	973
949	976
949	982
949	983
949	997
950	7
950	260
950	273
950	299
950	308
950	361
950	377
950	382
950	453
950	477
950	488
950	550
950	564
950	574
950	607
950	608
950	632
950	644
950	733
950	737
950	757
950	760
950	810
950	858
950	893
950	927
950	929
950	954
950	977
951	108
951	174
951	235
951	265
951	282
951	292
951	311
951	318
951	367
951	381
951	389
951	405
951	619
951	655
951	686
951	745
951	765
951	788
951	830
951	853
951	857
951	861
951	867
951	877
951	892
951	909
951	946
951	952
951	993
952	224
952	243
952	322
952	481
952	492
952	499
952	545
952	576
952	596
952	598
952	641
952	675
952	688
952	706
952	816
952	821
952	886
952	906
952	917
952	933
952	940
952	943
952	947
952	951
952	963
952	966
952	970
952	983
952	993
953	99
953	143
953	202
953	205
953	260
953	287
953	427
953	448
953	461
953	519
953	525
953	595
953	623
953	684
953	690
953	758
953	783
953	828
953	840
953	871
953	872
953	882
953	933
953	939
953	943
953	956
953	971
953	997
953	999
954	20
954	45
954	74
954	81
954	299
954	361
954	377
954	404
954	427
954	477
954	514
954	545
954	550
954	564
954	608
954	632
954	644
954	733
954	737
954	757
954	796
954	830
954	846
954	929
954	947
954	950
954	960
954	977
954	995
955	8
955	37
955	96
955	118
955	159
955	181
955	205
955	217
955	253
955	306
955	378
955	389
955	425
955	431
955	438
955	478
955	479
955	485
955	491
955	597
955	663
955	857
955	882
955	888
955	920
955	923
955	933
955	979
955	987
956	99
956	102
956	143
956	202
956	260
956	270
956	287
956	427
956	448
956	461
956	519
956	525
956	578
956	595
956	623
956	625
956	684
956	783
956	829
956	853
956	871
956	882
956	896
956	926
956	933
956	953
956	969
956	975
956	999
957	25
957	34
957	43
957	46
957	132
957	160
957	192
957	196
957	217
957	355
957	366
957	374
957	434
957	533
957	535
957	559
957	606
957	669
957	698
957	702
957	812
957	838
957	852
957	883
957	924
957	965
957	967
957	975
957	986
957	987
958	1
958	57
958	76
958	89
958	122
958	189
958	245
958	266
958	270
958	285
958	350
958	487
958	509
958	516
958	520
958	522
958	597
958	653
958	716
958	736
958	738
958	758
958	809
958	815
958	818
958	855
958	900
958	959
958	978
958	999
959	6
959	95
959	270
959	306
959	315
959	343
959	364
959	375
959	408
959	465
959	478
959	566
959	628
959	695
959	707
959	759
959	775
959	845
959	848
959	866
959	874
959	897
959	912
959	916
959	944
959	958
959	971
959	997
959	998
959	1000
960	33
960	72
960	170
960	243
960	251
960	331
960	378
960	421
960	423
960	474
960	485
960	493
960	574
960	609
960	640
960	670
960	710
960	746
960	748
960	847
960	848
960	890
960	898
960	905
960	912
960	923
960	933
960	937
960	942
960	943
960	954
961	48
961	99
961	182
961	288
961	353
961	360
961	363
961	418
961	510
961	551
961	572
961	650
961	654
961	673
961	702
961	743
961	760
961	766
961	803
961	832
961	839
961	853
961	892
961	893
961	936
961	964
961	974
961	978
962	8
962	61
962	71
962	84
962	120
962	176
962	196
962	207
962	244
962	317
962	373
962	420
962	470
962	530
962	550
962	631
962	673
962	687
962	703
962	709
962	754
962	791
962	820
962	844
962	892
962	895
962	911
962	919
962	965
962	987
962	998
963	17
963	197
963	338
963	339
963	404
963	455
963	489
963	534
963	554
963	558
963	570
963	605
963	658
963	660
963	719
963	731
963	735
963	742
963	761
963	763
963	822
963	850
963	854
963	872
963	875
963	885
963	934
963	952
963	984
963	989
963	998
964	48
964	153
964	156
964	288
964	353
964	363
964	385
964	418
964	425
964	551
964	559
964	572
964	583
964	610
964	650
964	698
964	743
964	748
964	760
964	766
964	790
964	803
964	832
964	837
964	839
964	853
964	884
964	892
964	895
964	961
964	978
965	91
965	102
965	188
965	289
965	304
965	313
965	323
965	450
965	494
965	501
965	517
965	537
965	540
965	565
965	607
965	610
965	642
965	682
965	708
965	724
965	732
965	805
965	811
965	846
965	868
965	895
965	907
965	942
965	957
965	962
965	967
965	981
966	144
966	147
966	237
966	262
966	309
966	362
966	368
966	465
966	471
966	489
966	498
966	503
966	555
966	556
966	568
966	575
966	625
966	729
966	771
966	807
966	815
966	861
966	905
966	913
966	918
966	928
966	933
966	940
966	952
966	975
966	986
966	993
967	64
967	91
967	183
967	188
967	289
967	304
967	313
967	314
967	396
967	448
967	450
967	501
967	517
967	537
967	540
967	585
967	597
967	601
967	607
967	610
967	708
967	725
967	766
967	805
967	811
967	813
967	842
967	907
967	957
967	965
967	971
967	981
968	221
968	276
968	337
968	401
968	451
968	491
968	494
968	604
968	621
968	633
968	645
968	692
968	701
968	716
968	718
968	788
968	811
968	840
968	857
968	911
968	922
968	931
968	935
968	969
968	973
968	979
968	991
969	58
969	149
969	165
969	219
969	229
969	284
969	331
969	337
969	340
969	401
969	435
969	447
969	491
969	494
969	551
969	562
969	566
969	604
969	621
969	633
969	645
969	701
969	718
969	788
969	840
969	886
969	931
969	935
969	956
969	968
969	973
969	979
969	991
970	55
970	161
970	176
970	221
970	238
970	249
970	301
970	314
970	483
970	532
970	547
970	569
970	581
970	621
970	643
970	667
970	678
970	702
970	727
970	740
970	753
970	784
970	794
970	795
970	831
970	846
970	906
970	915
970	932
970	947
970	952
970	987
970	990
971	6
971	95
971	175
971	315
971	364
971	375
971	408
971	511
971	528
971	553
971	566
971	583
971	622
971	628
971	642
971	667
971	695
971	703
971	707
971	720
971	775
971	808
971	845
971	848
971	866
971	874
971	897
971	942
971	943
971	944
971	953
971	959
971	967
971	982
972	9
972	18
972	31
972	128
972	129
972	239
972	272
972	312
972	354
972	375
972	413
972	462
972	486
972	538
972	597
972	639
972	641
972	659
972	687
972	702
972	727
972	732
972	744
972	752
972	764
972	790
972	801
972	838
972	848
972	860
972	878
972	903
972	911
972	917
972	938
973	41
973	58
973	149
973	219
973	229
973	337
973	340
973	401
973	491
973	494
973	551
973	604
973	621
973	633
973	645
973	685
973	701
973	718
973	785
973	788
973	840
973	842
973	855
973	874
973	920
973	931
973	935
973	939
973	949
973	968
973	969
973	979
973	989
973	990
973	991
974	43
974	125
974	141
974	185
974	220
974	256
974	306
974	334
974	358
974	422
974	430
974	436
974	444
974	476
974	510
974	518
974	527
974	576
974	577
974	588
974	636
974	697
974	707
974	725
974	778
974	790
974	822
974	823
974	839
974	856
974	865
974	918
974	961
974	986
974	992
975	57
975	87
975	124
975	167
975	281
975	458
975	472
975	572
975	593
975	622
975	625
975	647
975	653
975	746
975	773
975	799
975	802
975	838
975	883
975	886
975	913
975	918
975	920
975	921
975	939
975	940
975	956
975	957
975	966
975	976
975	983
975	988
975	993
975	995
975	1000
976	82
976	93
976	163
976	183
976	201
976	255
976	277
976	365
976	407
976	539
976	549
976	571
976	573
976	598
976	739
976	757
976	762
976	772
976	796
976	842
976	845
976	886
976	895
976	902
976	910
976	913
976	915
976	949
976	975
976	982
976	983
976	986
976	991
976	996
976	997
977	20
977	81
977	150
977	184
977	273
977	284
977	290
977	299
977	308
977	361
977	377
977	382
977	453
977	477
977	488
977	514
977	608
977	626
977	632
977	644
977	663
977	682
977	733
977	737
977	757
977	819
977	846
977	850
977	894
977	912
977	929
977	930
977	950
977	954
977	978
977	994
978	48
978	68
978	76
978	153
978	156
978	182
978	288
978	353
978	363
978	418
978	507
978	551
978	572
978	606
978	650
978	698
978	722
978	743
978	760
978	766
978	790
978	794
978	803
978	829
978	832
978	839
978	845
978	847
978	853
978	892
978	933
978	958
978	961
978	964
978	977
978	992
979	7
979	70
979	157
979	178
979	403
979	419
979	425
979	469
979	522
979	542
979	581
979	600
979	693
979	776
979	777
979	784
979	793
979	818
979	889
979	903
979	913
979	915
979	920
979	932
979	935
979	939
979	946
979	955
979	968
979	969
979	973
979	987
979	988
979	991
979	996
979	998
979	1000
980	42
980	109
980	113
980	154
980	226
980	250
980	383
980	406
980	505
980	524
980	567
980	595
980	607
980	613
980	648
980	710
980	750
980	792
980	825
980	858
980	869
980	889
980	905
980	913
980	934
980	944
980	981
980	985
980	987
980	990
980	997
981	64
981	91
981	159
981	188
981	211
981	289
981	304
981	313
981	372
981	436
981	450
981	501
981	517
981	537
981	540
981	563
981	607
981	609
981	610
981	640
981	655
981	658
981	689
981	708
981	758
981	805
981	811
981	823
981	841
981	844
981	846
981	890
981	892
981	907
981	945
981	965
981	967
981	980
981	988
982	44
982	183
982	277
982	324
982	364
982	365
982	369
982	407
982	524
982	535
982	548
982	571
982	573
982	592
982	593
982	598
982	618
982	636
982	653
982	666
982	706
982	739
982	742
982	758
982	772
982	796
982	808
982	842
982	879
982	888
982	895
982	902
982	910
982	942
982	949
982	971
982	976
982	983
982	997
983	44
983	93
983	153
983	183
983	268
983	272
983	315
983	369
983	407
983	506
983	510
983	548
983	571
983	573
983	598
983	640
983	666
983	734
983	739
983	772
983	785
983	796
983	807
983	820
983	842
983	858
983	886
983	895
983	902
983	910
983	930
983	949
983	952
983	975
983	976
983	982
983	986
983	991
983	993
983	995
983	997
984	110
984	125
984	130
984	208
984	352
984	371
984	397
984	404
984	432
984	489
984	534
984	542
984	543
984	554
984	558
984	563
984	570
984	605
984	642
984	658
984	660
984	680
984	715
984	719
984	735
984	742
984	761
984	764
984	785
984	787
984	850
984	854
984	862
984	872
984	890
984	934
984	944
984	963
984	989
984	992
984	998
985	15
985	42
985	101
985	109
985	113
985	154
985	250
985	257
985	345
985	383
985	406
985	441
985	505
985	507
985	510
985	524
985	552
985	567
985	595
985	605
985	648
985	655
985	667
985	677
985	697
985	750
985	758
985	768
985	783
985	792
985	833
985	857
985	869
985	910
985	934
985	980
985	987
985	988
985	990
985	997
985	999
986	34
986	195
986	286
986	353
986	364
986	403
986	449
986	452
986	484
986	495
986	652
986	663
986	714
986	730
986	767
986	778
986	813
986	815
986	833
986	838
986	839
986	847
986	883
986	884
986	886
986	895
986	902
986	904
986	905
986	927
986	928
986	936
986	939
986	943
986	957
986	966
986	974
986	976
986	983
986	988
986	993
986	1000
987	133
987	323
987	354
987	408
987	412
987	434
987	478
987	487
987	496
987	536
987	540
987	542
987	651
987	663
987	713
987	767
987	768
987	805
987	833
987	836
987	838
987	843
987	865
987	883
987	899
987	920
987	924
987	934
987	955
987	957
987	962
987	970
987	979
987	980
987	985
987	988
987	990
987	993
987	994
987	996
987	998
987	1000
988	6
988	67
988	122
988	173
988	174
988	196
988	213
988	284
988	326
988	345
988	349
988	440
988	473
988	495
988	496
988	498
988	500
988	565
988	580
988	726
988	728
988	767
988	768
988	771
988	798
988	804
988	814
988	857
988	877
988	881
988	913
988	932
988	939
988	975
988	979
988	981
988	985
988	986
988	987
988	991
988	997
988	1000
989	17
989	28
989	110
989	197
989	218
989	310
989	339
989	349
989	397
989	404
989	432
989	522
989	534
989	554
989	558
989	570
989	582
989	605
989	642
989	653
989	658
989	660
989	719
989	735
989	742
989	761
989	795
989	848
989	850
989	854
989	865
989	872
989	911
989	920
989	925
989	932
989	946
989	963
989	973
989	984
989	992
989	995
989	997
989	998
990	15
990	27
990	42
990	43
990	51
990	101
990	109
990	113
990	154
990	211
990	236
990	250
990	278
990	359
990	383
990	406
990	505
990	509
990	524
990	526
990	567
990	595
990	620
990	625
990	626
990	648
990	737
990	750
990	754
990	792
990	846
990	857
990	869
990	889
990	906
990	919
990	934
990	948
990	970
990	973
990	980
990	985
990	987
990	997
991	58
991	96
991	131
991	149
991	176
991	219
991	229
991	241
991	253
991	263
991	337
991	340
991	401
991	431
991	491
991	494
991	509
991	602
991	604
991	621
991	633
991	645
991	701
991	718
991	754
991	775
991	785
991	788
991	823
991	840
991	845
991	874
991	931
991	934
991	935
991	968
991	969
991	973
991	976
991	979
991	983
991	988
991	992
991	996
991	997
992	62
992	370
992	429
992	523
992	586
992	620
992	640
992	661
992	662
992	724
992	734
992	742
992	744
992	749
992	753
992	759
992	762
992	782
992	793
992	800
992	819
992	822
992	835
992	844
992	850
992	861
992	879
992	881
992	887
992	890
992	891
992	922
992	926
992	928
992	931
992	933
992	941
992	945
992	948
992	974
992	978
992	984
992	989
992	991
992	998
993	26
993	104
993	147
993	165
993	208
993	210
993	237
993	309
993	320
993	362
993	368
993	374
993	404
993	442
993	447
993	471
993	498
993	503
993	555
993	563
993	568
993	575
993	583
993	622
993	625
993	663
993	729
993	771
993	784
993	785
993	807
993	808
993	815
993	817
993	879
993	904
993	905
993	907
993	917
993	933
993	940
993	951
993	952
993	966
993	975
993	983
993	986
993	987
994	24
994	41
994	60
994	68
994	88
994	92
994	133
994	155
994	222
994	263
994	316
994	356
994	366
994	417
994	458
994	502
994	527
994	529
994	542
994	592
994	594
994	612
994	684
994	685
994	705
994	731
994	764
994	786
994	892
994	912
994	921
994	924
994	926
994	943
994	977
994	987
994	995
994	996
995	41
995	54
995	75
995	87
995	184
995	259
995	296
995	457
995	474
995	482
995	502
995	542
995	576
995	583
995	624
995	634
995	646
995	672
995	673
995	679
995	681
995	736
995	780
995	781
995	799
995	818
995	838
995	849
995	850
995	851
995	859
995	868
995	880
995	885
995	896
995	904
995	913
995	916
995	923
995	924
995	927
995	930
995	937
995	954
995	975
995	983
995	989
995	994
995	996
996	41
996	60
996	68
996	86
996	88
996	92
996	122
996	131
996	133
996	155
996	171
996	222
996	228
996	244
996	247
996	253
996	254
996	263
996	269
996	316
996	356
996	374
996	390
996	458
996	502
996	510
996	527
996	529
996	542
996	599
996	619
996	636
996	653
996	685
996	724
996	753
996	770
996	867
996	892
996	912
996	924
996	934
996	935
996	976
996	979
996	987
996	991
996	994
996	995
997	121
997	134
997	142
997	212
997	216
997	286
997	336
997	375
997	455
997	597
997	609
997	611
997	699
997	736
997	765
997	768
997	798
997	801
997	842
997	852
997	853
997	869
997	873
997	875
997	881
997	893
997	902
997	904
997	913
997	922
997	923
997	928
997	934
997	939
997	940
997	945
997	949
997	953
997	959
997	976
997	980
997	982
997	983
997	985
997	988
997	989
997	990
997	991
997	1000
998	17
998	28
998	35
998	80
998	110
998	172
998	197
998	310
998	339
998	352
998	397
998	404
998	432
998	489
998	508
998	511
998	534
998	554
998	558
998	570
998	605
998	658
998	660
998	687
998	710
998	719
998	735
998	742
998	761
998	785
998	787
998	805
998	833
998	850
998	854
998	863
998	872
998	877
998	881
998	890
998	903
998	911
998	959
998	962
998	963
998	979
998	984
998	987
998	989
998	992
999	16
999	94
999	266
999	286
999	294
999	304
999	350
999	376
999	377
999	446
999	466
999	467
999	516
999	519
999	557
999	612
999	626
999	630
999	637
999	684
999	704
999	714
999	730
999	733
999	735
999	738
999	741
999	781
999	790
999	801
999	805
999	824
999	834
999	841
999	852
999	860
999	863
999	868
999	871
999	876
999	882
999	893
999	900
999	916
999	928
999	953
999	956
999	958
999	985
999	1000
1000	65
1000	67
1000	86
1000	125
1000	159
1000	205
1000	284
1000	326
1000	345
1000	405
1000	407
1000	440
1000	473
1000	495
1000	496
1000	500
1000	532
1000	551
1000	565
1000	583
1000	606
1000	642
1000	643
1000	655
1000	712
1000	726
1000	728
1000	754
1000	767
1000	768
1000	798
1000	804
1000	814
1000	840
1000	852
1000	857
1000	871
1000	882
1000	913
1000	922
1000	936
1000	939
1000	959
1000	975
1000	979
1000	986
1000	987
1000	988
1000	997
1000	999
