1	539
1	606
1	620
1	632
1	749
2	103
2	169
2	596
2	656
2	698
3	241
3	545
3	549
3	638
3	825
4	17
4	32
4	186
4	866
4	973
5	904
5	963
5	986
5	987
5	998
6	202
6	791
6	920
6	961
6	981
7	566
7	793
7	843
7	974
7	982
8	459
8	581
8	742
8	881
8	949
9	339
9	458
9	806
9	921
9	930
10	378
10	813
10	845
10	968
10	992
11	452
11	539
11	606
11	632
11	749
12	805
12	844
12	963
12	986
12	987
13	29
13	833
13	919
13	924
13	938
14	937
14	957
14	980
14	989
14	994
15	606
15	714
15	952
15	969
15	1000
16	666
16	771
16	861
16	882
16	927
17	4
17	32
17	663
17	820
17	938
18	548
18	726
18	940
18	974
18	982
19	698
19	741
19	978
19	981
19	985
20	531
20	764
20	797
20	984
20	999
21	152
21	809
21	827
21	842
21	962
22	26
22	42
22	349
22	534
22	767
23	888
23	890
23	914
23	923
23	946
24	744
24	763
24	808
24	879
24	884
25	313
25	410
25	589
25	726
25	826
26	22
26	349
26	534
26	624
26	767
27	773
27	809
27	883
27	918
27	925
28	49
28	389
28	440
28	481
28	779
29	13
29	621
29	708
29	780
29	997
30	437
30	613
30	789
30	822
30	865
31	203
31	720
31	751
31	837
31	875
32	4
32	17
32	495
32	810
32	891
33	486
33	883
33	918
33	925
33	969
34	117
34	244
34	531
34	797
34	984
35	217
35	510
35	682
35	906
35	990
36	214
36	724
36	805
36	904
36	963
37	253
37	700
37	826
37	989
37	994
38	597
38	735
38	814
38	881
38	949
39	67
39	957
39	980
39	989
39	994
40	93
40	854
40	918
40	925
40	984
41	596
41	911
41	921
41	954
41	975
42	22
42	275
42	524
42	624
42	767
43	78
43	79
43	268
43	646
43	860
44	77
44	312
44	614
44	665
44	718
45	555
45	785
45	819
45	878
45	955
46	282
46	852
46	872
46	922
46	972
47	739
47	889
47	943
47	960
47	977
48	889
48	939
48	943
48	960
48	981
49	28
49	166
49	341
49	935
49	947
50	431
50	589
50	701
50	826
50	859
51	329
51	742
51	814
51	881
51	949
52	108
52	373
52	504
52	639
52	898
53	95
53	340
53	678
53	897
53	955
54	645
54	914
54	936
54	946
54	964
55	242
55	275
55	534
55	624
55	767
56	668
56	711
56	738
56	870
56	991
57	685
57	924
57	968
57	986
57	987
58	663
58	957
58	980
58	989
58	994
59	404
59	444
59	768
59	837
59	850
60	274
60	818
60	876
60	900
60	942
61	84
61	172
61	349
61	624
61	767
62	334
62	692
62	718
62	893
62	965
63	460
63	574
63	735
63	877
63	895
64	421
64	557
64	619
64	651
64	998
65	677
65	884
65	969
65	996
65	1000
66	711
66	870
66	950
66	985
66	999
67	39
67	457
67	643
67	786
67	871
68	140
68	900
68	921
68	930
68	942
69	762
69	906
69	947
69	971
69	990
70	719
70	807
70	961
70	981
70	985
71	105
71	172
71	275
71	767
71	847
72	677
72	779
72	879
72	948
72	996
73	232
73	364
73	751
73	850
73	944
74	683
74	923
74	936
74	946
74	964
75	521
75	648
75	859
75	909
75	987
76	296
76	341
76	465
76	560
76	947
77	44
77	463
77	513
77	923
77	964
78	43
78	208
78	268
78	471
78	646
79	43
79	264
79	471
79	646
79	772
80	270
80	348
80	465
80	613
80	822
81	496
81	543
81	792
81	830
81	886
82	260
82	571
82	656
82	698
82	821
83	549
83	550
83	611
83	636
83	638
84	61
84	841
84	860
84	864
84	979
85	96
85	939
85	943
85	960
85	979
86	513
86	846
86	902
86	953
86	976
87	430
87	937
87	980
87	989
87	994
88	595
88	754
88	761
88	935
88	947
89	289
89	541
89	902
89	932
89	951
90	529
90	792
90	844
90	899
90	933
91	845
91	957
91	980
91	989
91	994
92	203
92	736
92	751
92	875
92	915
93	40
93	143
93	878
93	897
93	955
94	760
94	809
94	827
94	842
94	962
95	53
95	446
95	832
95	897
95	955
96	85
96	380
96	939
96	943
96	960
97	558
97	734
97	765
97	885
97	927
98	403
98	873
98	881
98	891
98	973
99	782
99	808
99	869
99	877
99	977
100	104
100	362
100	760
100	826
100	859
101	376
101	937
101	980
101	989
101	994
102	448
102	672
102	923
102	936
102	946
103	2
103	373
103	656
103	698
103	821
104	100
104	362
104	431
104	760
104	859
105	71
105	581
105	814
105	881
105	949
106	843
106	957
106	980
106	989
106	994
107	763
107	890
107	923
107	946
107	964
108	52
108	156
108	353
108	639
108	929
109	430
109	598
109	918
109	925
109	956
110	127
110	488
110	680
110	910
110	941
111	499
111	903
111	929
111	933
111	998
112	261
112	397
112	722
112	866
112	965
113	737
113	840
113	931
113	966
113	992
114	260
114	307
114	656
114	698
114	821
115	673
115	818
115	876
115	900
115	942
116	732
116	749
116	809
116	827
116	842
117	34
117	520
117	905
117	929
117	945
118	516
118	783
118	795
118	847
118	975
119	438
119	549
119	550
119	636
119	638
120	660
120	717
120	986
120	987
120	998
121	569
121	595
121	824
121	967
121	999
122	135
122	570
122	815
122	924
122	983
123	325
123	660
123	778
123	805
123	986
124	442
124	446
124	500
124	580
124	705
125	603
125	764
125	797
125	906
125	984
126	836
126	852
126	862
126	934
126	959
127	110
127	129
127	264
127	471
127	646
128	673
128	876
128	900
128	942
128	984
129	127
129	264
129	471
129	646
129	883
130	163
130	303
130	387
130	929
130	945
131	516
131	640
131	729
131	991
131	993
132	543
132	725
132	853
132	896
132	907
133	356
133	904
133	958
133	987
133	998
134	645
134	879
134	884
134	952
134	996
135	122
135	834
135	836
135	934
135	959
136	562
136	565
136	695
136	775
136	995
137	256
137	630
137	854
137	883
137	925
138	539
138	544
138	606
138	623
138	749
139	243
139	478
139	501
139	697
139	841
140	68
140	937
140	980
140	989
140	994
141	702
141	923
141	936
141	946
141	964
142	311
142	920
142	961
142	981
142	985
143	93
143	340
143	654
143	897
143	955
144	188
144	529
144	844
144	933
144	998
145	231
145	549
145	550
145	636
145	638
146	465
146	695
146	871
146	902
146	995
147	363
147	575
147	613
147	811
147	822
148	616
148	852
148	872
148	874
148	972
149	218
149	243
149	393
149	478
149	697
150	709
150	815
150	849
150	908
150	983
151	179
151	738
151	762
151	990
151	1000
152	21
152	637
152	649
152	728
152	804
153	890
153	914
153	923
153	936
153	946
154	567
154	818
154	876
154	900
154	942
155	357
155	547
155	835
155	855
155	979
156	108
156	254
156	455
156	504
156	512
157	490
157	509
157	653
157	777
157	995
158	575
158	613
158	719
158	789
158	822
159	302
159	542
159	706
159	819
159	891
160	433
160	874
160	911
160	915
160	972
161	474
161	788
161	801
161	913
161	926
162	725
162	755
162	898
162	907
162	928
163	130
163	493
163	896
163	898
163	907
164	318
164	459
164	815
164	983
164	992
165	416
165	479
165	550
165	914
165	964
166	49
166	400
166	523
166	590
166	899
167	170
167	185
167	416
167	498
167	706
168	312
168	665
168	718
168	893
168	894
169	2
169	656
169	698
169	821
169	866
170	167
170	266
170	445
170	498
170	661
171	424
171	525
171	906
171	971
171	990
172	61
172	71
172	242
172	624
172	767
173	894
173	912
173	950
173	956
173	979
174	348
174	437
174	575
174	789
174	822
175	559
175	753
175	812
175	980
175	990
176	418
176	660
176	933
176	963
176	987
177	401
177	700
177	822
177	938
177	983
178	403
178	864
178	934
178	959
178	973
179	151
179	553
179	857
179	884
179	1000
180	284
180	869
180	895
180	964
180	977
181	715
181	727
181	787
181	921
181	930
182	527
182	729
182	927
182	975
182	991
183	541
183	784
183	858
183	981
183	985
184	408
184	811
184	841
184	856
184	864
185	167
185	266
185	324
185	347
185	789
186	4
186	271
186	742
186	814
186	881
187	562
187	579
187	736
187	769
187	816
188	144
188	608
188	660
188	986
188	998
189	957
189	980
189	989
189	994
189	995
190	343
190	568
190	619
190	629
190	651
191	704
191	903
191	970
191	986
191	987
192	530
192	609
192	672
192	713
192	954
193	530
193	647
193	878
193	905
193	940
194	464
194	472
194	948
194	952
194	983
195	364
195	427
195	722
195	736
195	751
196	329
196	742
196	814
196	881
196	993
197	821
197	958
197	963
197	986
197	987
198	239
198	730
198	769
198	816
198	929
199	299
199	442
199	446
199	500
199	580
200	612
200	669
200	904
200	958
200	986
201	225
201	353
201	373
201	399
201	798
202	6
202	798
202	807
202	961
202	985
203	31
203	92
203	371
203	736
203	944
204	834
204	836
204	862
204	934
204	989
205	344
205	525
205	582
205	588
205	990
206	525
206	571
206	807
206	971
206	990
207	467
207	678
207	832
207	870
207	955
208	78
208	252
208	264
208	268
208	646
209	332
209	785
209	834
209	862
209	959
210	605
210	782
210	804
210	877
210	895
211	483
211	568
211	585
211	682
211	944
212	443
212	715
212	866
212	873
212	973
213	472
213	677
213	706
213	996
213	1000
214	36
214	704
214	933
214	963
214	998
215	621
215	656
215	698
215	981
215	985
216	507
216	832
216	878
216	897
216	955
217	35
217	288
217	789
217	971
217	990
218	149
218	393
218	458
218	478
218	501
219	665
219	676
219	692
219	718
219	893
219	899
220	405
220	676
220	854
220	883
220	918
220	925
221	841
221	856
221	860
221	864
221	956
221	957
222	578
222	623
222	818
222	876
222	916
222	942
223	508
223	670
223	776
223	780
223	931
223	966
224	565
224	574
224	782
224	877
224	895
224	977
225	201
225	436
225	451
225	504
225	524
225	592
226	236
226	280
226	615
226	838
226	910
226	978
227	229
227	652
227	701
227	709
227	781
227	862
228	535
228	786
228	871
228	899
228	947
228	995
229	227
229	659
229	701
229	709
229	723
229	781
230	347
230	498
230	511
230	671
230	954
230	991
231	145
231	379
231	747
231	848
231	861
231	885
232	73
232	325
232	776
232	838
232	840
232	966
233	658
233	752
233	834
233	862
233	959
233	974
234	645
234	689
234	857
234	879
234	952
234	996
235	406
235	632
235	868
235	980
235	989
235	994
236	226
236	318
236	359
236	700
236	710
236	908
237	740
237	855
237	931
237	966
237	978
237	988
238	293
238	396
238	677
238	708
238	802
238	824
239	198
239	368
239	579
239	730
239	769
239	816
240	725
240	755
240	853
240	898
240	904
240	907
241	3
241	269
241	550
241	611
241	636
241	825
242	55
242	172
242	534
242	624
242	679
242	767
243	139
243	149
243	250
243	393
243	501
243	556
244	34
244	764
244	797
244	906
244	909
244	984
245	530
245	743
245	777
245	799
245	929
245	932
246	719
246	920
246	961
246	970
246	981
246	985
247	442
247	500
247	606
247	632
247	749
247	995
248	474
248	559
248	563
248	730
248	769
248	816
249	688
249	732
249	809
249	827
249	842
249	962
250	243
250	393
250	441
250	501
250	697
250	847
251	655
251	702
251	724
251	804
251	816
251	936
252	208
252	259
252	311
252	373
252	753
252	990
253	37
253	556
253	828
253	919
253	968
253	985
254	156
254	413
254	436
254	504
254	524
254	727
255	597
255	787
255	806
255	863
255	921
255	930
256	137
256	344
256	571
256	687
256	906
256	990
257	359
257	828
257	919
257	926
257	983
257	993
258	453
258	564
258	815
258	853
258	896
258	907
259	252
259	674
259	753
259	886
259	891
259	971
260	82
260	114
260	647
260	656
260	698
260	821
261	112
261	487
261	873
261	938
261	965
261	973
262	573
262	603
262	663
262	764
262	797
262	909
263	661
263	678
263	688
263	809
263	827
263	842
264	79
264	127
264	129
264	208
264	471
264	646
265	296
265	299
265	361
265	580
265	775
265	786
266	170
266	185
266	324
266	445
266	498
266	706
267	586
267	606
267	681
267	724
267	728
267	804
268	43
268	78
268	208
268	471
268	646
268	995
269	241
269	844
269	904
269	958
269	987
269	998
270	80
270	338
270	348
270	575
270	613
270	822
271	186
271	581
271	742
271	814
271	881
271	902
272	321
272	447
272	832
272	878
272	897
272	955
273	703
273	722
273	738
273	794
273	870
273	930
274	60
274	820
274	900
274	922
274	942
274	972
275	42
275	55
275	71
275	570
275	624
275	767
276	375
276	721
276	766
276	952
276	996
276	1000
277	562
277	563
277	591
277	730
277	769
277	816
278	689
278	707
278	756
278	846
278	949
278	975
279	415
279	852
279	874
279	915
279	928
279	972
280	226
280	740
280	741
280	776
280	918
280	988
281	589
281	623
281	648
281	760
281	859
281	909
282	46
282	296
282	328
282	560
282	792
282	935
283	481
283	690
283	801
283	913
283	926
283	983
284	180
284	285
284	612
284	735
284	895
284	977
285	284
285	715
285	806
285	921
285	930
285	970
286	573
286	734
286	747
286	861
286	882
286	927
287	490
287	651
287	777
287	916
287	993
287	995
288	217
288	694
288	703
288	722
288	794
288	870
289	89
289	582
289	707
289	886
289	892
289	976
290	502
290	863
290	951
290	970
290	974
290	976
291	426
291	634
291	733
291	876
291	900
291	942
292	400
292	440
292	560
292	695
292	871
292	903
293	238
293	680
293	737
293	741
293	951
293	997
294	664
294	697
294	866
294	873
294	891
294	965
295	307
295	612
295	877
295	967
295	977
295	979
296	76
296	265
296	282
296	473
296	871
296	935
297	790
297	909
297	920
297	961
297	981
297	985
298	758
298	874
298	881
298	922
298	928
298	972
299	199
299	265
299	446
299	500
299	580
299	705
300	653
300	777
300	882
300	916
300	993
300	995
301	733
301	818
301	876
301	900
301	928
301	942
302	159
302	561
302	788
302	848
302	913
302	926
303	130
303	647
303	770
303	836
303	945
303	974
304	398
304	791
304	807
304	858
304	981
304	985
305	428
305	532
305	625
305	699
305	731
305	888
306	785
306	889
306	939
306	943
306	959
306	960
307	114
307	295
307	835
307	894
307	967
307	999
308	471
308	795
308	872
308	915
308	922
308	972
309	427
309	444
309	541
309	542
309	568
309	736
310	342
310	574
310	782
310	877
310	895
310	977
311	142
311	252
311	588
311	898
311	907
311	990
312	44
312	168
312	665
312	692
312	718
312	899
313	25
313	431
313	529
313	760
313	826
313	859
314	480
314	635
314	687
314	782
314	789
314	971
315	558
315	635
315	878
315	897
315	955
315	971
316	713
316	783
316	793
316	911
316	975
316	991
317	937
317	952
317	957
317	980
317	989
317	994
318	164
318	236
318	809
318	924
318	968
318	983
319	730
319	769
319	816
319	832
319	897
319	955
320	889
320	939
320	943
320	960
320	977
320	982
321	272
321	725
321	853
321	896
321	898
321	907
322	407
322	642
322	652
322	701
322	723
322	876
323	360
323	506
323	678
323	832
323	878
323	955
324	185
324	266
324	445
324	498
324	706
324	962
325	123
325	232
325	539
325	721
325	966
325	987
326	392
326	787
326	806
326	863
326	921
326	930
327	844
327	903
327	958
327	963
327	977
327	986
328	282
328	355
328	734
328	754
328	831
328	947
329	51
329	196
329	582
329	732
329	742
329	949
330	553
330	758
330	911
330	922
330	928
330	972
331	772
331	889
331	939
331	943
331	960
331	977
332	209
332	662
332	843
332	932
332	959
332	960
333	743
333	746
333	754
333	768
333	982
333	997
334	62
334	757
334	892
334	944
334	951
334	953
335	341
335	685
335	853
335	880
335	954
335	967
336	516
336	527
336	672
336	879
336	975
336	991
337	651
337	937
337	957
337	980
337	989
337	994
338	270
338	383
338	625
338	699
338	731
338	888
339	9
339	633
339	812
339	856
339	860
339	864
340	53
340	143
340	555
340	897
340	955
340	997
341	49
341	76
341	335
341	779
341	786
341	954
342	310
342	937
342	957
342	980
342	989
342	994
343	190
343	619
343	629
343	858
343	928
343	972
344	205
344	256
344	396
344	432
344	525
344	990
345	752
345	758
345	874
345	915
345	922
345	972
346	429
346	488
346	621
346	708
346	840
346	913
347	185
347	230
347	445
347	498
347	636
347	706
348	80
348	174
348	270
348	400
348	613
348	822
349	22
349	26
349	61
349	512
349	534
349	767
350	427
350	656
350	698
350	742
350	814
350	881
351	647
351	712
351	768
351	843
351	892
351	974
352	667
352	739
352	922
352	939
352	943
352	960
352	977
353	108
353	201
353	399
353	413
353	504
353	784
353	798
354	861
354	917
354	937
354	957
354	980
354	989
354	994
355	328
355	457
355	560
355	754
355	908
355	947
355	954
356	133
356	622
356	704
356	792
356	903
356	987
356	998
357	155
357	443
357	855
357	880
357	912
357	979
357	999
358	852
358	855
358	872
358	874
358	915
358	922
358	972
359	236
359	257
359	815
359	849
359	867
359	966
359	992
360	323
360	555
360	784
360	832
360	878
360	897
360	955
361	265
361	858
361	889
361	943
361	960
361	961
361	985
362	100
362	104
362	521
362	705
362	802
362	888
362	909
363	147
363	575
363	730
363	748
363	822
363	913
363	926
364	73
364	195
364	444
364	644
364	839
364	868
364	921
365	765
365	790
365	858
365	920
365	961
365	969
365	985
366	880
366	912
366	956
366	967
366	979
366	999
366	1000
367	482
367	608
367	890
367	914
367	936
367	946
367	964
368	239
368	846
368	886
368	933
368	949
368	958
368	987
369	377
369	849
369	919
369	938
369	945
369	992
369	993
370	685
370	728
370	804
370	835
370	950
370	968
370	979
371	203
371	421
371	435
371	483
371	837
371	850
371	875
372	464
372	511
372	740
372	928
372	931
372	966
372	978
373	52
373	103
373	201
373	252
373	592
373	971
373	990
374	445
374	702
374	890
374	914
374	923
374	936
374	964
375	276
375	472
375	635
375	744
375	851
375	884
375	996
376	101
376	390
376	421
376	557
376	619
376	629
376	651
377	369
377	679
377	828
377	833
377	919
377	938
377	993
378	10
378	829
378	833
378	908
378	913
378	968
378	992
379	231
379	450
379	669
379	861
379	882
379	885
379	927
380	96
380	418
380	669
380	717
380	844
380	963
380	998
381	734
381	759
381	848
381	882
381	885
381	908
381	927
382	448
382	479
382	702
382	776
382	890
382	914
382	946
383	338
383	532
383	566
383	625
383	694
383	699
383	731
384	591
384	690
384	748
384	796
384	801
384	913
384	955
385	417
385	671
385	672
385	713
385	783
385	805
385	991
386	484
386	628
386	756
386	820
386	916
386	993
386	995
387	130
387	768
387	817
387	940
387	945
387	953
387	997
388	532
388	566
388	625
388	699
388	731
388	822
388	888
389	28
389	391
389	454
389	886
389	954
389	957
389	976
390	376
390	421
390	488
390	557
390	619
390	629
390	651
391	389
391	830
391	886
391	924
391	949
391	951
391	976
392	326
392	480
392	588
392	682
392	762
392	971
392	990
393	149
393	218
393	243
393	250
393	441
393	478
393	934
394	833
394	834
394	908
394	924
394	968
394	983
394	992
395	493
395	537
395	583
395	725
395	780
395	896
395	907
396	238
396	344
396	522
396	821
396	824
396	910
396	931
397	112
397	419
397	740
397	741
397	780
397	928
397	978
398	304
398	546
398	594
398	694
398	703
398	738
398	870
399	201
399	353
399	413
399	512
399	524
399	592
399	686
400	166
400	292
400	348
400	457
400	761
400	808
400	995
401	177
401	677
401	700
401	833
401	906
401	948
401	969
402	554
402	713
402	911
402	954
402	975
402	985
402	991
403	98
403	178
403	409
403	703
403	866
403	962
403	965
404	59
404	406
404	602
404	751
404	839
404	847
404	875
405	220
405	543
405	627
405	756
405	892
405	902
405	976
406	235
406	404
406	585
406	720
406	837
406	847
406	887
407	322
407	552
407	652
407	659
407	709
407	781
407	927
408	184
408	485
408	748
408	788
408	796
408	819
408	913
409	403
409	470
409	664
409	800
409	873
409	965
409	991
410	25
410	521
410	705
410	800
410	826
410	859
410	888
411	617
411	820
411	866
411	891
411	953
411	962
411	965
412	444
412	483
412	751
412	837
412	850
412	868
412	965
413	254
413	353
413	399
413	583
413	592
413	596
413	639
414	877
414	917
414	937
414	957
414	980
414	989
414	994
415	279
415	538
415	650
415	748
415	796
415	913
415	926
416	165
416	167
416	479
416	890
416	923
416	936
416	964
417	385
417	596
417	626
417	672
417	739
417	975
417	991
418	176
418	380
418	586
418	704
418	880
418	903
418	958
419	397
419	508
419	599
419	621
419	708
419	941
419	965
420	641
420	766
420	774
420	857
420	873
420	948
420	1000
421	64
421	371
421	376
421	390
421	557
421	619
421	629
422	526
422	530
422	728
422	816
422	905
422	929
422	982
423	634
423	770
423	793
423	905
423	932
423	945
423	974
424	171
424	823
424	884
424	912
424	969
424	999
424	1000
425	658
425	727
425	741
425	834
425	865
425	934
425	959
426	291
426	433
426	664
426	820
426	873
426	891
426	973
427	195
427	309
427	350
427	542
427	720
427	837
427	839
428	305
428	566
428	625
428	699
428	731
428	888
428	997
429	346
429	491
429	680
429	818
429	910
429	928
429	978
430	87
430	109
430	691
430	854
430	883
430	918
430	925
431	50
431	104
431	313
431	521
431	760
431	859
431	1000
432	344
432	522
432	635
432	753
432	762
432	971
432	990
433	160
433	426
433	611
433	638
433	810
433	825
433	973
434	765
434	784
434	791
434	889
434	961
434	981
434	985
435	371
435	568
435	839
435	847
435	850
435	868
435	873
436	225
436	254
436	504
436	524
436	639
436	798
436	804
437	30
437	174
437	822
437	857
437	915
437	922
437	972
438	119
438	601
438	603
438	616
438	939
438	943
438	960
439	627
439	745
439	769
439	813
439	902
439	951
439	953
440	28
440	292
440	609
440	871
440	935
440	947
440	954
441	250
441	393
441	478
441	501
441	665
441	692
441	899
442	124
442	199
442	247
442	446
442	500
442	580
442	700
443	212
443	357
443	617
443	798
443	859
443	873
443	965
444	59
444	309
444	364
444	412
444	644
444	875
444	977
445	170
445	266
445	324
445	347
445	374
445	498
445	706
446	95
446	124
446	199
446	299
446	442
446	580
446	705
447	272
447	678
447	832
447	845
447	878
447	897
447	955
448	102
448	382
448	608
448	914
448	936
448	955
448	964
449	458
449	572
449	735
449	806
449	863
449	921
449	930
450	379
450	734
450	747
450	771
450	861
450	927
450	966
451	225
451	807
451	920
451	929
451	932
451	981
451	982
452	11
452	494
452	544
452	584
452	623
452	632
452	749
453	258
453	564
453	720
453	755
453	768
453	896
453	898
454	389
454	469
454	713
454	786
454	871
454	899
454	935
455	156
455	525
455	559
455	571
455	682
455	762
455	971
456	586
456	649
456	681
456	724
456	728
456	742
456	804
457	67
457	355
457	400
457	657
457	754
457	831
457	860
458	9
458	218
458	449
458	489
458	863
458	921
458	930
459	8
459	164
459	597
459	742
459	814
459	881
459	949
460	63
460	558
460	618
460	848
460	861
460	885
460	927
461	519
461	543
461	770
461	892
461	949
461	953
461	976
462	577
462	683
462	728
462	849
462	867
462	983
462	992
463	77
463	679
463	867
463	890
463	897
463	919
463	936
464	194
464	372
464	879
464	952
464	969
464	996
464	1000
465	76
465	80
465	146
465	695
465	831
465	899
465	947
466	476
466	725
466	872
466	874
466	915
466	922
466	972
467	207
467	555
467	604
467	678
467	812
467	832
467	878
467	955
468	516
468	607
468	620
468	811
468	812
468	856
468	860
468	864
469	454
469	640
469	674
469	695
469	808
469	824
469	935
469	947
470	409
470	593
470	617
470	810
470	866
470	891
470	962
470	973
471	78
471	79
471	127
471	129
471	264
471	268
471	308
471	646
472	194
472	213
472	375
472	543
472	766
472	774
472	857
472	952
473	296
473	483
473	542
473	615
473	736
473	875
473	909
473	944
474	161
474	248
474	562
474	563
474	579
474	730
474	769
474	816
475	661
475	688
475	704
475	732
475	809
475	827
475	842
475	962
476	466
476	852
476	869
476	872
476	874
476	915
476	922
476	972
477	605
477	612
477	818
477	876
477	895
477	900
477	907
477	942
478	139
478	149
478	218
478	393
478	441
478	501
478	697
478	747
479	165
479	382
479	416
479	536
479	578
479	936
479	946
479	964
480	314
480	392
480	559
480	588
480	647
480	682
480	971
480	990
481	28
481	283
481	485
481	748
481	788
481	819
481	913
481	926
482	367
482	618
482	684
482	848
482	861
482	882
482	885
482	927
483	211
483	371
483	412
483	473
483	542
483	839
483	875
483	920
484	386
484	509
484	653
484	777
484	816
484	906
484	993
484	995
485	408
485	481
485	654
485	796
485	819
485	913
485	926
485	967
486	33
486	773
486	788
486	854
486	883
486	918
486	925
486	984
487	261
487	784
487	790
487	920
487	961
487	967
487	981
487	985
488	110
488	346
488	390
488	802
488	840
488	910
488	941
488	988
489	458
489	707
489	715
489	787
489	863
489	921
489	930
489	970
490	157
490	287
490	514
490	628
490	753
490	777
490	993
490	995
491	429
491	680
491	840
491	904
491	941
491	966
491	978
491	988
492	595
492	855
492	876
492	880
492	887
492	956
492	979
492	999
493	163
493	395
493	546
493	755
493	853
493	896
493	898
493	907
494	452
494	531
494	573
494	603
494	764
494	797
494	909
494	984
495	32
495	663
495	664
495	706
495	820
495	844
495	965
495	973
496	81
496	707
496	757
496	848
496	886
496	892
496	953
496	976
497	515
497	662
497	690
497	727
497	834
497	862
497	865
497	934
498	167
498	170
498	230
498	266
498	324
498	347
498	445
498	923
499	111
499	575
499	613
499	789
499	805
499	822
499	952
499	987
500	124
500	199
500	247
500	299
500	442
500	580
500	705
500	740
501	139
501	218
501	243
501	250
501	441
501	478
501	551
501	697
502	290
502	838
502	892
502	902
502	934
502	944
502	953
502	976
503	746
503	793
503	817
503	843
503	932
503	957
503	970
503	982
504	52
504	156
504	225
504	254
504	353
504	436
504	512
504	898
505	714
505	829
505	851
505	940
505	945
505	948
505	982
505	1000
506	323
506	604
506	634
506	733
506	800
506	876
506	900
506	942
507	216
507	591
507	654
507	788
507	796
507	801
507	819
507	926
508	223
508	419
508	703
508	776
508	780
508	931
508	978
508	988
509	157
509	484
509	653
509	755
509	777
509	916
509	993
509	995
510	35
510	708
510	737
510	910
510	931
510	941
510	966
510	978
511	230
511	372
511	545
511	708
511	838
511	910
511	964
511	978
512	156
512	349
512	399
512	504
512	524
512	592
512	798
512	856
513	77
513	86
513	610
513	702
513	914
513	923
513	946
513	964
514	490
514	628
514	653
514	699
514	777
514	916
514	993
514	995
515	497
515	750
515	785
515	836
515	865
515	934
515	949
515	959
516	118
516	131
516	336
516	468
516	795
516	911
516	975
516	991
517	620
517	644
517	812
517	841
517	856
517	860
517	864
517	956
518	617
518	663
518	687
518	810
518	820
518	866
518	891
518	965
519	461
519	541
519	756
519	821
519	886
519	902
519	951
519	953
520	117
520	689
520	770
520	793
520	929
520	932
520	940
520	982
521	75
521	362
521	410
521	431
521	705
521	826
521	859
521	888
522	396
522	432
522	708
522	776
522	870
522	966
522	988
522	997
523	166
523	672
523	754
523	761
523	792
523	808
523	935
523	947
524	42
524	225
524	254
524	399
524	436
524	512
524	583
524	639
525	171
525	205
525	206
525	344
525	455
525	588
525	635
525	946
526	422
526	578
526	712
526	743
526	746
526	817
526	884
526	997
527	182
527	336
527	596
527	783
527	954
527	960
527	975
527	991
528	762
528	869
528	917
528	937
528	957
528	980
528	989
528	994
529	90
529	144
529	313
529	903
529	933
529	963
529	986
529	998
530	192
530	193
530	245
530	422
530	602
530	746
530	974
530	988
531	20
531	34
531	494
531	764
531	797
531	909
531	980
531	984
532	305
532	383
532	388
532	566
532	625
532	693
532	699
532	731
533	552
533	602
533	642
533	652
533	659
533	709
533	723
533	781
534	22
534	26
534	55
534	242
534	349
534	624
534	767
534	811
535	228
535	948
535	957
535	980
535	989
535	994
535	996
535	1000
536	479
536	610
536	890
536	914
536	923
536	946
536	964
536	983
537	395
537	720
537	755
537	853
537	896
537	898
537	907
537	943
538	415
538	680
538	788
538	796
538	838
538	913
538	941
538	986
539	1
539	11
539	138
539	325
539	544
539	623
539	632
539	749
540	693
540	712
540	894
540	912
540	950
540	967
540	979
540	999
541	89
541	183
541	309
541	519
541	830
541	944
541	949
541	976
542	159
542	309
542	427
542	473
542	483
542	847
542	893
542	944
543	81
543	132
543	405
543	461
543	472
543	813
543	944
543	951
544	138
544	452
544	539
544	606
544	623
544	632
544	749
544	905
545	3
545	511
545	780
545	910
545	931
545	941
545	978
545	997
546	398
546	493
546	668
546	694
546	703
546	794
546	870
546	942
547	155
547	569
547	716
547	824
547	950
547	963
547	967
547	979
548	18
548	612
548	735
548	782
548	869
548	877
548	895
548	977
549	3
549	83
549	119
549	145
549	550
549	611
549	636
549	638
549	961
550	83
550	119
550	145
550	165
550	241
550	549
550	611
550	636
550	825
551	501
551	647
551	726
551	768
551	799
551	817
551	929
551	945
551	982
552	407
552	533
552	642
552	652
552	696
552	701
552	723
552	781
552	980
553	179
553	330
553	715
553	806
553	833
553	863
553	921
553	930
553	970
554	402
554	596
554	640
554	671
554	729
554	763
554	954
554	975
554	991
555	45
555	340
555	360
555	467
555	678
555	725
555	878
555	897
555	955
556	243
556	253
556	670
556	861
556	882
556	919
556	927
556	940
556	992
557	64
557	376
557	390
557	421
557	619
557	629
557	651
557	825
557	986
558	97
558	315
558	460
558	637
558	684
558	747
558	771
558	882
558	927
559	175
559	248
559	455
559	480
559	571
559	762
559	789
559	971
559	990
560	76
560	282
560	292
560	355
560	565
560	792
560	798
560	871
560	935
561	302
561	598
561	690
561	748
561	776
561	796
561	801
561	819
561	926
562	136
562	187
562	277
562	474
562	563
562	579
562	730
562	769
562	816
563	248
563	277
563	474
563	562
563	579
563	730
563	769
563	816
563	869
564	258
564	453
564	720
564	755
564	853
564	854
564	896
564	898
564	907
565	136
565	224
565	560
565	657
565	786
565	808
565	831
565	947
565	954
566	7
566	383
566	388
566	428
566	532
566	683
566	699
566	731
566	888
567	154
567	604
567	628
567	634
567	800
567	876
567	890
567	900
567	942
568	190
568	211
568	309
568	435
568	644
568	751
568	837
568	868
568	893
569	121
569	547
569	716
569	805
569	823
569	894
569	912
569	950
569	999
570	122
570	275
570	683
570	829
570	867
570	968
570	983
570	992
570	993
571	82
571	206
571	256
571	455
571	559
571	753
571	762
571	906
571	971
572	449
572	576
572	658
572	787
572	806
572	863
572	921
572	930
572	970
573	262
573	286
573	494
573	603
573	764
573	797
573	906
573	909
573	984
574	63
574	224
574	310
574	605
574	665
574	735
574	782
574	877
574	895
575	147
575	158
575	174
575	270
575	363
575	499
575	613
575	822
575	978
576	572
576	583
576	715
576	787
576	806
576	863
576	921
576	930
576	970
577	462
577	674
577	780
577	803
577	815
577	828
577	833
577	924
577	992
578	222
578	479
578	526
578	647
578	675
578	916
578	929
578	974
578	982
579	187
579	239
579	474
579	562
579	563
579	730
579	740
579	769
579	816
580	124
580	199
580	265
580	299
580	442
580	446
580	500
580	705
580	729
581	8
581	105
581	271
581	582
581	597
581	814
581	881
581	907
581	949
582	205
582	289
582	329
582	581
582	597
582	742
582	814
582	881
582	949
583	395
583	413
583	524
583	576
583	592
583	639
583	898
583	907
583	947
584	452
584	623
584	644
584	660
584	749
584	824
584	880
584	912
584	999
585	211
585	406
585	736
585	737
585	780
585	802
585	847
585	897
585	931
586	267
586	418
586	456
586	649
586	655
586	681
586	721
586	724
586	804
587	712
587	843
587	905
587	916
587	940
587	945
587	974
587	979
587	982
588	205
588	311
588	392
588	480
588	525
588	635
588	687
588	914
588	971
589	25
589	50
589	281
589	648
589	655
589	760
589	859
589	909
589	970
590	166
590	643
590	674
590	712
590	775
590	808
590	935
590	947
590	978
591	277
591	384
591	507
591	654
591	788
591	801
591	819
591	913
591	926
592	225
592	373
592	399
592	413
592	512
592	583
592	639
592	798
592	839
593	470
593	676
593	691
593	773
593	854
593	883
593	918
593	925
593	984
594	398
594	668
594	694
594	711
594	738
594	794
594	870
594	985
594	989
595	88
595	121
595	492
595	716
595	823
595	835
595	950
595	979
595	999
596	2
596	41
596	413
596	417
596	527
596	554
596	609
596	911
596	975
597	38
597	255
597	459
597	581
597	582
597	742
597	814
597	881
597	949
598	109
598	561
598	604
598	691
598	773
598	854
598	883
598	925
598	984
599	419
599	783
599	838
599	910
599	931
599	966
599	978
599	988
599	989
600	645
600	714
600	763
600	884
600	932
600	952
600	969
600	973
600	1000
601	438
601	686
601	739
601	772
601	889
601	939
601	943
601	960
601	977
601	982
602	404
602	530
602	533
602	675
602	770
602	778
602	905
602	932
602	940
602	974
603	125
603	262
603	438
603	494
603	573
603	748
603	764
603	906
603	909
603	984
604	467
604	506
604	567
604	598
604	673
604	823
604	878
604	897
604	942
604	955
605	210
605	477
605	574
605	735
605	782
605	877
605	895
605	960
605	977
605	990
606	1
606	11
606	15
606	138
606	247
606	267
606	544
606	623
606	632
606	749
607	468
607	620
607	707
607	811
607	812
607	841
607	856
607	860
607	864
607	956
608	188
608	367
608	448
608	610
608	744
608	914
608	923
608	936
608	946
608	964
609	192
609	440
609	596
609	640
609	672
609	713
609	783
609	827
609	975
609	991
610	513
610	536
610	608
610	890
610	914
610	923
610	936
610	946
610	964
610	973
611	83
611	241
611	433
611	549
611	550
611	636
611	638
611	708
611	825
611	948
612	200
612	284
612	295
612	477
612	548
612	735
612	782
612	877
612	895
612	977
613	30
613	80
613	147
613	158
613	270
613	348
613	499
613	575
613	789
613	822
614	44
614	692
614	718
614	773
614	893
614	899
614	912
614	918
614	925
614	984
615	226
615	473
615	736
615	776
615	780
615	810
615	847
615	944
615	961
615	997
616	148
616	438
616	667
616	686
616	739
616	772
616	889
616	939
616	943
616	960
617	411
617	443
617	470
617	518
617	781
617	810
617	891
617	962
617	965
617	973
618	460
618	482
618	734
618	759
618	848
618	861
618	882
618	885
618	927
618	952
619	64
619	190
619	343
619	376
619	390
619	421
619	557
619	629
619	651
619	996
620	1
620	468
620	517
620	607
620	633
620	811
620	812
620	841
620	860
620	864
621	29
621	215
621	346
621	419
621	740
621	741
621	802
621	831
621	840
621	966
622	356
622	745
622	835
622	855
622	887
622	894
622	956
622	967
622	979
622	999
623	138
623	222
623	281
623	452
623	539
623	544
623	584
623	606
623	632
623	749
624	26
624	42
624	55
624	61
624	172
624	242
624	275
624	534
624	762
624	767
625	305
625	338
625	383
625	388
625	428
625	532
625	699
625	731
625	795
625	888
626	417
626	671
626	672
626	713
626	775
626	783
626	795
626	924
626	975
626	991
627	405
627	439
627	830
627	846
627	886
627	893
627	944
627	951
627	953
627	976
628	386
628	490
628	514
628	567
628	653
628	777
628	916
628	970
628	993
628	995
629	190
629	343
629	376
629	390
629	421
629	557
629	619
629	651
629	829
629	948
630	137
630	675
630	676
630	691
630	773
630	854
630	883
630	886
630	918
630	925
631	661
631	688
631	731
631	732
631	809
631	827
631	842
631	962
632	1
632	11
632	235
632	247
632	452
632	539
632	544
632	606
632	623
632	749
633	339
633	620
633	723
633	811
633	812
633	841
633	856
633	860
633	864
633	956
634	291
634	423
634	506
634	567
634	673
634	733
634	818
634	900
634	942
634	950
635	314
635	315
635	375
635	432
635	525
635	588
635	682
635	726
635	971
635	990
636	83
636	119
636	145
636	241
636	347
636	549
636	550
636	611
636	638
636	825
637	152
637	558
637	649
637	655
637	681
637	721
637	724
637	728
637	804
637	885
638	3
638	83
638	119
638	145
638	433
638	549
638	611
638	636
638	825
638	917
639	52
639	108
639	413
639	436
639	524
639	583
639	592
639	798
639	942
639	962
640	131
640	469
640	554
640	609
640	713
640	718
640	729
640	954
640	975
640	991
641	420
641	734
641	774
641	789
641	879
641	884
641	948
641	952
641	969
641	1000
642	322
642	533
642	552
642	652
642	659
642	701
642	709
642	723
642	781
642	852
643	67
643	590
643	757
643	786
643	792
643	795
643	808
643	871
643	899
643	935
644	364
644	444
644	517
644	568
644	584
644	751
644	839
644	850
644	868
644	893
645	54
645	134
645	234
645	600
645	851
645	884
645	893
645	948
645	996
645	1000
646	43
646	78
646	79
646	127
646	129
646	208
646	264
646	268
646	471
646	681
647	193
647	260
647	303
647	351
647	480
647	551
647	578
647	770
647	940
647	974
648	75
648	281
648	589
648	711
648	760
648	764
648	826
648	859
648	888
648	909
649	152
649	456
649	586
649	637
649	655
649	681
649	724
649	728
649	804
649	868
650	415
650	690
650	748
650	767
650	811
650	812
650	841
650	856
650	889
650	926
651	64
651	190
651	287
651	337
651	376
651	390
651	557
651	619
651	629
651	989
652	227
652	322
652	407
652	533
652	552
652	642
652	659
652	701
652	709
652	781
653	157
653	300
653	484
653	509
653	514
653	628
653	751
653	777
653	993
653	995
654	143
654	485
654	507
654	591
654	690
654	788
654	801
654	819
654	913
654	926
655	251
655	586
655	589
655	637
655	649
655	681
655	724
655	728
655	782
655	804
656	2
656	82
656	103
656	114
656	169
656	215
656	260
656	350
656	698
656	732
656	821
657	457
657	565
657	754
657	808
657	831
657	850
657	871
657	877
657	935
657	947
657	995
658	233
658	425
658	572
658	662
658	752
658	785
658	862
658	865
658	901
658	934
658	959
659	229
659	407
659	533
659	642
659	652
659	696
659	701
659	709
659	717
659	723
659	781
660	120
660	123
660	176
660	188
660	584
660	669
660	904
660	958
660	963
660	986
660	998
661	170
661	263
661	475
661	631
661	688
661	732
661	792
661	809
661	827
661	842
661	962
662	332
662	497
662	658
662	752
662	834
662	836
662	853
662	862
662	865
662	934
662	959
663	17
663	58
663	262
663	495
663	518
663	664
663	798
663	800
663	965
663	973
663	988
664	294
664	409
664	426
664	495
664	663
664	810
664	873
664	891
664	901
664	965
664	973
665	44
665	168
665	219
665	312
665	441
665	574
665	692
665	718
665	893
665	899
665	905
666	16
666	755
666	853
666	895
666	896
666	898
666	907
666	920
666	961
666	981
666	985
667	352
667	616
667	686
667	696
667	739
667	772
667	799
667	889
667	939
667	943
667	960
668	56
668	546
668	594
668	694
668	703
668	711
668	738
668	794
668	870
668	941
668	958
669	200
669	379
669	380
669	660
669	704
669	903
669	958
669	963
669	986
669	987
669	998
670	223
670	556
670	679
670	833
670	845
670	890
670	924
670	938
670	968
670	983
670	992
671	230
671	385
671	554
671	626
671	672
671	713
671	729
671	783
671	910
671	975
671	991
672	102
672	192
672	336
672	385
672	417
672	523
672	609
672	626
672	671
672	975
672	991
673	115
673	128
673	604
673	634
673	733
673	800
673	818
673	837
673	876
673	900
673	942
674	259
674	469
674	577
674	590
674	695
674	761
674	892
674	902
674	910
674	947
674	976
675	578
675	602
675	630
675	746
675	862
675	905
675	916
675	932
675	945
675	974
675	982
676	219
676	220
676	593
676	630
676	764
676	773
676	854
676	883
676	918
676	925
676	984
677	65
677	72
677	213
677	238
677	401
677	837
677	851
677	857
677	879
677	952
677	996
678	53
678	207
678	263
678	323
678	447
678	467
678	555
678	832
678	878
678	897
678	955
679	242
679	377
679	463
679	670
679	833
679	908
679	924
679	948
679	968
679	983
679	992
680	110
680	293
680	429
680	491
680	538
680	740
680	741
680	838
680	885
680	941
680	966
681	267
681	456
681	586
681	637
681	646
681	649
681	655
681	721
681	724
681	728
681	804
682	35
682	211
682	392
682	455
682	480
682	635
682	687
682	753
682	906
682	911
682	990
683	74
683	462
683	566
683	570
683	791
683	845
683	849
683	858
683	981
683	983
683	985
684	482
684	558
684	734
684	747
684	750
684	759
684	771
684	848
684	882
684	885
684	927
685	57
685	335
685	370
685	823
685	880
685	887
685	912
685	950
685	967
685	979
685	999
686	399
686	601
686	616
686	667
686	772
686	889
686	939
686	943
686	960
686	977
686	981
687	256
687	314
687	518
687	588
687	682
687	753
687	762
687	906
687	971
687	982
687	990
688	249
688	263
688	475
688	631
688	661
688	732
688	809
688	826
688	827
688	842
688	962
689	234
689	278
689	520
689	813
689	830
689	846
689	892
689	902
689	951
689	953
689	976
690	283
690	384
690	497
690	561
690	650
690	654
690	796
690	801
690	913
690	922
690	926
691	430
691	593
691	598
691	630
691	773
691	838
691	854
691	883
691	918
691	925
691	984
692	62
692	219
692	312
692	441
692	614
692	665
692	718
692	868
692	893
692	899
692	943
693	532
693	540
693	823
693	835
693	880
693	894
693	950
693	967
693	976
693	979
693	999
694	288
694	383
694	398
694	546
694	594
694	668
694	703
694	711
694	738
694	794
694	870
695	136
695	146
695	292
695	465
695	469
695	674
695	761
695	831
695	875
695	947
695	995
696	552
696	659
696	667
696	698
696	709
696	723
696	772
696	781
696	939
696	943
696	960
697	139
697	149
697	250
697	294
697	478
697	501
697	744
697	766
697	779
697	875
697	969
697	1000
698	2
698	19
698	82
698	103
698	114
698	169
698	215
698	260
698	350
698	656
698	696
698	821
699	305
699	338
699	383
699	388
699	428
699	514
699	532
699	566
699	625
699	731
699	888
699	1000
700	37
700	177
700	236
700	401
700	442
700	829
700	845
700	908
700	939
700	968
700	992
700	993
701	50
701	227
701	229
701	322
701	552
701	642
701	652
701	659
701	709
701	723
701	781
701	938
702	141
702	251
702	374
702	382
702	513
702	790
702	890
702	923
702	936
702	946
702	964
702	988
703	273
703	288
703	398
703	403
703	508
703	546
703	668
703	694
703	711
703	738
703	794
703	870
704	191
704	214
704	356
704	418
704	475
704	669
704	778
704	813
704	821
704	933
704	963
704	998
705	124
705	299
705	362
705	410
705	446
705	500
705	521
705	580
705	744
705	826
705	859
705	866
706	159
706	167
706	213
706	266
706	324
706	347
706	445
706	495
706	718
706	722
706	965
706	988
707	278
707	289
707	489
707	496
707	607
707	745
707	757
707	813
707	846
707	902
707	951
707	953
708	29
708	238
708	346
708	419
708	510
708	511
708	522
708	611
708	741
708	966
708	978
708	997
709	150
709	227
709	229
709	407
709	533
709	642
709	652
709	659
709	696
709	701
709	723
709	781
710	236
710	761
710	833
710	845
710	849
710	867
710	908
710	918
710	938
710	968
710	983
710	992
711	56
711	66
711	594
711	648
711	668
711	694
711	703
711	722
711	738
711	794
711	870
711	900
712	351
712	526
712	540
712	587
712	590
712	743
712	746
712	799
712	940
712	945
712	974
712	982
713	192
713	316
713	385
713	402
713	454
713	609
713	626
713	640
713	671
713	911
713	975
713	991
714	15
714	505
714	600
714	744
714	763
714	774
714	801
714	857
714	879
714	948
714	969
714	974
715	181
715	212
715	285
715	489
715	553
715	576
715	787
715	806
715	863
715	921
715	930
715	970
716	547
716	569
716	595
716	830
716	855
716	912
716	950
716	956
716	967
716	979
716	994
716	999
717	120
717	380
717	659
717	778
717	821
717	823
717	904
717	933
717	963
717	986
717	987
717	998
718	44
718	62
718	168
718	219
718	312
718	614
718	640
718	665
718	692
718	706
718	893
718	899
719	70
719	158
719	246
719	790
719	791
719	807
719	858
719	920
719	961
719	975
719	981
719	985
720	31
720	406
720	427
720	453
720	537
720	564
720	725
720	825
720	837
720	839
720	853
720	896
721	276
721	325
721	586
721	637
721	681
721	724
721	740
721	804
721	840
721	887
721	941
721	997
722	112
722	195
722	273
722	288
722	706
722	711
722	794
722	810
722	870
722	873
722	965
722	993
723	229
723	322
723	533
723	552
723	633
723	642
723	659
723	696
723	701
723	709
723	781
723	794
724	36
724	251
724	267
724	456
724	586
724	637
724	649
724	655
724	681
724	721
724	728
724	804
725	132
725	162
725	240
725	321
725	395
725	466
725	555
725	720
725	755
725	896
725	898
725	907
726	18
726	25
726	551
726	635
726	743
726	793
726	817
726	905
726	932
726	945
726	970
726	982
727	181
727	254
727	425
727	497
727	752
727	785
727	834
727	836
727	862
727	901
727	934
727	959
728	152
728	267
728	370
728	422
728	456
728	462
728	637
728	649
728	655
728	681
728	724
728	804
729	131
729	182
729	554
729	580
729	640
729	671
729	775
729	783
729	954
729	975
729	991
729	997
730	198
730	239
730	248
730	277
730	319
730	363
730	474
730	562
730	563
730	579
730	769
730	816
731	305
731	338
731	383
731	388
731	428
731	532
731	566
731	625
731	631
731	699
731	888
731	987
732	116
732	249
732	329
732	475
732	631
732	656
732	661
732	688
732	809
732	827
732	842
732	962
733	291
733	301
733	506
733	634
733	673
733	800
733	818
733	876
733	900
733	922
733	942
733	984
734	97
734	286
734	328
734	381
734	450
734	618
734	641
734	684
734	759
734	771
734	848
734	885
735	38
735	63
735	284
735	449
735	548
735	574
735	605
735	612
735	782
735	869
735	877
735	895
736	92
736	187
736	195
736	203
736	309
736	473
736	585
736	615
736	831
736	847
736	875
736	944
737	113
737	293
737	510
737	585
737	776
737	824
737	886
737	888
737	910
737	941
737	978
737	988
738	56
738	151
738	273
738	398
738	594
738	668
738	694
738	703
738	711
738	794
738	870
738	924
739	47
739	352
739	417
739	601
739	616
739	667
739	772
739	889
739	939
739	943
739	960
739	977
740	237
740	280
740	372
740	397
740	500
740	579
740	621
740	680
740	721
740	741
740	931
740	966
740	978
741	19
741	280
741	293
741	397
741	425
741	621
741	680
741	708
741	740
741	824
741	838
741	865
741	997
742	8
742	51
742	186
742	196
742	271
742	329
742	350
742	456
742	459
742	582
742	597
742	855
742	881
743	245
743	333
743	526
743	712
743	726
743	797
743	813
743	817
743	905
743	929
743	940
743	974
743	982
744	24
744	375
744	608
744	697
744	705
744	714
744	766
744	851
744	884
744	948
744	952
744	996
744	1000
745	439
745	622
745	707
745	756
745	757
745	813
745	830
745	886
745	892
745	902
745	951
745	954
745	976
746	333
746	503
746	526
746	530
746	675
746	712
746	757
746	770
746	793
746	872
746	940
746	970
746	974
747	231
747	286
747	450
747	478
747	558
747	684
747	759
747	771
747	848
747	882
747	885
747	909
747	927
748	363
748	384
748	408
748	415
748	481
748	561
748	603
748	650
748	801
748	819
748	913
748	926
748	949
749	1
749	11
749	116
749	138
749	247
749	452
749	539
749	544
749	584
749	606
749	623
749	632
749	934
750	515
750	684
750	785
750	787
750	834
750	863
750	865
750	921
750	930
750	934
750	959
750	969
750	970
751	31
751	73
751	92
751	195
751	404
751	412
751	568
751	644
751	653
751	839
751	850
751	868
751	875
752	233
752	345
752	658
752	662
752	727
752	785
752	836
752	862
752	865
752	901
752	934
752	951
752	959
753	175
753	252
753	259
753	432
753	490
753	571
753	682
753	687
753	756
753	762
753	789
753	971
753	990
754	88
754	328
754	333
754	355
754	457
754	523
754	657
754	775
754	786
754	808
754	935
754	947
754	1000
755	162
755	240
755	453
755	493
755	509
755	537
755	564
755	666
755	725
755	758
755	853
755	896
755	898
756	278
756	386
756	405
756	519
756	745
756	753
756	757
756	813
756	830
756	892
756	949
756	953
756	976
757	334
757	496
757	643
757	707
757	745
757	746
757	756
757	846
757	886
757	902
757	944
757	951
757	953
758	298
758	330
758	345
758	755
758	795
758	852
758	872
758	874
758	911
758	915
758	922
758	958
758	972
759	381
759	618
759	684
759	734
759	747
759	766
759	771
759	848
759	861
759	882
759	885
759	916
759	927
760	94
760	100
760	104
760	281
760	313
760	431
760	589
760	648
760	826
760	859
760	888
760	909
760	993
761	88
761	400
761	523
761	674
761	695
761	710
761	775
761	779
761	786
761	808
761	932
761	935
761	995
762	69
762	151
762	392
762	432
762	455
762	528
762	559
762	571
762	624
762	687
762	753
762	971
762	990
763	24
763	107
763	554
763	600
763	714
763	851
763	879
763	884
763	901
763	948
763	952
763	969
763	996
764	20
764	125
764	244
764	262
764	494
764	531
764	573
764	603
764	648
764	676
764	797
764	906
764	984
765	97
765	365
765	434
765	784
765	790
765	791
765	807
765	858
765	920
765	923
765	961
765	981
765	985
766	276
766	420
766	472
766	697
766	744
766	759
766	857
766	880
766	884
766	948
766	952
766	969
766	996
767	22
767	26
767	42
767	55
767	61
767	71
767	172
767	242
767	275
767	349
767	534
767	624
767	650
767	894
768	59
768	333
768	351
768	387
768	453
768	551
768	793
768	843
768	905
768	929
768	940
768	945
768	970
768	997
769	187
769	198
769	239
769	248
769	277
769	319
769	439
769	474
769	562
769	563
769	579
769	730
769	816
769	898
770	303
770	423
770	461
770	520
770	602
770	647
770	746
770	799
770	843
770	858
770	905
770	940
770	945
770	974
771	16
771	450
771	558
771	684
771	734
771	747
771	759
771	848
771	861
771	876
771	882
771	885
771	927
771	988
772	79
772	331
772	601
772	616
772	667
772	686
772	696
772	739
772	778
772	889
772	939
772	943
772	960
772	977
773	27
773	486
773	593
773	598
773	614
773	630
773	676
773	691
773	790
773	826
773	883
773	918
773	925
773	984
774	420
774	472
774	641
774	714
774	794
774	851
774	857
774	879
774	891
774	952
774	968
774	969
774	996
774	1000
775	136
775	265
775	590
775	626
775	729
775	754
775	761
775	783
775	911
775	912
775	975
775	983
775	991
775	995
776	223
776	232
776	280
776	382
776	508
776	522
776	561
776	615
776	737
776	802
776	928
776	941
776	966
776	988
777	157
777	245
777	287
777	300
777	484
777	490
777	509
777	514
777	628
777	653
777	916
777	993
777	995
777	998
778	123
778	602
778	704
778	717
778	772
778	805
778	887
778	903
778	933
778	958
778	963
778	986
778	987
778	998
779	28
779	72
779	341
779	697
779	761
779	781
779	786
779	831
779	879
779	899
779	937
779	969
779	996
779	1000
780	29
780	223
780	395
780	397
780	508
780	545
780	577
780	585
780	615
780	838
780	931
780	966
780	978
780	997
781	227
781	229
781	407
781	533
781	552
781	617
781	642
781	652
781	659
781	696
781	701
781	709
781	723
781	779
782	99
782	210
782	224
782	310
782	314
782	548
782	574
782	605
782	612
782	655
782	735
782	869
782	877
782	895
783	118
783	316
783	385
783	527
783	599
783	609
783	626
783	671
783	729
783	775
783	795
783	896
783	975
783	991
784	183
784	353
784	360
784	434
784	487
784	765
784	790
784	791
784	807
784	858
784	920
784	961
784	981
784	985
785	45
785	209
785	306
785	515
785	658
785	727
785	750
785	752
785	836
785	862
785	863
785	865
785	934
785	959
786	67
786	228
786	265
786	341
786	454
786	565
786	643
786	754
786	761
786	779
786	831
786	926
786	935
786	972
787	181
787	255
787	326
787	489
787	572
787	576
787	715
787	750
787	863
787	921
787	930
787	968
787	970
787	1000
788	161
788	302
788	408
788	481
788	486
788	507
788	538
788	591
788	654
788	796
788	801
788	819
788	926
788	950
789	30
789	158
789	174
789	185
789	217
789	314
789	499
789	559
789	613
789	641
789	753
789	822
789	971
789	990
790	297
790	365
790	487
790	702
790	719
790	765
790	773
790	784
790	807
790	858
790	920
790	961
790	981
790	985
791	6
791	304
791	434
791	683
791	719
791	765
791	784
791	858
791	915
791	920
791	921
791	961
791	981
791	985
792	81
792	90
792	282
792	356
792	523
792	560
792	643
792	661
792	805
792	831
792	899
792	903
792	958
792	963
793	7
793	316
793	423
793	503
793	520
793	726
793	746
793	768
793	880
793	905
793	916
793	940
793	974
793	997
794	273
794	288
794	546
794	594
794	668
794	694
794	703
794	711
794	722
794	723
794	738
794	774
794	870
794	940
795	118
795	308
795	516
795	625
795	626
795	643
795	758
795	783
795	872
795	874
795	915
795	972
795	975
795	991
796	384
796	408
796	415
796	485
796	507
796	538
796	561
796	690
796	788
796	819
796	882
796	913
796	926
796	976
797	20
797	34
797	125
797	244
797	262
797	494
797	531
797	573
797	743
797	764
797	906
797	909
797	912
797	984
798	201
798	202
798	353
798	436
798	443
798	512
798	560
798	592
798	639
798	663
798	891
798	938
798	973
798	988
799	245
799	551
799	667
799	712
799	770
799	817
799	905
799	929
799	935
799	940
799	942
799	945
799	974
799	997
800	409
800	410
800	506
800	567
800	663
800	673
800	733
800	818
800	820
800	883
800	938
800	942
800	965
800	973
801	161
801	283
801	384
801	507
801	561
801	591
801	654
801	690
801	714
801	748
801	788
801	819
801	926
801	978
802	238
802	362
802	488
802	585
802	621
802	776
802	840
802	910
802	928
802	931
802	954
802	966
802	978
802	997
803	577
803	845
803	849
803	850
803	867
803	917
803	919
803	924
803	928
803	937
803	957
803	980
803	983
803	989
803	994
804	152
804	210
804	251
804	267
804	370
804	436
804	456
804	586
804	637
804	649
804	655
804	681
804	721
804	724
804	728
805	12
805	36
805	123
805	385
805	499
805	569
805	778
805	792
805	887
805	904
805	933
805	958
805	963
805	986
805	998
806	9
806	255
806	285
806	326
806	449
806	553
806	572
806	576
806	715
806	863
806	921
806	930
806	967
806	970
806	982
807	70
807	202
807	206
807	304
807	451
807	719
807	765
807	784
807	790
807	858
807	920
807	961
807	974
807	981
807	985
808	24
808	99
808	400
808	469
808	523
808	565
808	590
808	643
808	657
808	754
808	761
808	871
808	935
808	954
808	995
809	21
809	27
809	94
809	116
809	249
809	263
809	318
809	475
809	631
809	661
809	688
809	732
809	827
809	842
809	962
810	32
810	433
810	470
810	518
810	615
810	617
810	664
810	722
810	820
810	866
810	901
810	962
810	965
810	973
810	988
811	147
811	184
811	468
811	534
811	607
811	620
811	633
811	650
811	812
811	841
811	856
811	860
811	864
811	956
811	980
812	175
812	339
812	467
812	468
812	517
812	607
812	620
812	633
812	650
812	811
812	841
812	856
812	860
812	864
812	956
813	10
813	439
813	543
813	689
813	704
813	707
813	743
813	745
813	756
813	846
813	892
813	902
813	949
813	951
813	953
814	38
814	51
814	105
814	186
814	196
814	271
814	350
814	459
814	581
814	582
814	597
814	881
814	931
814	949
814	971
815	122
815	150
815	164
815	258
815	359
815	577
815	828
815	829
815	833
815	836
815	908
815	919
815	924
815	968
815	992
816	187
816	198
816	239
816	248
816	251
816	277
816	319
816	422
816	474
816	484
816	562
816	563
816	579
816	730
816	769
817	387
817	503
817	526
817	551
817	726
817	743
817	799
817	843
817	905
817	939
817	940
817	945
817	970
817	977
817	982
818	60
818	115
818	154
818	222
818	301
818	429
818	477
818	634
818	673
818	733
818	800
818	876
818	900
818	931
818	942
819	45
819	159
819	408
819	481
819	485
819	507
819	561
819	591
819	654
819	748
819	788
819	796
819	801
819	913
819	926
820	17
820	274
820	386
820	411
820	426
820	495
820	518
820	800
820	810
820	866
820	873
820	938
820	965
820	973
820	988
821	82
821	103
821	114
821	169
821	197
821	260
821	396
821	519
821	656
821	698
821	704
821	717
821	903
821	963
821	986
822	30
822	80
822	147
822	158
822	174
822	177
822	270
822	348
822	363
822	388
822	437
822	499
822	575
822	613
822	789
823	424
823	569
823	595
823	604
823	685
823	693
823	717
823	835
823	855
823	880
823	894
823	950
823	967
823	979
823	999
824	121
824	238
824	396
824	469
824	547
824	584
824	737
824	741
824	838
824	870
824	941
824	966
824	967
824	979
824	999
825	3
825	241
825	433
825	550
825	557
825	611
825	636
825	638
825	720
825	847
825	850
825	875
825	893
825	944
825	996
826	25
826	37
826	50
826	100
826	313
826	410
826	521
826	648
826	688
826	705
826	760
826	773
826	859
826	888
826	909
827	21
827	94
827	116
827	249
827	263
827	475
827	609
827	631
827	661
827	688
827	732
827	809
827	842
827	920
827	962
828	253
828	257
828	377
828	577
828	815
828	829
828	833
828	845
828	846
828	849
828	924
828	931
828	968
828	983
828	993
829	378
829	505
829	570
829	629
829	700
829	815
829	828
829	867
829	908
829	919
829	924
829	968
829	983
829	992
829	993
830	81
830	391
830	541
830	627
830	689
830	716
830	745
830	756
830	846
830	902
830	949
830	951
830	953
830	963
830	976
831	328
831	457
831	465
831	565
831	621
831	657
831	695
831	736
831	779
831	786
831	792
831	871
831	899
831	947
831	954
832	95
832	207
832	216
832	272
832	319
832	323
832	360
832	447
832	467
832	678
832	878
832	897
832	955
832	964
832	996
833	13
833	377
833	378
833	394
833	401
833	553
833	577
833	670
833	679
833	710
833	815
833	828
833	849
833	917
833	983
833	992
834	135
834	204
834	209
834	233
834	394
834	425
834	497
834	662
834	727
834	750
834	836
834	865
834	901
834	913
834	934
834	959
835	155
835	307
835	370
835	595
835	622
835	693
835	823
835	846
835	887
835	894
835	912
835	936
835	950
835	956
835	967
835	999
836	126
836	135
836	204
836	303
836	515
836	662
836	727
836	752
836	785
836	815
836	834
836	865
836	867
836	901
836	934
836	959
837	31
837	59
837	371
837	406
837	412
837	427
837	568
837	673
837	677
837	720
837	839
837	847
837	850
837	851
837	868
837	875
838	226
838	232
838	502
838	511
838	538
838	599
838	680
838	691
838	741
838	780
838	824
838	910
838	931
838	941
838	978
838	988
839	364
839	404
839	427
839	435
839	483
839	592
839	644
839	720
839	751
839	837
839	850
839	868
839	875
839	893
839	929
839	974
840	113
840	232
840	346
840	488
840	491
840	621
840	721
840	802
840	910
840	928
840	941
840	966
840	971
840	978
840	994
840	997
841	84
841	139
841	184
841	221
841	517
841	607
841	620
841	633
841	650
841	811
841	812
841	856
841	860
841	864
841	956
841	998
842	21
842	94
842	116
842	249
842	263
842	475
842	631
842	661
842	688
842	732
842	809
842	827
842	890
842	962
842	963
842	991
843	7
843	106
843	332
843	351
843	503
843	587
843	768
843	770
843	817
843	929
843	940
843	960
843	970
843	974
843	982
843	997
844	12
844	90
844	144
844	269
844	327
844	380
844	495
844	872
844	903
844	904
844	933
844	958
844	986
844	987
844	997
844	998
845	10
845	91
845	447
845	670
845	683
845	700
845	710
845	803
845	828
845	867
845	919
845	930
845	968
845	983
845	992
845	993
846	86
846	278
846	368
846	627
846	689
846	707
846	757
846	813
846	828
846	830
846	835
846	886
846	892
846	944
846	951
846	976
847	71
847	118
847	250
847	404
847	406
847	435
847	542
847	585
847	615
847	736
847	825
847	837
847	850
847	868
847	893
847	944
848	231
848	302
848	381
848	460
848	482
848	496
848	618
848	684
848	734
848	747
848	759
848	771
848	861
848	882
848	885
848	927
849	150
849	359
849	369
849	462
849	683
849	710
849	803
849	828
849	833
849	893
849	919
849	924
849	938
849	968
849	975
849	993
850	59
850	73
850	371
850	412
850	435
850	644
850	657
850	751
850	803
850	825
850	837
850	839
850	847
850	868
850	875
850	944
851	375
851	505
851	645
851	677
851	744
851	763
851	774
851	837
851	857
851	884
851	911
851	948
851	949
851	969
851	996
851	1000
852	46
852	126
852	148
852	279
852	358
852	476
852	642
852	758
852	872
852	874
852	911
852	915
852	922
852	928
852	955
852	972
853	132
853	240
853	258
853	321
853	335
853	493
853	537
853	564
853	662
853	666
853	720
853	755
853	896
853	898
853	907
853	947
854	40
854	137
854	220
854	430
854	486
854	564
854	593
854	598
854	630
854	676
854	691
854	883
854	918
854	925
854	961
854	984
855	155
855	237
855	357
855	358
855	492
855	622
855	716
855	742
855	823
855	880
855	887
855	894
855	912
855	950
855	979
855	999
856	184
856	221
856	339
856	468
856	512
856	517
856	607
856	633
856	650
856	811
856	812
856	841
856	860
856	864
856	956
856	972
857	179
857	234
857	420
857	437
857	472
857	677
857	714
857	766
857	774
857	851
857	901
857	920
857	948
857	952
857	969
857	996
858	183
858	304
858	343
858	361
858	365
858	683
858	719
858	765
858	770
858	784
858	790
858	791
858	807
858	920
858	961
858	981
858	985
859	50
859	75
859	100
859	104
859	281
859	313
859	410
859	431
859	443
859	521
859	589
859	648
859	705
859	760
859	826
859	888
859	894
860	43
860	84
860	221
860	339
860	457
860	468
860	517
860	607
860	620
860	633
860	811
860	812
860	841
860	856
860	864
860	927
860	956
861	16
861	231
861	286
861	354
861	379
861	450
861	460
861	482
861	556
861	618
861	759
861	771
861	848
861	882
861	885
861	927
861	992
862	126
862	204
862	209
862	227
862	233
862	497
862	658
862	662
862	675
862	727
862	752
862	785
862	865
862	878
862	901
862	934
862	959
863	255
863	290
863	326
863	449
863	458
863	489
863	553
863	572
863	576
863	715
863	750
863	785
863	787
863	806
863	921
863	930
863	970
864	84
864	178
864	184
864	221
864	339
864	468
864	517
864	607
864	620
864	633
864	811
864	812
864	841
864	856
864	860
864	956
864	976
865	30
865	425
865	497
865	515
865	658
865	662
865	741
865	750
865	752
865	785
865	834
865	836
865	862
865	901
865	916
865	934
865	959
866	4
866	112
866	169
866	212
866	294
866	403
866	411
866	470
866	518
866	705
866	810
866	820
866	962
866	965
866	973
866	977
866	988
867	359
867	462
867	463
867	570
867	710
867	803
867	829
867	836
867	845
867	892
867	908
867	911
867	919
867	924
867	968
867	983
867	992
868	235
868	364
868	412
868	435
868	568
868	644
868	649
868	692
868	751
868	837
868	839
868	847
868	850
868	872
868	875
868	893
868	944
869	99
869	180
869	476
869	528
869	548
869	563
869	735
869	782
869	877
869	888
869	895
869	917
869	937
869	957
869	980
869	989
869	994
870	56
870	66
870	207
870	273
870	288
870	398
870	522
870	546
870	594
870	668
870	694
870	703
870	711
870	722
870	738
870	794
870	824
871	67
871	146
871	228
871	292
871	296
871	440
871	454
871	560
871	643
871	657
871	808
871	831
871	914
871	925
871	935
871	944
871	947
872	46
872	148
872	308
872	358
872	466
872	476
872	746
872	758
872	795
872	844
872	852
872	868
872	874
872	911
872	915
872	922
872	928
872	972
873	98
873	212
873	261
873	294
873	409
873	420
873	426
873	435
873	443
873	664
873	722
873	820
873	891
873	938
873	962
873	965
873	973
873	988
874	148
874	160
874	279
874	298
874	345
874	358
874	466
874	476
874	758
874	795
874	852
874	872
874	896
874	905
874	915
874	922
874	972
874	978
875	31
875	92
875	371
875	404
875	444
875	473
875	483
875	695
875	697
875	736
875	751
875	825
875	837
875	839
875	850
875	868
875	893
875	937
876	60
876	115
876	128
876	154
876	222
876	291
876	301
876	322
876	477
876	492
876	506
876	567
876	673
876	733
876	771
876	818
876	900
876	942
877	63
877	99
877	210
877	224
877	295
877	310
877	414
877	548
877	574
877	605
877	612
877	657
877	735
877	782
877	869
877	895
877	973
877	977
878	45
878	93
878	193
878	216
878	272
878	315
878	323
878	360
878	447
878	467
878	555
878	604
878	678
878	832
878	862
878	897
878	940
878	955
879	24
879	72
879	134
879	234
879	336
879	464
879	641
879	677
879	714
879	763
879	774
879	779
879	948
879	952
879	959
879	969
879	986
879	996
880	335
880	357
880	366
880	418
880	492
880	584
880	685
880	693
880	766
880	793
880	823
880	855
880	894
880	912
880	950
880	967
880	979
880	999
881	8
881	38
881	51
881	98
881	105
881	186
881	196
881	271
881	298
881	350
881	459
881	581
881	582
881	597
881	742
881	814
881	919
881	949
882	16
882	286
882	300
882	379
882	381
882	482
882	556
882	558
882	618
882	684
882	747
882	759
882	771
882	796
882	848
882	861
882	885
882	927
882	944
883	27
883	33
883	129
883	137
883	220
883	430
883	486
883	593
883	598
883	630
883	676
883	691
883	773
883	800
883	854
883	918
883	925
883	951
883	984
884	24
884	65
884	134
884	179
884	375
884	424
884	526
884	600
884	641
884	645
884	744
884	763
884	766
884	851
884	901
884	953
884	969
884	996
884	1000
885	97
885	231
885	379
885	381
885	460
885	482
885	618
885	637
885	680
885	684
885	734
885	747
885	759
885	771
885	848
885	861
885	882
885	927
885	979
886	81
886	259
886	289
886	368
886	389
886	391
886	496
886	519
886	627
886	630
886	737
886	745
886	757
886	846
886	902
886	951
886	953
886	959
886	976
887	406
887	492
887	622
887	685
887	721
887	778
887	805
887	835
887	855
887	904
887	933
887	935
887	950
887	958
887	967
887	986
887	987
887	998
887	999
888	23
888	305
888	338
888	362
888	388
888	410
888	428
888	521
888	566
888	625
888	648
888	699
888	731
888	737
888	760
888	826
888	859
888	869
888	909
889	47
889	48
889	306
889	320
889	331
889	361
889	434
889	601
889	616
889	650
889	667
889	686
889	739
889	772
889	939
889	943
889	957
889	960
889	977
890	23
890	107
890	153
890	367
890	374
890	382
890	416
890	463
890	536
890	567
890	610
890	670
890	702
890	842
890	914
890	923
890	936
890	946
890	964
891	32
891	98
891	159
891	259
891	294
891	411
891	426
891	470
891	518
891	617
891	664
891	774
891	798
891	873
891	938
891	962
891	973
891	988
891	1000
892	289
892	334
892	351
892	405
892	461
892	496
892	502
892	674
892	689
892	745
892	756
892	813
892	846
892	867
892	899
892	902
892	951
892	953
892	976
893	62
893	168
893	219
893	542
893	568
893	614
893	627
893	644
893	645
893	665
893	692
893	718
893	825
893	839
893	847
893	849
893	868
893	875
893	899
894	168
894	173
894	307
894	540
894	569
894	622
894	693
894	767
894	823
894	835
894	855
894	859
894	880
894	912
894	950
894	956
894	967
894	979
894	999
895	63
895	180
895	210
895	224
895	284
895	310
895	477
895	548
895	574
895	605
895	612
895	666
895	735
895	782
895	869
895	877
895	939
895	945
895	977
896	132
896	163
896	258
896	321
896	395
896	453
896	493
896	537
896	564
896	666
896	720
896	725
896	755
896	783
896	853
896	874
896	898
896	907
896	998
897	53
897	93
897	95
897	143
897	216
897	272
897	315
897	319
897	340
897	360
897	447
897	463
897	555
897	585
897	604
897	678
897	832
897	878
897	955
898	52
898	162
898	163
898	240
898	311
898	321
898	453
898	493
898	504
898	537
898	564
898	583
898	666
898	725
898	755
898	769
898	853
898	896
898	907
899	90
899	166
899	219
899	228
899	312
899	441
899	454
899	465
899	614
899	643
899	665
899	692
899	718
899	779
899	792
899	831
899	892
899	893
899	919
899	995
900	60
900	68
900	115
900	128
900	154
900	274
900	291
900	301
900	477
900	506
900	567
900	634
900	673
900	711
900	733
900	818
900	876
900	917
900	942
900	972
901	658
901	664
901	727
901	752
901	763
901	810
901	834
901	836
901	857
901	862
901	865
901	884
901	933
901	934
901	948
901	952
901	959
901	969
901	996
901	1000
902	86
902	89
902	146
902	271
902	405
902	439
902	502
902	519
902	674
902	689
902	707
902	745
902	757
902	813
902	830
902	886
902	892
902	951
902	953
902	987
903	111
903	191
903	292
903	327
903	356
903	418
903	529
903	669
903	778
903	792
903	821
903	844
903	904
903	933
903	954
903	958
903	959
903	986
903	987
903	998
904	5
904	36
904	133
904	200
904	240
904	269
904	491
904	660
904	717
904	805
904	844
904	887
904	903
904	933
904	958
904	963
904	986
904	987
904	992
904	998
905	117
905	193
905	422
905	423
905	544
905	587
905	602
905	665
905	675
905	726
905	743
905	768
905	770
905	793
905	799
905	817
905	874
905	929
905	932
905	974
906	35
906	69
906	125
906	171
906	244
906	256
906	401
906	484
906	571
906	573
906	603
906	682
906	687
906	764
906	797
906	909
906	962
906	971
906	984
906	990
907	132
907	162
907	163
907	240
907	258
907	311
907	321
907	395
907	477
907	493
907	537
907	564
907	581
907	583
907	666
907	725
907	853
907	896
907	898
907	994
908	150
908	236
908	355
908	378
908	381
908	394
908	679
908	700
908	710
908	815
908	829
908	867
908	910
908	919
908	924
908	938
908	968
908	983
908	992
908	993
909	75
909	244
909	262
909	281
909	297
909	362
909	473
909	494
909	531
909	573
909	589
909	603
909	648
909	747
909	760
909	797
909	826
909	888
909	906
909	984
910	110
910	226
910	396
910	429
910	488
910	510
910	511
910	545
910	599
910	671
910	674
910	737
910	802
910	838
910	840
910	908
910	931
910	941
910	966
910	978
911	41
911	160
911	316
911	330
911	402
911	516
911	596
911	682
911	713
911	758
911	775
911	851
911	852
911	867
911	872
911	915
911	922
911	954
911	972
911	991
912	173
912	357
912	366
912	424
912	540
912	569
912	584
912	614
912	685
912	716
912	775
912	797
912	835
912	855
912	880
912	894
912	950
912	956
912	967
912	979
913	161
913	283
913	302
913	346
913	363
913	378
913	384
913	408
913	415
913	481
913	485
913	538
913	591
913	654
913	690
913	748
913	796
913	819
913	834
913	926
914	23
914	54
914	153
914	165
914	367
914	374
914	382
914	448
914	513
914	536
914	588
914	608
914	610
914	871
914	890
914	923
914	925
914	936
914	946
914	964
915	92
915	160
915	279
915	308
915	345
915	358
915	437
915	466
915	476
915	758
915	791
915	795
915	852
915	872
915	874
915	911
915	922
915	928
915	967
915	972
916	222
916	287
916	300
916	386
916	509
916	514
916	578
916	587
916	628
916	675
916	759
916	777
916	793
916	865
916	932
916	945
916	982
916	993
916	995
916	999
917	354
917	414
917	528
917	638
917	803
917	833
917	869
917	900
917	937
917	957
917	980
917	989
917	994
918	27
918	33
918	40
918	109
918	220
918	280
918	430
918	486
918	593
918	614
918	630
918	676
918	691
918	710
918	773
918	854
918	883
918	925
918	972
918	981
918	984
919	13
919	253
919	257
919	369
919	377
919	463
919	556
919	803
919	815
919	829
919	845
919	849
919	867
919	881
919	899
919	908
919	924
919	935
919	983
919	992
919	993
920	6
920	142
920	246
920	297
920	365
920	451
920	483
920	487
920	666
920	719
920	765
920	784
920	790
920	791
920	807
920	827
920	857
920	858
920	961
920	981
920	985
921	9
921	41
921	68
921	181
921	255
921	285
921	326
921	364
921	449
921	458
921	489
921	553
921	572
921	576
921	715
921	750
921	787
921	791
921	806
921	863
921	930
922	46
922	274
922	298
922	308
922	330
922	345
922	352
922	358
922	437
922	466
922	476
922	690
922	733
922	758
922	852
922	872
922	874
922	911
922	915
922	928
922	972
923	23
923	74
923	77
923	102
923	107
923	141
923	153
923	374
923	416
923	498
923	513
923	536
923	608
923	610
923	702
923	765
923	890
923	914
923	936
923	946
923	964
923	983
924	13
924	57
924	122
924	318
924	391
924	394
924	577
924	626
924	670
924	679
924	738
924	803
924	815
924	828
924	829
924	849
924	867
924	908
924	919
924	938
924	968
924	992
925	27
925	33
925	40
925	109
925	137
925	220
925	430
925	486
925	593
925	598
925	614
925	630
925	676
925	691
925	773
925	854
925	871
925	883
925	914
925	918
925	930
925	984
926	161
926	257
926	283
926	302
926	363
926	415
926	481
926	485
926	507
926	561
926	591
926	650
926	654
926	690
926	748
926	786
926	788
926	796
926	801
926	819
926	913
926	940
927	16
927	97
927	182
927	286
927	379
927	381
927	407
927	450
927	460
927	482
927	556
927	558
927	618
927	684
927	747
927	759
927	771
927	848
927	860
927	861
927	882
927	885
928	162
928	279
928	298
928	301
928	330
928	343
928	372
928	397
928	429
928	776
928	802
928	803
928	840
928	852
928	872
928	915
928	922
928	941
928	972
928	978
928	988
928	996
929	108
929	111
929	117
929	130
929	198
929	245
929	422
929	451
929	520
929	551
929	578
929	743
929	768
929	799
929	839
929	843
929	905
929	932
929	945
929	970
929	982
929	997
930	9
930	68
930	181
930	255
930	273
930	285
930	326
930	449
930	458
930	489
930	553
930	572
930	576
930	715
930	750
930	787
930	806
930	845
930	863
930	921
930	925
930	970
931	113
931	223
931	237
931	372
931	396
931	508
931	510
931	545
931	585
931	599
931	740
931	780
931	802
931	814
931	818
931	828
931	838
931	910
931	941
931	966
931	988
931	997
932	89
932	245
932	332
932	423
932	451
932	503
932	520
932	600
932	602
932	675
932	726
932	761
932	905
932	916
932	929
932	940
932	945
932	970
932	974
932	982
932	988
932	997
933	90
933	111
933	144
933	176
933	214
933	368
933	529
933	704
933	717
933	778
933	805
933	844
933	887
933	901
933	903
933	904
933	936
933	952
933	958
933	963
933	986
933	987
933	998
934	126
934	135
934	178
934	204
934	393
934	425
934	497
934	502
934	515
934	658
934	662
934	727
934	749
934	750
934	752
934	785
934	834
934	836
934	862
934	865
934	901
934	936
934	959
935	49
935	88
935	282
935	296
935	440
935	454
935	469
935	523
935	560
935	590
935	643
935	657
935	754
935	761
935	786
935	799
935	808
935	871
935	887
935	919
935	947
935	954
935	995
936	54
936	74
936	102
936	141
936	153
936	251
936	367
936	374
936	416
936	448
936	463
936	479
936	608
936	610
936	702
936	835
936	890
936	914
936	923
936	933
936	934
936	946
936	964
937	14
937	87
937	101
937	140
937	317
937	337
937	342
937	354
937	414
937	528
937	779
937	803
937	869
937	875
937	917
937	945
937	957
937	980
937	989
937	990
937	994
938	13
938	17
938	177
938	261
938	369
938	377
938	670
938	701
938	710
938	798
938	800
938	820
938	849
938	873
938	891
938	908
938	924
938	943
938	956
938	973
938	988
938	993
938	999
939	48
939	85
939	96
939	306
939	320
939	331
939	352
939	438
939	601
939	616
939	667
939	686
939	696
939	700
939	739
939	772
939	817
939	889
939	895
939	943
939	944
939	960
939	977
940	18
940	193
940	387
940	505
940	520
940	556
940	587
940	602
940	647
940	712
940	743
940	746
940	768
940	770
940	793
940	794
940	799
940	817
940	843
940	878
940	926
940	932
940	982
941	110
941	419
941	488
941	491
941	510
941	538
941	545
941	668
941	680
941	721
941	737
941	776
941	824
941	838
941	840
941	910
941	928
941	931
941	966
941	978
941	988
941	994
941	995
942	60
942	68
942	115
942	128
942	154
942	222
942	274
942	291
942	301
942	477
942	506
942	546
942	567
942	604
942	634
942	639
942	673
942	733
942	799
942	800
942	818
942	876
942	900
943	47
943	48
943	85
943	96
943	306
943	320
943	331
943	352
943	361
943	438
943	537
943	601
943	616
943	667
943	686
943	692
943	696
943	739
943	772
943	889
943	938
943	939
943	960
943	977
944	73
944	203
944	211
944	334
944	473
944	502
944	541
944	542
944	543
944	615
944	627
944	736
944	757
944	825
944	846
944	847
944	850
944	868
944	871
944	882
944	939
944	951
944	953
944	976
945	117
945	130
945	303
945	369
945	387
945	423
945	505
945	551
945	587
945	675
945	712
945	726
945	768
945	770
945	799
945	817
945	895
945	916
945	929
945	932
945	937
945	974
945	982
945	997
946	23
946	54
946	74
946	102
946	107
946	141
946	153
946	367
946	382
946	479
946	513
946	525
946	536
946	608
946	610
946	702
946	890
946	914
946	923
946	936
946	950
946	953
946	958
946	964
947	49
947	69
947	76
947	88
947	228
947	328
947	355
947	440
947	465
947	469
947	523
947	565
947	583
947	590
947	657
947	674
947	695
947	754
947	831
947	853
947	871
947	935
947	954
947	995
948	72
948	194
948	401
948	420
948	505
948	535
948	611
948	629
948	641
948	645
948	679
948	714
948	744
948	763
948	766
948	851
948	857
948	879
948	901
948	951
948	952
948	969
948	996
948	1000
949	8
949	38
949	51
949	105
949	278
949	329
949	368
949	391
949	459
949	461
949	515
949	541
949	581
949	582
949	597
949	748
949	756
949	813
949	814
949	830
949	851
949	881
949	953
949	976
950	66
950	173
950	370
950	540
950	547
950	569
950	595
950	634
950	685
950	693
950	716
950	788
950	823
950	835
950	855
950	880
950	887
950	894
950	912
950	946
950	956
950	967
950	979
950	999
951	89
951	290
951	293
951	334
951	391
951	439
951	519
951	543
951	627
951	689
951	707
951	745
951	752
951	757
951	813
951	830
951	846
951	883
951	886
951	892
951	902
951	944
951	948
951	976
952	15
952	134
952	194
952	234
952	276
952	317
952	464
952	472
952	499
952	600
952	618
952	641
952	677
952	744
952	763
952	766
952	774
952	857
952	879
952	901
952	933
952	948
952	969
952	996
953	86
953	334
953	387
953	411
953	439
953	461
953	496
953	502
953	519
953	627
953	689
953	707
953	756
953	757
953	813
953	830
953	884
953	886
953	892
953	902
953	944
953	946
953	949
953	976
954	41
954	192
954	230
954	335
954	341
954	355
954	389
954	402
954	440
954	527
954	554
954	565
954	640
954	729
954	745
954	802
954	808
954	831
954	903
954	911
954	935
954	947
954	975
954	991
955	45
955	53
955	93
955	95
955	143
955	207
955	216
955	272
955	315
955	319
955	323
955	340
955	360
955	384
955	447
955	448
955	467
955	555
955	604
955	678
955	832
955	852
955	878
955	897
956	109
956	173
956	221
956	366
956	492
956	517
956	607
956	622
956	633
956	716
956	811
956	812
956	835
956	841
956	856
956	860
956	864
956	894
956	912
956	938
956	950
956	966
956	967
956	971
957	14
957	39
957	58
957	91
957	106
957	189
957	221
957	317
957	337
957	342
957	354
957	389
957	414
957	503
957	528
957	535
957	803
957	869
957	889
957	917
957	937
957	980
957	989
957	994
958	133
958	197
958	200
958	269
958	327
958	368
958	418
958	660
958	668
958	669
958	758
958	778
958	792
958	805
958	844
958	887
958	903
958	904
958	933
958	946
958	963
958	986
958	987
958	992
958	998
959	126
959	135
959	178
959	209
959	233
959	306
959	332
959	425
959	515
959	658
959	662
959	727
959	750
959	752
959	785
959	834
959	836
959	862
959	865
959	879
959	886
959	901
959	903
959	934
959	971
960	47
960	48
960	85
960	96
960	306
960	320
960	331
960	332
960	352
960	361
960	438
960	527
960	601
960	605
960	616
960	667
960	686
960	696
960	739
960	772
960	843
960	889
960	939
960	943
960	977
961	6
961	70
961	142
961	202
961	246
961	297
961	361
961	365
961	434
961	487
961	549
961	615
961	666
961	719
961	765
961	784
961	790
961	791
961	807
961	854
961	858
961	920
961	981
961	985
961	990
962	21
962	94
962	249
962	324
962	403
962	411
962	470
962	475
962	617
962	631
962	639
962	661
962	688
962	732
962	809
962	810
962	827
962	842
962	866
962	873
962	891
962	906
962	965
962	973
962	988
963	5
963	12
963	36
963	176
963	197
963	214
963	327
963	380
963	529
963	547
963	660
963	669
963	704
963	717
963	778
963	792
963	805
963	821
963	830
963	842
963	904
963	933
963	958
963	987
963	998
964	54
964	74
964	77
964	107
964	141
964	165
964	180
964	367
964	374
964	416
964	448
964	479
964	511
964	513
964	536
964	608
964	610
964	702
964	832
964	890
964	914
964	923
964	936
964	946
964	965
965	62
965	112
965	261
965	294
965	403
965	409
965	411
965	412
965	419
965	443
965	495
965	518
965	617
965	663
965	664
965	706
965	722
965	800
965	810
965	820
965	866
965	873
965	962
965	964
965	973
965	988
966	113
966	223
966	232
966	237
966	325
966	359
966	372
966	450
966	491
966	510
966	522
966	599
966	621
966	680
966	708
966	740
966	776
966	780
966	802
966	824
966	840
966	910
966	931
966	941
966	956
966	976
967	121
967	295
967	307
967	335
967	366
967	485
967	487
967	540
967	547
967	622
967	685
967	693
967	716
967	806
967	823
967	824
967	835
967	880
967	887
967	894
967	912
967	915
967	950
967	956
967	979
967	999
968	10
968	57
968	253
968	318
968	370
968	378
968	394
968	570
968	670
968	679
968	700
968	710
968	774
968	787
968	815
968	828
968	829
968	845
968	849
968	867
968	908
968	924
968	983
968	991
968	992
968	993
969	15
969	33
969	65
969	365
969	401
969	424
969	464
969	600
969	641
969	697
969	714
969	750
969	763
969	766
969	774
969	779
969	851
969	857
969	879
969	884
969	901
969	948
969	952
969	996
969	997
969	1000
970	191
970	246
970	285
970	290
970	489
970	503
970	553
970	572
970	576
970	589
970	628
970	715
970	726
970	746
970	750
970	768
970	787
970	806
970	817
970	843
970	863
970	929
970	930
970	932
970	974
970	997
971	69
971	171
971	206
971	217
971	259
971	314
971	315
971	373
971	392
971	432
971	455
971	480
971	559
971	571
971	588
971	635
971	687
971	753
971	762
971	789
971	814
971	840
971	906
971	956
971	959
971	990
972	46
972	148
972	160
972	274
972	279
972	298
972	308
972	330
972	343
972	345
972	358
972	437
972	466
972	476
972	758
972	786
972	795
972	852
972	856
972	872
972	874
972	900
972	911
972	915
972	918
972	922
972	928
973	4
973	98
973	178
973	212
973	261
973	426
973	433
973	470
973	495
973	600
973	610
973	617
973	663
973	664
973	798
973	800
973	810
973	820
973	866
973	873
973	877
973	891
973	938
973	962
973	965
973	984
973	988
974	7
974	18
974	233
974	290
974	303
974	351
974	423
974	530
974	578
974	587
974	602
974	647
974	675
974	712
974	714
974	743
974	746
974	770
974	793
974	799
974	807
974	839
974	843
974	905
974	932
974	945
974	970
975	41
975	118
975	182
975	278
975	316
975	336
975	402
975	417
975	516
975	527
975	554
975	596
975	609
975	626
975	640
975	671
975	672
975	713
975	719
975	729
975	775
975	783
975	795
975	849
975	954
975	991
975	996
976	86
976	289
976	290
976	389
976	391
976	405
976	461
976	496
976	502
976	541
976	627
976	674
976	689
976	693
976	745
976	756
976	796
976	830
976	846
976	864
976	886
976	892
976	944
976	949
976	951
976	953
976	966
977	47
977	99
977	180
977	224
977	284
977	295
977	310
977	320
977	327
977	331
977	352
977	444
977	548
977	601
977	605
977	612
977	686
977	739
977	772
977	817
977	866
977	877
977	889
977	895
977	939
977	943
977	960
978	19
978	226
978	237
978	372
978	397
978	429
978	491
978	508
978	510
978	511
978	545
978	575
978	590
978	599
978	708
978	737
978	740
978	780
978	801
978	802
978	838
978	840
978	874
978	910
978	928
978	941
978	997
979	84
979	85
979	155
979	173
979	295
979	357
979	366
979	370
979	492
979	540
979	547
979	587
979	595
979	622
979	685
979	693
979	716
979	823
979	824
979	855
979	880
979	885
979	894
979	912
979	950
979	967
979	999
980	14
980	39
980	58
980	87
980	91
980	101
980	106
980	140
980	175
980	189
980	235
980	317
980	337
980	342
980	354
980	414
980	528
980	531
980	535
980	552
980	803
980	811
980	869
980	917
980	937
980	957
980	989
980	994
981	6
981	19
981	48
981	70
981	142
981	183
981	215
981	246
981	297
981	304
981	434
981	451
981	487
981	666
981	683
981	686
981	719
981	765
981	784
981	790
981	791
981	807
981	858
981	918
981	920
981	961
981	985
981	987
982	7
982	18
982	320
982	333
982	422
982	451
982	503
982	505
982	520
982	551
982	578
982	587
982	601
982	675
982	687
982	712
982	726
982	743
982	806
982	817
982	843
982	916
982	929
982	932
982	940
982	945
982	997
982	999
983	122
983	150
983	164
983	177
983	194
983	257
983	283
983	318
983	394
983	462
983	536
983	570
983	670
983	679
983	683
983	710
983	775
983	803
983	828
983	829
983	833
983	845
983	867
983	908
983	919
983	923
983	968
983	992
984	20
984	34
984	40
984	125
984	128
984	244
984	486
984	494
984	531
984	573
984	593
984	598
984	603
984	614
984	676
984	691
984	733
984	764
984	773
984	797
984	854
984	883
984	906
984	909
984	918
984	925
984	973
984	991
985	19
985	66
985	70
985	142
985	183
985	202
985	215
985	246
985	253
985	297
985	304
985	361
985	365
985	402
985	434
985	487
985	594
985	666
985	683
985	719
985	765
985	784
985	790
985	791
985	807
985	858
985	920
985	961
985	981
986	5
986	12
986	57
986	120
986	123
986	188
986	191
986	197
986	200
986	327
986	529
986	538
986	557
986	660
986	669
986	717
986	778
986	805
986	821
986	844
986	879
986	887
986	903
986	904
986	933
986	958
986	987
986	990
986	998
987	5
987	12
987	57
987	75
987	120
987	133
987	176
987	191
987	197
987	269
987	325
987	356
987	368
987	499
987	669
987	717
987	731
987	778
987	844
987	887
987	902
987	903
987	904
987	933
987	958
987	963
987	981
987	986
987	998
988	237
988	280
988	488
988	491
988	508
988	522
988	530
988	599
988	663
988	702
988	706
988	737
988	771
988	776
988	798
988	810
988	820
988	838
988	866
988	873
988	891
988	928
988	931
988	932
988	938
988	941
988	962
988	965
988	973
989	14
989	37
989	39
989	58
989	87
989	91
989	101
989	106
989	140
989	189
989	204
989	235
989	317
989	337
989	342
989	354
989	414
989	528
989	535
989	594
989	599
989	651
989	803
989	869
989	917
989	937
989	957
989	980
989	994
990	35
990	69
990	151
990	171
990	175
990	205
990	206
990	217
990	252
990	256
990	311
990	344
990	373
990	392
990	432
990	480
990	559
990	605
990	635
990	682
990	687
990	753
990	762
990	789
990	906
990	937
990	961
990	971
990	986
991	56
991	131
991	182
991	230
991	316
991	336
991	385
991	402
991	409
991	417
991	516
991	527
991	554
991	609
991	626
991	640
991	671
991	672
991	713
991	729
991	775
991	783
991	795
991	842
991	911
991	954
991	968
991	975
991	984
992	10
992	113
992	164
992	359
992	369
992	378
992	394
992	462
992	556
992	570
992	577
992	670
992	679
992	700
992	710
992	815
992	829
992	833
992	845
992	861
992	867
992	904
992	908
992	919
992	924
992	958
992	968
992	983
992	999
993	131
993	196
993	257
993	287
993	300
993	369
993	377
993	386
993	484
993	490
993	509
993	514
993	570
993	628
993	653
993	700
993	722
993	760
993	777
993	828
993	829
993	845
993	849
993	908
993	916
993	919
993	938
993	968
993	995
994	14
994	37
994	39
994	58
994	87
994	91
994	101
994	106
994	140
994	189
994	235
994	317
994	337
994	342
994	354
994	414
994	528
994	535
994	716
994	803
994	840
994	869
994	907
994	917
994	937
994	941
994	957
994	980
994	989
995	136
995	146
995	157
995	189
995	228
995	247
995	268
995	287
995	300
995	386
995	400
995	484
995	490
995	509
995	514
995	628
995	653
995	657
995	695
995	761
995	775
995	777
995	808
995	899
995	916
995	935
995	941
995	947
995	993
996	65
996	72
996	134
996	213
996	234
996	276
996	375
996	464
996	535
996	619
996	645
996	677
996	744
996	763
996	766
996	774
996	779
996	825
996	832
996	851
996	857
996	879
996	884
996	901
996	928
996	948
996	952
996	969
996	975
996	1000
997	29
997	293
997	333
997	340
997	387
997	428
997	522
997	526
997	545
997	615
997	708
997	721
997	729
997	741
997	768
997	780
997	793
997	799
997	802
997	840
997	843
997	844
997	929
997	931
997	932
997	945
997	969
997	970
997	978
997	982
998	5
998	64
998	111
998	120
998	133
998	144
998	188
998	214
998	269
998	356
998	380
998	529
998	660
998	669
998	704
998	717
998	777
998	778
998	805
998	841
998	844
998	887
998	896
998	903
998	904
998	933
998	958
998	963
998	986
998	987
999	20
999	66
999	121
999	307
999	357
999	366
999	424
999	492
999	540
999	569
999	584
999	595
999	622
999	685
999	693
999	716
999	823
999	824
999	835
999	855
999	880
999	887
999	894
999	916
999	938
999	950
999	967
999	979
999	982
999	992
1000	15
1000	65
1000	151
1000	179
1000	213
1000	276
1000	366
1000	420
1000	424
1000	431
1000	464
1000	505
1000	535
1000	600
1000	641
1000	645
1000	697
1000	699
1000	744
1000	754
1000	774
1000	779
1000	787
1000	851
1000	884
1000	891
1000	901
1000	948
1000	969
1000	996
