1	774
1	836
1	853
1	873
1	971
2	540
2	569
2	897
2	966
2	984
3	293
3	466
3	578
3	826
3	989
4	201
4	749
4	875
4	967
4	1000
5	8
5	858
5	875
5	881
5	915
6	413
6	653
6	878
6	936
6	990
7	720
7	726
7	793
7	940
7	976
8	5
8	453
8	798
8	915
8	950
9	743
9	792
9	860
9	891
9	955
10	415
10	717
10	838
10	855
10	888
11	598
11	619
11	728
11	900
11	997
12	35
12	538
12	745
12	893
12	947
13	69
13	74
13	593
13	724
13	814
14	156
14	489
14	598
14	896
14	900
15	439
15	688
15	751
15	830
15	919
16	207
16	323
16	500
16	773
16	848
17	700
17	784
17	853
17	869
17	972
18	448
18	647
18	874
18	880
18	933
19	423
19	659
19	825
19	908
19	911
20	463
20	691
20	880
20	985
20	986
21	111
21	686
21	761
21	773
21	907
22	252
22	332
22	359
22	738
22	769
23	695
23	743
23	860
23	891
23	964
24	352
24	795
24	958
24	970
24	996
25	536
25	581
25	885
25	912
25	918
26	685
26	845
26	904
26	952
26	963
27	717
27	814
27	838
27	855
27	888
28	628
28	714
28	731
28	945
28	955
29	841
29	857
29	866
29	894
29	922
30	273
30	822
30	871
30	914
30	923
31	130
31	338
31	716
31	822
31	877
32	81
32	211
32	436
32	959
32	987
33	330
33	515
33	625
33	775
33	837
34	382
34	761
34	907
34	969
34	995
35	12
35	490
35	822
35	947
35	971
36	658
36	733
36	770
36	803
36	982
37	450
37	674
37	681
37	709
37	894
38	70
38	484
38	925
38	933
38	985
39	382
39	459
39	614
39	896
39	989
40	336
40	454
40	923
40	971
40	982
41	497
41	601
41	917
41	923
41	930
42	323
42	624
42	910
42	929
42	981
43	274
43	377
43	601
43	917
43	931
44	780
44	854
44	887
44	905
44	998
45	357
45	463
45	557
45	892
45	995
46	600
46	729
46	890
46	924
46	961
47	701
47	738
47	796
47	951
47	987
48	319
48	379
48	503
48	614
48	989
49	156
49	848
49	947
49	982
49	994
50	685
50	739
50	768
50	815
50	887
51	395
51	603
51	914
51	971
51	982
52	358
52	374
52	751
52	862
52	940
53	714
53	720
53	775
53	837
53	955
54	114
54	558
54	633
54	902
54	953
55	739
55	851
55	872
55	952
55	995
56	434
56	798
56	858
56	881
56	915
57	147
57	212
57	484
57	933
57	985
58	563
58	802
58	804
58	846
58	984
59	93
59	436
59	788
59	864
59	882
60	363
60	817
60	872
60	952
60	961
61	143
61	178
61	240
61	432
61	854
62	356
62	481
62	679
62	932
62	963
63	410
63	785
63	857
63	890
63	894
64	678
64	696
64	697
64	865
64	962
65	365
65	954
65	960
65	978
65	991
66	455
66	924
66	946
66	958
66	996
67	286
67	571
67	740
67	848
67	964
68	276
68	737
68	801
68	921
68	926
69	13
69	180
69	240
69	593
69	724
70	38
70	463
70	706
70	712
70	995
71	168
71	643
71	704
71	791
71	926
72	543
72	708
72	745
72	852
72	970
73	380
73	435
73	902
73	925
73	953
74	13
74	373
74	568
74	593
74	724
75	539
75	677
75	741
75	806
75	983
76	458
76	896
76	909
76	929
76	944
77	141
77	329
77	687
77	771
77	976
78	374
78	482
78	547
78	762
78	781
79	643
79	734
79	737
79	813
79	841
80	110
80	350
80	540
80	866
80	984
81	32
81	320
81	635
81	951
81	959
82	440
82	808
82	835
82	937
82	982
83	688
83	742
83	790
83	940
83	974
84	491
84	674
84	681
84	709
84	881
85	835
85	842
85	901
85	952
85	991
86	830
86	838
86	855
86	888
86	919
87	689
87	729
87	840
87	924
87	961
88	820
88	841
88	856
88	913
88	942
89	203
89	823
89	943
89	951
89	987
90	925
90	936
90	939
90	953
90	983
91	558
91	688
91	693
91	718
91	890
92	607
92	829
92	883
92	927
92	973
93	59
93	525
93	864
93	882
93	884
94	173
94	245
94	527
94	966
94	968
95	383
95	905
95	920
95	965
95	998
96	786
96	845
96	850
96	940
96	972
97	573
97	841
97	857
97	916
97	987
98	332
98	598
98	660
98	723
98	905
99	138
99	549
99	652
99	654
99	834
100	428
100	932
100	936
100	990
100	1000
101	219
101	378
101	486
101	907
101	978
102	217
102	544
102	581
102	588
102	912
103	460
103	748
103	943
103	959
103	987
104	524
104	617
104	848
104	874
104	973
105	229
105	683
105	967
105	979
105	990
106	647
106	712
106	863
106	933
106	988
107	298
107	682
107	853
107	911
107	956
108	513
108	541
108	680
108	718
108	813
109	284
109	304
109	696
109	697
109	962
110	80
110	533
110	669
110	981
110	984
111	21
111	288
111	550
111	699
111	907
112	177
112	238
112	333
112	738
112	769
113	622
113	918
113	922
113	924
113	961
114	54
114	710
114	771
114	925
114	953
115	448
115	620
115	746
115	785
115	996
116	562
116	563
116	566
116	772
116	826
117	607
117	694
117	859
117	939
117	983
118	417
118	608
118	847
118	877
118	982
119	772
119	903
119	990
119	991
119	1000
120	415
120	678
120	696
120	727
120	962
121	847
121	947
121	971
121	974
121	994
122	544
122	579
122	581
122	682
122	912
123	628
123	714
123	731
123	927
123	955
124	300
124	622
124	868
124	916
124	922
125	293
125	906
125	980
125	981
125	984
126	703
126	790
126	875
126	932
126	944
127	666
127	920
127	937
127	965
127	998
128	447
128	500
128	543
128	638
128	939
129	287
129	308
129	704
129	726
129	983
130	31
130	416
130	847
130	914
130	971
131	541
131	706
131	712
131	804
131	863
132	166
132	369
132	707
132	811
132	978
133	249
133	698
133	832
133	896
133	997
134	570
134	878
134	950
134	988
134	1000
135	349
135	603
135	814
135	971
135	994
136	615
136	644
136	789
136	807
136	986
137	275
137	684
137	821
137	941
137	981
138	99
138	521
138	584
138	834
138	930
139	449
139	703
139	949
139	977
139	992
140	445
140	551
140	801
140	851
140	872
141	77
141	312
141	528
141	937
141	965
142	322
142	621
142	630
142	826
142	840
143	61
143	326
143	835
143	906
143	993
144	707
144	811
144	886
144	889
144	960
145	498
145	722
145	827
145	828
145	880
146	318
146	424
146	574
146	800
146	870
147	57
147	858
147	881
147	967
147	1000
148	475
148	562
148	870
148	989
148	994
149	517
149	562
149	578
149	879
149	989
150	556
150	632
150	805
150	848
150	975
151	232
151	318
151	782
151	954
151	978
152	678
152	857
152	894
152	895
152	922
153	591
153	846
153	919
153	980
153	984
154	684
154	962
154	995
154	998
154	999
155	811
155	886
155	934
155	954
155	970
156	14
156	49
156	923
156	947
156	994
157	623
157	685
157	777
157	834
157	982
158	415
158	678
158	696
158	962
158	988
159	471
159	480
159	618
159	781
159	853
160	501
160	548
160	722
160	849
160	970
161	747
161	804
161	881
161	920
161	998
162	299
162	328
162	640
162	966
162	968
163	616
163	847
163	988
163	995
163	999
164	610
164	776
164	793
164	824
164	942
165	627
165	874
165	880
165	961
165	985
166	132
166	541
166	604
166	645
166	680
167	220
167	878
167	914
167	967
167	990
168	71
168	771
168	781
168	871
168	926
169	176
169	288
169	907
169	988
169	995
170	450
170	483
170	674
170	681
170	709
171	812
171	949
171	960
171	977
171	992
172	473
172	501
172	729
172	852
172	996
173	94
173	523
173	720
173	945
173	976
174	217
174	263
174	478
174	568
174	724
175	428
175	668
175	911
175	935
175	956
176	169
176	360
176	767
176	951
176	987
177	112
177	537
177	649
177	864
177	884
178	61
178	743
178	860
178	891
178	948
179	406
179	749
179	903
179	951
179	990
180	69
180	366
180	478
180	724
180	913
181	316
181	712
181	907
181	995
181	999
182	489
182	680
182	698
182	896
182	900
183	291
183	554
183	602
183	721
183	956
184	708
184	764
184	879
184	958
184	996
185	565
185	574
185	807
185	853
185	989
186	717
186	838
186	855
186	888
186	934
187	515
187	540
187	805
187	846
187	984
188	258
188	337
188	589
188	704
188	874
189	242
189	646
189	669
189	778
189	984
190	452
190	471
190	480
190	762
190	858
191	324
191	838
191	855
191	971
191	994
192	597
192	725
192	864
192	882
192	884
193	513
193	604
193	645
193	680
193	870
194	216
194	722
194	877
194	974
194	986
195	663
195	833
195	944
195	977
195	983
196	727
196	751
196	797
196	862
196	904
197	409
197	492
197	597
197	882
197	884
198	506
198	562
198	578
198	614
198	761
199	488
199	835
199	904
199	942
199	952
200	450
200	710
200	925
200	953
200	992
201	4
201	887
201	934
201	970
201	996
202	684
202	686
202	943
202	982
202	987
203	89
203	841
203	894
203	916
203	922
204	287
204	523
204	742
204	799
204	965
205	241
205	480
205	618
205	762
205	781
206	444
206	595
206	626
206	881
206	915
207	16
207	254
207	541
207	827
207	828
208	465
208	775
208	837
208	903
208	1000
209	738
209	769
209	772
209	899
209	934
210	787
210	865
210	905
210	909
210	929
211	32
211	345
211	823
211	959
211	979
211	987
212	57
212	260
212	589
212	712
212	856
212	933
213	641
213	841
213	894
213	895
213	916
213	928
214	306
214	418
214	577
214	642
214	750
214	880
215	408
215	483
215	696
215	697
215	962
215	974
216	194
216	789
216	825
216	886
216	908
216	986
217	102
217	174
217	243
217	529
217	579
217	581
218	378
218	611
218	744
218	818
218	888
218	954
219	101
219	486
219	651
219	886
219	953
219	960
220	167
220	544
220	772
220	950
220	979
220	990
221	685
221	739
221	815
221	851
221	876
221	952
222	397
222	421
222	689
222	729
222	930
222	961
223	264
223	594
223	662
223	746
223	785
223	989
224	484
224	775
224	783
224	837
224	861
224	933
225	479
225	517
225	801
225	810
225	926
225	963
226	695
226	743
226	860
226	891
226	948
226	994
227	317
227	464
227	473
227	577
227	642
227	750
228	660
228	723
228	754
228	854
228	920
228	998
229	105
229	440
229	441
229	671
229	963
229	993
230	346
230	433
230	444
230	858
230	878
230	915
231	270
231	617
231	816
231	829
231	973
231	975
232	151
232	338
232	645
232	744
232	819
232	954
233	470
233	594
233	620
233	662
233	682
233	785
234	337
234	677
234	741
234	818
234	939
234	983
235	489
235	518
235	641
235	698
235	728
235	896
236	278
236	688
236	693
236	861
236	940
236	972
237	538
237	893
237	920
237	956
237	994
237	998
238	112
238	339
238	389
238	416
238	738
238	769
239	391
239	569
239	619
239	637
239	827
239	828
240	61
240	69
240	266
240	854
240	920
240	965
241	205
241	676
241	734
241	745
241	938
241	996
242	189
242	556
242	590
242	802
242	846
242	984
243	217
243	666
243	780
243	920
243	965
243	998
244	449
244	892
244	913
244	928
244	942
244	948
245	94
245	430
245	789
245	897
245	966
245	968
246	381
246	854
246	866
246	965
246	979
246	998
247	400
247	701
247	748
247	796
247	986
247	987
248	561
248	636
248	757
248	763
248	840
248	980
249	133
249	429
249	771
249	896
249	900
249	997
250	776
250	820
250	877
250	892
250	913
250	942
251	334
251	513
251	601
251	797
251	861
251	919
252	22
252	333
252	389
252	738
252	758
252	769
253	272
253	491
253	674
253	681
253	709
253	895
254	207
254	408
254	585
254	607
254	709
254	964
255	659
255	762
255	781
255	825
255	971
255	986
256	650
256	662
256	739
256	768
256	851
256	889
257	367
257	402
257	596
257	615
257	908
257	986
258	188
258	573
258	712
258	863
258	874
258	929
259	376
259	394
259	594
259	692
259	924
259	961
260	212
260	804
260	813
260	874
260	880
260	985
261	569
261	619
261	637
261	827
261	828
261	834
262	388
262	479
262	659
262	789
262	825
262	908
263	174
263	315
263	778
263	927
263	928
263	990
264	223
264	410
264	487
264	662
264	746
264	827
265	400
265	465
265	722
265	829
265	975
265	976
266	240
266	577
266	750
266	859
266	905
266	998
267	320
267	794
267	823
267	943
267	959
267	987
268	589
268	592
268	673
268	788
268	874
268	985
269	704
269	734
269	871
269	921
269	940
269	945
270	231
270	485
270	545
270	794
270	911
270	917
271	317
271	418
271	587
271	607
271	642
271	750
272	253
272	491
272	674
272	681
272	709
272	732
273	30
273	730
273	872
273	877
273	923
273	947
274	43
274	285
274	755
274	839
274	931
274	933
275	137
275	616
275	907
275	954
275	995
275	999
276	68
276	894
276	895
276	916
276	922
276	945
277	814
277	877
277	893
277	914
277	921
277	923
278	236
278	586
278	716
278	770
278	788
278	962
279	682
279	721
279	827
279	828
279	917
279	962
280	344
280	545
280	911
280	917
280	935
280	956
281	465
281	520
281	585
281	617
281	973
281	974
282	290
282	661
282	716
282	907
282	988
282	999
283	296
283	451
283	625
283	775
283	837
283	950
284	109
284	483
284	678
284	697
284	774
284	962
285	274
285	601
285	721
285	917
285	956
285	969
286	67
286	740
286	778
286	848
286	958
286	973
287	129
287	204
287	364
287	759
287	771
287	976
288	111
288	169
288	635
288	909
288	969
288	988
289	497
289	752
289	799
289	919
289	940
289	972
290	282
290	297
290	635
290	684
290	969
290	988
291	183
291	475
291	878
291	879
291	936
291	979
292	774
292	844
292	853
292	869
292	873
292	991
293	3
293	125
293	669
293	846
293	981
293	984
294	735
294	910
294	929
294	935
294	966
294	968
295	402
295	562
295	613
295	856
295	859
295	939
296	283
296	451
296	625
296	775
296	837
296	942
297	290
297	535
297	695
297	792
297	860
297	891
298	107
298	396
298	682
298	721
298	930
298	956
299	162
299	505
299	619
299	637
299	827
299	828
300	124
300	518
300	529
300	579
300	581
300	839
301	626
301	813
301	921
301	926
301	945
301	980
302	758
302	902
302	909
302	910
302	929
302	997
303	624
303	918
303	964
303	973
303	975
303	983
304	109
304	521
304	880
304	889
304	933
304	985
305	334
305	752
305	790
305	850
305	956
305	972
306	214
306	832
306	863
306	944
306	949
306	977
307	546
307	550
307	711
307	799
307	833
307	861
308	129
308	621
308	687
308	704
308	726
308	926
309	582
309	792
309	849
309	860
309	891
309	948
310	427
310	437
310	735
310	901
310	966
310	968
311	531
311	656
311	679
311	950
311	967
311	979
312	141
312	470
312	660
312	723
312	854
312	998
313	404
313	442
313	819
313	886
313	954
313	960
314	505
314	543
314	806
314	859
314	979
314	983
315	263
315	478
315	519
315	593
315	724
315	917
316	181
316	357
316	419
316	666
316	969
316	988
317	227
317	271
317	490
317	587
317	750
317	763
318	146
318	151
318	393
318	800
318	870
318	879
319	48
319	475
319	807
319	870
319	904
319	989
320	81
320	267
320	661
320	951
320	987
320	1000
321	463
321	526
321	542
321	797
321	850
321	862
322	142
322	417
322	754
322	763
322	840
322	927
323	16
323	42
323	524
323	878
323	973
323	974
324	191
324	796
324	845
324	934
324	943
324	951
325	660
325	702
325	838
325	866
325	905
325	998
326	143
326	622
326	627
326	894
326	895
326	916
327	615
327	634
327	644
327	789
327	894
327	986
328	162
328	640
328	901
328	966
328	968
328	977
329	77
329	458
329	821
329	827
329	828
329	976
330	33
330	361
330	451
330	686
330	775
330	837
331	595
331	612
331	715
331	843
331	898
331	977
332	22
332	98
332	780
332	905
332	920
332	998
333	112
333	252
333	359
333	738
333	769
333	980
334	251
334	305
334	358
334	752
334	816
334	862
335	554
335	659
335	721
335	911
335	930
335	956
336	40
336	428
336	839
336	917
336	930
336	931
337	188
337	234
337	484
337	880
337	933
337	985
338	31
338	232
338	603
338	608
338	814
338	877
339	238
339	359
339	389
339	738
339	769
339	885
340	759
340	764
340	867
340	922
340	958
340	996
341	421
341	531
341	903
341	932
341	967
341	1000
342	574
342	717
342	838
342	855
342	876
342	888
343	511
343	605
343	941
343	988
343	995
343	999
344	280
344	362
344	812
344	832
344	833
344	992
345	211
345	572
345	628
345	714
345	731
345	955
346	230
346	595
346	630
346	747
346	881
346	915
347	420
347	507
347	615
347	908
347	980
347	986
348	669
348	693
348	707
348	744
348	960
348	978
349	135
349	519
349	789
349	908
349	980
349	986
350	80
350	507
350	825
350	908
350	980
350	986
351	406
351	651
351	707
351	954
351	960
351	978
352	24
352	842
352	898
352	928
352	937
352	991
353	767
353	822
353	845
353	951
353	959
353	987
354	508
354	565
354	826
354	879
354	954
354	989
355	434
355	672
355	877
355	925
355	982
355	994
356	62
356	733
356	760
356	770
356	803
356	957
357	45
357	316
357	665
357	962
357	988
357	999
358	52
358	334
358	690
358	711
358	742
358	757
359	22
359	333
359	339
359	457
359	738
359	769
360	176
360	639
360	753
360	943
360	951
360	959
361	330
361	451
361	625
361	779
361	829
361	837
362	344
362	560
362	575
362	663
362	843
362	949
363	60
363	768
363	815
363	872
363	889
363	920
364	287
364	810
364	926
364	945
364	972
364	976
365	65
365	782
365	819
365	881
365	954
365	978
366	180
366	401
366	478
366	548
366	593
366	724
367	257
367	507
367	596
367	980
367	986
367	993
368	639
368	641
368	857
368	868
368	895
368	922
369	132
369	388
369	811
369	819
369	886
369	938
369	961
370	676
370	841
370	894
370	895
370	916
370	922
370	969
371	385
371	595
371	747
371	798
371	858
371	881
371	915
372	663
372	702
372	715
372	756
372	944
372	991
372	992
373	74
373	485
373	572
373	714
373	731
373	955
373	986
374	52
374	78
374	756
374	781
374	832
374	833
374	903
375	508
375	546
375	647
375	688
375	742
375	790
375	940
376	259
376	397
376	421
376	689
376	894
376	924
376	961
377	43
377	675
377	748
377	845
377	951
377	959
377	968
378	101
378	218
378	755
378	782
378	886
378	960
378	978
379	48
379	446
379	925
379	953
379	965
379	992
379	998
380	73
380	717
380	902
380	917
380	925
380	953
380	992
381	246
381	411
381	723
381	780
381	920
381	965
381	990
382	34
382	39
382	566
382	614
382	807
382	870
382	989
383	95
383	396
383	640
383	897
383	901
383	966
383	968
384	402
384	447
384	543
384	629
384	694
384	818
384	983
385	371
385	555
385	664
385	898
385	904
385	928
385	963
386	409
386	482
386	649
386	786
386	860
386	864
386	884
387	596
387	638
387	656
387	670
387	673
387	777
387	834
388	262
388	369
388	519
388	825
388	908
388	947
388	986
389	238
389	252
389	339
389	590
389	738
389	769
389	919
390	761
390	906
390	941
390	946
390	969
390	981
390	999
391	239
391	733
391	760
391	770
391	803
391	938
391	957
392	416
392	561
392	621
392	749
392	757
392	763
392	840
393	318
393	574
393	752
393	800
393	826
393	870
393	989
394	259
394	421
394	474
394	533
394	692
394	924
394	961
395	51
395	446
395	723
395	905
395	920
395	965
395	998
396	298
396	383
396	521
396	522
396	901
396	966
396	968
397	222
397	376
397	511
397	692
397	840
397	924
397	961
398	766
398	806
398	859
398	920
398	935
398	939
398	983
399	787
399	847
399	865
399	894
399	909
399	910
399	929
400	247
400	265
400	407
400	767
400	845
400	943
400	959
401	366
401	579
401	859
401	946
401	981
401	983
401	988
402	257
402	295
402	384
402	677
402	806
402	818
402	983
403	416
403	561
403	636
403	757
403	763
403	797
403	955
404	313
404	717
404	830
404	838
404	855
404	888
404	939
405	496
405	555
405	650
405	713
405	842
405	906
405	963
406	179
406	351
406	936
406	950
406	979
406	990
406	1000
407	400
407	734
407	736
407	902
407	912
407	925
407	953
408	215
408	254
408	821
408	903
408	936
408	950
408	975
409	197
409	386
409	597
409	864
409	873
409	882
409	884
410	63
410	264
410	448
410	594
410	620
410	730
410	785
411	381
411	747
411	780
411	798
411	858
411	881
411	915
412	419
412	657
412	799
412	847
412	940
412	971
412	988
413	6
413	541
413	604
413	645
413	680
413	718
413	833
414	611
414	717
414	783
414	838
414	876
414	888
414	977
415	10
415	120
415	158
415	424
415	608
415	678
415	697
416	130
416	238
416	392
416	403
416	839
416	840
416	955
417	118
417	322
417	517
417	687
417	871
417	926
417	945
418	214
418	271
418	490
418	587
418	642
418	750
418	885
419	316
419	412
419	480
419	941
419	946
419	981
419	999
420	347
420	621
420	630
420	757
420	763
420	931
420	955
421	222
421	341
421	376
421	394
421	863
421	924
421	961
422	748
422	753
422	796
422	823
422	845
422	888
422	959
423	19
423	503
423	519
423	634
423	644
423	908
423	986
424	146
424	415
424	483
424	667
424	678
424	696
424	697
425	589
425	724
425	841
425	894
425	895
425	988
425	999
426	450
426	667
426	711
426	842
426	906
426	927
426	937
427	310
427	469
427	539
427	897
427	966
427	968
427	972
428	100
428	175
428	336
428	725
428	794
428	833
428	931
429	249
429	606
429	698
429	728
429	730
429	896
429	900
430	245
430	527
430	897
430	901
430	947
430	966
430	968
431	647
431	712
431	783
431	863
431	874
431	880
431	904
432	61
432	703
432	898
432	904
432	928
432	937
432	993
433	230
433	791
433	813
433	824
433	856
433	913
433	942
434	56
434	355
434	657
434	847
434	982
434	992
434	994
435	73
435	539
435	735
435	805
435	897
435	901
435	968
436	32
436	59
436	599
436	649
436	864
436	882
436	884
437	310
437	557
437	788
437	907
437	946
437	995
437	999
438	475
438	503
438	514
438	807
438	870
438	879
438	989
439	15
439	865
439	909
439	910
439	929
439	984
439	997
440	82
440	229
440	611
440	786
440	928
440	991
440	993
441	229
441	464
441	732
441	814
441	914
441	923
441	982
442	313
442	512
442	522
442	811
442	818
442	960
442	978
443	583
443	618
443	762
443	774
443	781
443	974
443	975
444	206
444	230
444	576
444	595
444	798
444	858
444	915
445	140
445	650
445	685
445	739
445	795
445	851
445	889
446	379
446	395
446	702
446	854
446	920
446	998
446	999
447	128
447	384
447	613
447	655
447	694
447	741
447	746
448	18
448	115
448	410
448	662
448	694
448	746
448	785
449	139
449	244
449	864
449	882
449	884
449	892
449	913
450	37
450	170
450	200
450	426
450	674
450	681
450	709
451	283
451	296
451	330
451	361
451	625
451	837
451	903
452	190
452	480
452	502
452	547
452	618
452	762
452	781
453	8
453	747
453	798
453	847
453	881
453	915
453	977
454	40
454	468
454	657
454	672
454	877
454	990
454	994
455	66
455	511
455	533
455	705
455	888
455	961
455	992
456	658
456	733
456	760
456	770
456	803
456	955
456	957
457	359
457	502
457	766
457	791
457	913
457	948
457	983
458	76
458	329
458	598
458	728
458	730
458	900
458	997
459	39
459	514
459	578
459	675
459	879
459	962
459	989
460	103
460	787
460	865
460	909
460	910
460	929
460	948
461	637
461	658
461	760
461	803
461	827
461	828
461	957
462	571
462	842
462	906
462	928
462	991
462	993
462	1000
463	20
463	45
463	70
463	321
463	514
463	985
463	988
464	227
464	441
464	499
464	822
464	923
464	982
464	994
465	208
465	265
465	281
465	524
465	583
465	918
465	973
466	3
466	469
466	506
466	510
466	565
466	800
466	907
467	582
467	695
467	743
467	792
467	860
467	891
467	948
468	454
468	657
468	914
468	971
468	982
468	989
468	994
469	427
469	466
469	735
469	897
469	901
469	966
469	968
470	233
470	312
470	484
470	487
470	662
470	746
470	785
471	159
471	190
471	480
471	547
471	618
471	675
471	762
471	781
472	609
472	720
472	726
472	737
472	921
472	942
472	975
472	976
473	172
473	227
473	759
473	795
473	849
473	852
473	934
473	970
474	394
474	600
474	692
474	729
474	924
474	947
474	961
474	968
475	148
475	291
475	319
475	438
475	514
475	800
475	826
475	973
476	600
476	668
476	836
476	844
476	853
476	869
476	873
476	989
477	787
477	846
477	865
477	909
477	910
477	923
477	929
477	997
478	174
478	180
478	315
478	366
478	568
478	593
478	724
478	744
479	225
479	262
479	523
479	720
479	771
479	810
479	889
479	945
480	159
480	190
480	205
480	419
480	452
480	471
480	762
480	781
481	62
481	792
481	808
481	842
481	927
481	928
481	991
481	993
482	78
482	386
482	537
482	597
482	635
482	649
482	882
482	884
483	170
483	215
483	284
483	424
483	696
483	697
483	787
483	962
484	38
484	57
484	224
484	337
484	470
484	863
484	880
484	985
485	270
485	373
485	554
485	691
485	699
485	911
485	930
485	931
486	101
486	219
486	886
486	938
486	954
486	959
486	960
486	978
487	264
487	470
487	537
487	594
487	620
487	662
487	746
487	785
488	199
488	639
488	719
488	842
488	924
488	927
488	963
488	991
489	14
489	182
489	235
489	817
489	831
489	896
489	900
489	964
490	35
490	317
490	418
490	577
490	587
490	642
490	707
490	750
491	84
491	253
491	272
491	674
491	681
491	709
491	913
491	932
492	197
492	508
492	690
492	790
492	802
492	850
492	861
492	940
493	606
493	760
493	770
493	775
493	779
493	803
493	837
493	981
494	512
494	811
494	819
494	875
494	886
494	954
494	960
494	998
495	516
495	746
495	752
495	829
495	883
495	918
495	964
495	973
496	405
496	744
496	886
496	938
496	954
496	960
496	973
496	978
497	41
497	289
497	545
497	602
497	682
497	755
497	911
497	930
498	145
498	673
498	706
498	874
498	889
498	933
498	985
498	987
499	464
499	538
499	723
499	847
499	914
499	967
499	982
499	994
500	16
500	128
500	677
500	741
500	859
500	939
500	983
500	985
501	160
501	172
501	676
501	820
501	849
501	888
501	899
501	996
502	452
502	457
502	589
502	691
502	783
502	804
502	889
502	985
503	48
503	423
503	438
503	510
503	514
503	540
503	614
503	870
504	710
504	736
504	902
504	906
504	912
504	953
504	985
504	992
505	299
505	314
505	694
505	741
505	766
505	806
505	824
505	983
506	198
506	466
506	562
506	563
506	800
506	807
506	975
506	989
507	347
507	350
507	367
507	634
507	789
507	864
507	980
507	986
508	354
508	375
508	492
508	526
508	808
508	890
508	940
508	972
509	576
509	798
509	823
509	858
509	881
509	915
509	938
509	987
510	466
510	503
510	563
510	740
510	807
510	879
510	939
510	989
511	343
511	397
511	455
511	599
511	729
511	808
511	924
511	961
512	442
512	494
512	565
512	707
512	819
512	954
512	960
512	969
513	108
513	193
513	251
513	541
513	604
513	645
513	680
513	968
514	438
514	459
514	463
514	475
514	503
514	562
514	614
514	989
515	33
515	187
515	530
515	590
515	646
515	660
515	804
515	984
516	495
516	580
516	821
516	848
516	917
516	918
516	958
516	964
517	149
517	225
517	417
517	609
517	786
517	801
517	921
517	976
518	235
518	300
518	529
518	532
518	544
518	579
518	581
518	912
519	315
519	349
519	388
519	423
519	634
519	644
519	908
519	986
520	281
520	665
520	776
520	791
520	824
520	856
520	913
520	942
521	138
521	304
521	396
521	549
521	631
521	656
521	777
521	834
522	396
522	442
522	539
522	897
522	901
522	929
522	966
522	968
523	173
523	204
523	479
523	643
523	745
523	813
523	926
523	973
524	104
524	323
524	465
524	607
524	821
524	883
524	899
524	974
525	93
525	726
525	754
525	771
525	801
525	921
525	926
525	976
526	321
526	508
526	720
526	727
526	742
526	797
526	799
526	919
527	94
527	430
527	529
527	706
527	897
527	901
527	966
527	968
528	141
528	589
528	713
528	842
528	927
528	937
528	991
528	993
529	217
529	300
529	518
529	527
529	544
529	579
529	912
529	957
530	515
530	540
530	591
530	804
530	825
530	847
530	866
530	980
531	311
531	341
531	803
531	932
531	936
531	979
531	990
531	1000
532	518
532	553
532	820
532	856
532	892
532	913
532	942
532	999
533	110
533	394
533	455
533	600
533	689
533	692
533	961
533	997
534	580
534	857
534	864
534	882
534	884
534	885
534	916
534	922
535	297
535	792
535	798
535	858
535	891
535	915
535	916
535	931
536	25
536	758
536	787
536	837
536	909
536	910
536	929
536	997
537	177
537	482
537	487
537	790
537	796
537	864
537	882
537	884
538	12
538	237
538	499
538	657
538	855
538	893
538	947
538	982
538	988
539	75
539	427
539	435
539	522
539	563
539	735
539	901
539	966
539	968
540	2
540	80
540	187
540	503
540	530
540	646
540	846
540	948
540	984
541	108
541	131
541	166
541	207
541	413
541	513
541	604
541	645
541	680
542	321
542	546
542	690
542	717
542	742
542	790
542	850
542	862
542	960
543	72
543	128
543	314
543	384
543	694
543	741
543	766
543	859
543	939
544	102
544	122
544	220
544	518
544	529
544	570
544	579
544	811
544	912
545	270
545	280
545	497
545	794
545	796
545	839
545	922
545	931
545	956
546	307
546	375
546	542
546	711
546	742
546	850
546	919
546	945
546	972
547	78
547	452
547	471
547	618
547	762
547	781
547	790
547	801
547	950
548	160
548	366
548	602
548	682
548	755
548	794
548	911
548	930
548	956
549	99
549	521
549	606
549	631
549	664
549	670
549	727
549	777
549	834
550	111
550	307
550	605
550	730
550	896
550	900
550	969
550	995
550	997
551	140
551	650
551	744
551	768
551	815
551	817
551	851
551	889
551	959
552	572
552	628
552	714
552	729
552	731
552	809
552	955
553	532
553	665
553	709
553	820
553	824
553	892
553	941
553	942
553	949
554	183
554	335
554	485
554	577
554	839
554	879
554	930
554	931
554	956
555	385
555	405
555	667
555	764
555	808
555	838
555	898
555	928
555	993
556	150
556	242
556	585
556	643
556	740
556	805
556	883
556	973
556	975
557	45
557	437
557	616
557	757
557	886
557	946
557	957
557	969
557	995
558	54
558	91
558	688
558	711
558	776
558	790
558	861
558	940
558	972
559	575
559	658
559	733
559	760
559	770
559	803
559	957
560	362
560	626
560	663
560	670
560	703
560	715
560	809
560	977
560	992
561	248
561	392
561	403
561	630
561	757
561	763
561	840
561	955
561	997
562	116
562	148
562	149
562	198
562	295
562	506
562	514
562	586
562	989
563	58
563	116
563	506
563	510
563	539
563	565
563	800
563	826
563	879
564	758
564	777
564	787
564	798
564	865
564	909
564	910
564	929
564	997
565	185
565	354
565	466
565	512
565	563
565	751
565	800
565	826
565	879
566	116
566	382
566	614
566	777
566	826
566	870
566	879
566	979
566	989
567	759
567	887
567	896
567	899
567	934
567	938
567	970
567	982
567	996
568	74
568	174
568	478
568	724
568	782
568	812
568	944
568	949
568	1000
569	2
569	239
569	261
569	608
569	616
569	619
569	637
569	827
569	828
570	134
570	544
570	640
570	772
570	903
570	932
570	936
570	950
570	990
571	67
571	462
571	639
571	673
571	808
571	904
571	927
571	937
571	963
572	345
572	373
572	552
572	594
572	628
572	714
572	731
572	927
572	955
573	97
573	258
573	622
573	641
573	747
573	841
573	857
573	916
573	922
574	146
574	185
574	342
574	393
574	620
574	800
574	826
574	870
574	879
575	362
575	559
575	679
575	831
575	932
575	936
575	967
575	979
575	1000
576	444
576	509
576	675
576	748
576	753
576	796
576	823
576	895
576	951
577	214
577	227
577	266
577	490
577	554
577	587
577	596
577	642
577	750
578	3
578	149
578	198
578	459
578	691
578	800
578	807
578	870
578	896
579	122
579	217
579	300
579	401
579	518
579	529
579	544
579	697
579	912
580	516
580	534
580	617
580	700
580	779
580	918
580	935
580	964
580	975
581	25
581	102
581	122
581	217
581	300
581	518
581	698
581	873
581	912
582	309
582	467
582	695
582	743
582	792
582	860
582	885
582	891
582	948
583	443
583	465
583	740
583	778
583	783
583	805
583	816
583	926
583	964
584	138
584	631
584	638
584	654
584	656
584	777
584	834
584	867
584	888
585	254
585	281
585	556
585	741
585	805
585	821
585	918
585	935
585	974
586	278
586	562
586	753
586	788
586	932
586	950
586	962
586	967
586	990
587	271
587	317
587	418
587	490
587	577
587	642
587	750
587	835
587	846
588	102
588	703
588	809
588	821
588	883
588	885
588	944
588	964
588	977
589	188
589	212
589	268
589	425
589	502
589	528
589	673
589	933
589	985
590	242
590	389
590	515
590	591
590	644
590	669
590	802
590	981
590	984
591	153
591	530
591	590
591	646
591	802
591	846
591	980
591	981
591	984
592	268
592	598
592	700
592	774
592	836
592	844
592	853
592	869
592	873
593	13
593	69
593	74
593	315
593	366
593	478
593	724
593	821
593	985
594	223
594	233
594	259
594	410
594	487
594	572
594	620
594	746
594	785
595	206
595	331
595	346
595	371
595	444
595	747
595	858
595	881
595	915
596	257
596	367
596	387
596	577
596	631
596	638
596	777
596	875
596	908
597	192
597	197
597	409
597	482
597	649
597	806
597	864
597	882
597	884
598	11
598	14
598	98
598	458
598	592
598	730
598	817
598	900
598	997
599	436
599	511
599	902
599	924
599	925
599	931
599	953
599	961
599	992
600	46
600	474
600	476
600	533
600	692
600	705
600	891
600	924
600	961
601	41
601	43
601	251
601	285
601	755
601	839
601	917
601	931
601	952
601	956
602	183
602	497
602	548
602	791
602	882
602	911
602	917
602	930
602	931
602	935
603	51
603	135
603	338
603	627
603	636
603	814
603	822
603	850
603	982
603	994
604	166
604	193
604	413
604	513
604	541
604	645
604	680
604	718
604	893
604	997
605	343
605	550
605	686
605	716
605	758
605	761
605	946
605	969
605	992
605	999
606	429
606	493
606	549
606	654
606	670
606	734
606	834
606	902
606	925
606	953
607	92
607	117
607	254
607	271
607	524
607	722
607	778
607	829
607	885
607	975
608	118
608	338
608	415
608	569
608	626
608	643
608	754
608	871
608	923
608	947
609	472
609	517
609	641
609	663
609	687
609	704
609	734
609	810
609	871
609	976
610	164
610	612
610	655
610	756
610	806
610	809
610	890
610	939
610	977
610	983
611	218
611	414
611	440
611	644
611	717
611	830
611	838
611	855
611	876
611	888
612	331
612	610
612	715
612	783
612	809
612	832
612	833
612	938
612	944
612	977
613	295
613	447
613	655
613	669
613	766
613	806
613	818
613	939
613	941
613	983
614	39
614	48
614	198
614	382
614	503
614	514
614	566
614	797
614	941
614	989
615	136
615	257
615	327
615	347
615	634
615	775
615	862
615	908
615	980
615	986
616	163
616	275
616	557
616	569
616	619
616	652
616	827
616	828
616	901
616	995
617	104
617	231
617	281
617	580
617	773
617	808
617	928
617	973
617	974
617	975
618	159
618	205
618	443
618	452
618	471
618	547
618	672
618	762
618	781
618	843
619	11
619	239
619	261
619	299
619	569
619	616
619	637
619	827
619	828
619	975
620	115
620	233
620	410
620	487
620	574
620	594
620	662
620	746
620	785
620	850
621	142
621	308
621	392
621	420
621	630
621	757
621	763
621	840
621	955
621	974
622	113
622	124
622	326
622	573
622	641
622	843
622	895
622	900
622	916
622	922
623	157
623	657
623	732
623	737
623	775
623	877
623	893
623	923
623	971
623	994
624	42
624	303
624	637
624	816
624	823
624	883
624	885
624	935
624	974
624	975
625	33
625	283
625	296
625	361
625	451
625	775
625	779
625	837
625	938
625	953
626	206
626	301
626	560
626	608
626	726
626	784
626	836
626	844
626	871
626	873
627	165
627	326
627	603
627	673
627	706
627	783
627	863
627	880
627	889
627	933
628	28
628	123
628	345
628	552
628	572
628	714
628	731
628	795
628	945
628	955
629	384
629	651
629	812
629	832
629	833
629	843
629	893
629	944
629	949
629	977
630	142
630	346
630	420
630	561
630	621
630	731
630	757
630	763
630	840
630	955
631	521
631	549
631	584
631	596
631	656
631	670
631	685
631	777
631	834
631	947
632	150
632	664
632	713
632	719
632	904
632	906
632	927
632	928
632	929
632	993
633	54
633	661
633	687
633	710
633	736
633	902
633	912
633	925
633	953
633	992
634	327
634	423
634	507
634	519
634	615
634	659
634	687
634	729
634	825
634	986
635	81
635	288
635	290
635	482
635	686
635	907
635	946
635	969
635	988
635	999
636	248
636	403
636	603
636	840
636	893
636	926
636	943
636	955
636	971
636	982
637	239
637	261
637	299
637	461
637	569
637	619
637	624
637	827
637	828
637	916
638	128
638	387
638	584
638	596
638	654
638	656
638	670
638	777
638	834
638	985
639	360
639	368
639	488
639	571
639	898
639	904
639	927
639	928
639	952
639	963
640	162
640	328
640	383
640	570
640	735
640	742
640	897
640	901
640	966
640	968
641	213
641	235
641	368
641	573
641	609
641	622
641	841
641	857
641	895
641	922
642	214
642	227
642	271
642	418
642	490
642	577
642	587
642	750
642	937
642	948
643	71
643	79
643	523
643	556
643	608
643	793
643	801
643	831
643	921
643	945
644	136
644	327
644	423
644	519
644	590
644	611
644	659
644	825
644	908
644	986
645	166
645	193
645	232
645	413
645	513
645	541
645	604
645	680
645	718
645	834
646	189
646	515
646	540
646	591
646	741
646	802
646	816
646	980
646	981
646	984
647	18
647	106
647	375
647	431
647	673
647	784
647	863
647	874
647	880
647	933
648	676
648	764
648	795
648	867
648	887
648	933
648	934
648	958
648	987
648	996
649	177
649	386
649	436
649	482
649	597
649	791
649	848
649	864
649	882
649	884
650	256
650	405
650	445
650	551
650	739
650	815
650	817
650	851
650	872
650	901
651	219
651	351
651	629
651	782
651	800
651	832
651	846
651	938
651	949
651	977
652	99
652	616
652	661
652	767
652	823
652	845
652	943
652	951
652	959
652	987
653	6
653	856
653	892
653	922
653	925
653	942
653	948
653	950
653	979
653	1000
654	99
654	584
654	606
654	638
654	656
654	670
654	772
654	777
654	834
654	899
655	447
655	610
655	613
655	694
655	742
655	766
655	806
655	818
655	870
655	939
656	311
656	387
656	521
656	584
656	631
656	638
656	654
656	670
656	777
656	834
656	841
657	412
657	434
657	454
657	468
657	538
657	623
657	809
657	855
657	872
657	893
657	982
658	36
658	456
658	461
658	559
658	733
658	760
658	770
658	803
658	825
658	957
658	962
659	19
659	255
659	262
659	335
659	634
659	644
659	761
659	789
659	825
659	980
659	986
660	98
660	228
660	312
660	325
660	515
660	666
660	854
660	856
660	866
660	920
660	965
661	282
661	320
661	633
661	652
661	701
661	753
661	796
661	845
661	943
661	959
661	987
662	223
662	233
662	256
662	264
662	448
662	470
662	487
662	620
662	746
662	785
662	970
663	195
663	362
663	372
663	560
663	609
663	703
663	812
663	833
663	843
663	923
663	949
664	385
664	549
664	632
664	671
664	927
664	928
664	937
664	952
664	963
664	968
664	991
665	357
665	520
665	553
665	776
665	791
665	799
665	824
665	856
665	892
665	941
665	942
666	127
666	243
666	316
666	660
666	723
666	780
666	854
666	866
666	959
666	965
666	998
667	424
667	426
667	555
667	835
667	898
667	906
667	927
667	935
667	952
667	963
667	991
668	175
668	476
668	700
668	774
668	784
668	836
668	844
668	853
668	869
668	873
668	972
669	110
669	189
669	293
669	348
669	590
669	613
669	802
669	866
669	980
669	981
669	984
670	387
670	549
670	560
670	606
670	631
670	638
670	654
670	656
670	756
670	777
670	834
671	229
671	664
671	713
671	719
671	736
671	786
671	906
671	923
671	928
671	991
671	993
672	355
672	454
672	618
672	797
672	814
672	914
672	923
672	947
672	971
672	982
672	994
673	268
673	387
673	498
673	571
673	589
673	627
673	647
673	674
673	706
673	712
673	933
674	37
674	84
674	170
674	253
674	272
674	450
674	491
674	673
674	681
674	709
674	764
675	377
675	459
675	471
675	576
675	701
675	745
675	796
675	934
675	970
675	987
675	996
676	241
676	370
676	501
676	648
676	867
676	868
676	899
676	938
676	951
676	958
676	996
677	75
677	234
677	402
677	500
677	741
677	818
677	826
677	859
677	880
677	939
677	983
678	64
678	120
678	152
678	158
678	284
678	415
678	424
678	696
678	697
678	722
678	962
679	62
679	311
679	575
679	772
679	820
679	875
679	903
679	950
679	967
679	971
679	1000
680	108
680	166
680	182
680	193
680	413
680	513
680	541
680	604
680	645
680	718
680	731
681	37
681	84
681	170
681	253
681	272
681	450
681	491
681	674
681	689
681	709
681	859
682	107
682	122
682	233
682	279
682	298
682	497
682	548
682	725
682	911
682	930
682	931
683	105
683	793
683	875
683	878
683	932
683	936
683	962
683	967
683	979
683	990
683	1000
684	137
684	154
684	202
684	290
684	763
684	890
684	946
684	957
684	969
684	995
684	999
685	26
685	50
685	157
685	221
685	445
685	631
685	739
685	768
685	815
685	851
685	889
686	21
686	202
686	330
686	605
686	635
686	889
686	907
686	941
686	962
686	988
686	995
687	77
687	308
687	417
687	609
687	633
687	634
687	720
687	871
687	921
687	926
687	945
688	15
688	83
688	91
688	236
688	375
688	558
688	733
688	738
688	850
688	861
688	972
689	87
689	222
689	376
689	533
689	681
689	692
689	705
689	729
689	830
689	924
689	961
690	358
690	492
690	542
690	711
690	713
690	799
690	862
690	919
690	940
690	966
690	972
691	20
691	485
691	502
691	578
691	721
691	839
691	862
691	874
691	930
691	933
691	985
692	259
692	394
692	397
692	474
692	533
692	600
692	689
692	829
692	924
692	961
692	964
693	91
693	236
693	348
693	744
693	765
693	782
693	786
693	835
693	952
693	971
693	978
694	117
694	384
694	447
694	448
694	505
694	543
694	655
694	766
694	859
694	892
694	939
694	983
695	23
695	226
695	297
695	467
695	582
695	735
695	743
695	792
695	860
695	891
695	944
695	948
696	64
696	109
696	120
696	158
696	215
696	424
696	483
696	678
696	697
696	699
696	842
696	962
697	64
697	109
697	215
697	284
697	415
697	424
697	483
697	579
697	678
697	696
697	962
697	983
698	133
698	182
698	235
698	429
698	581
698	703
698	728
698	817
698	896
698	900
698	966
698	997
699	111
699	485
699	696
699	776
699	793
699	820
699	856
699	892
699	913
699	941
699	942
699	948
700	17
700	580
700	592
700	668
700	774
700	784
700	836
700	844
700	853
700	859
700	869
700	873
701	47
701	247
701	661
701	675
701	753
701	767
701	796
701	943
701	951
701	963
701	987
701	998
702	325
702	372
702	446
702	756
702	780
702	832
702	839
702	844
702	965
702	977
702	992
702	998
703	126
703	139
703	432
703	560
703	588
703	663
703	698
703	715
703	812
703	944
703	949
703	977
704	71
704	129
704	188
704	269
704	308
704	609
704	720
704	737
704	754
704	868
704	921
704	945
705	455
705	600
705	689
705	719
705	729
705	865
705	872
705	909
705	910
705	929
705	961
705	997
706	70
706	131
706	498
706	527
706	627
706	673
706	733
706	863
706	874
706	876
706	933
706	985
707	132
707	144
707	348
707	351
707	490
707	512
707	744
707	811
707	867
707	938
707	960
707	978
708	72
708	184
708	735
708	745
708	795
708	868
708	899
708	932
708	934
708	958
708	970
708	996
709	37
709	84
709	170
709	253
709	254
709	272
709	450
709	491
709	553
709	674
709	681
709	854
710	114
710	200
710	504
710	633
710	734
710	736
710	767
710	902
710	925
710	943
710	953
710	992
711	307
711	358
711	426
711	546
711	558
711	690
711	751
711	784
711	797
711	830
711	875
711	972
712	70
712	106
712	131
712	181
712	212
712	258
712	431
712	673
712	783
712	824
712	863
712	933
713	405
713	528
713	632
713	671
713	690
713	716
713	719
713	842
713	906
713	963
713	991
713	993
714	28
714	53
714	123
714	345
714	373
714	552
714	572
714	628
714	731
714	788
714	955
714	966
715	331
715	372
715	560
715	612
715	703
715	733
715	812
715	843
715	944
715	949
715	977
715	984
716	31
716	278
716	282
716	605
716	713
716	761
716	830
716	946
716	969
716	988
716	995
716	999
717	10
717	27
717	186
717	342
717	380
717	404
717	414
717	542
717	611
717	855
717	876
717	888
718	91
718	108
718	413
718	604
718	645
718	680
718	790
718	844
718	861
718	940
718	972
718	978
719	488
719	632
719	671
719	705
719	713
719	765
719	769
719	786
719	904
719	952
719	963
719	991
720	7
720	53
720	173
720	472
720	479
720	526
720	687
720	704
720	726
720	754
720	921
720	976
721	183
721	279
721	285
721	298
721	335
721	691
721	794
721	839
721	884
721	931
721	956
721	973
722	145
722	160
722	194
722	265
722	607
722	678
722	852
722	899
722	918
722	934
722	973
722	996
723	98
723	228
723	312
723	381
723	395
723	499
723	666
723	865
723	878
723	905
723	965
723	998
724	13
724	69
724	74
724	174
724	180
724	315
724	366
724	425
724	478
724	568
724	593
724	925
725	192
725	428
725	682
725	728
725	780
725	854
725	857
725	905
725	917
725	956
725	965
725	998
726	7
726	129
726	308
726	472
726	525
726	626
726	720
726	819
726	871
726	882
726	945
726	976
727	120
727	196
727	526
727	549
727	751
727	797
727	830
727	850
727	861
727	862
727	890
727	919
728	11
728	235
728	429
728	458
728	698
728	725
728	730
728	831
728	896
728	900
728	912
728	997
729	46
729	87
729	172
729	222
729	474
729	511
729	552
729	634
729	689
729	705
729	924
729	961
730	273
730	410
730	429
730	458
730	550
730	598
730	728
730	749
730	817
730	831
730	896
730	997
731	28
731	123
731	345
731	373
731	552
731	572
731	628
731	630
731	680
731	714
731	949
731	955
732	272
732	441
732	623
732	847
732	859
732	872
732	877
732	914
732	916
732	947
732	982
732	994
733	36
733	356
733	391
733	456
733	559
733	658
733	688
733	706
733	715
733	760
733	770
733	803
733	957
734	79
734	241
734	269
734	407
734	606
734	609
734	710
734	771
734	902
734	911
734	921
734	925
734	953
735	294
735	310
735	435
735	469
735	539
735	640
735	695
735	708
735	828
735	897
735	901
735	966
735	968
736	407
736	504
736	633
736	671
736	710
736	766
736	793
736	812
736	902
736	912
736	925
736	953
736	992
737	68
737	79
737	472
737	623
737	704
737	801
737	810
737	813
737	872
737	921
737	926
737	945
737	976
738	22
738	47
738	112
738	209
738	238
738	252
738	333
738	339
738	359
738	389
738	688
738	769
738	950
739	50
739	55
739	221
739	256
739	445
739	650
739	685
739	768
739	803
739	815
739	851
739	926
739	952
740	67
740	286
740	510
740	556
740	583
740	816
740	883
740	885
740	897
740	952
740	973
740	974
740	975
741	75
741	234
741	447
741	500
741	505
741	543
741	585
741	646
741	677
741	803
741	818
741	939
741	983
742	83
742	204
742	358
742	375
742	526
742	542
742	546
742	640
742	655
742	790
742	799
742	890
742	940
743	9
743	23
743	178
743	226
743	467
743	582
743	695
743	768
743	792
743	860
743	891
743	948
743	995
744	218
744	232
744	348
744	478
744	496
744	551
744	693
744	707
744	782
744	866
744	954
744	960
744	978
745	12
745	72
745	241
745	523
745	675
745	708
745	764
745	849
745	868
745	899
745	911
745	938
745	970
746	115
746	223
746	264
746	447
746	448
746	470
746	487
746	495
746	594
746	620
746	662
746	785
746	933
747	161
747	346
747	371
747	411
747	453
747	573
747	595
747	798
747	858
747	881
747	891
747	915
747	961
748	103
748	247
748	377
748	422
748	576
748	845
748	897
748	902
748	928
748	943
748	951
748	959
748	987
749	4
749	179
749	392
749	730
749	772
749	831
749	875
749	932
749	950
749	967
749	979
749	990
749	1000
750	214
750	227
750	266
750	271
750	317
750	418
750	490
750	577
750	587
750	642
750	895
750	909
750	947
751	15
751	52
751	196
751	565
751	711
751	727
751	752
751	861
751	862
751	898
751	919
751	972
751	983
752	289
752	305
752	334
752	393
752	495
752	751
752	830
752	861
752	862
752	919
752	940
752	972
752	997
753	360
753	422
753	576
753	586
753	661
753	701
753	767
753	823
753	921
753	943
753	951
753	959
753	987
754	228
754	322
754	525
754	608
754	704
754	720
754	793
754	810
754	812
754	870
754	926
754	945
754	976
755	274
755	378
755	497
755	548
755	601
755	794
755	839
755	869
755	914
755	917
755	930
755	931
755	956
756	372
756	374
756	610
756	670
756	702
756	809
756	812
756	843
756	879
756	908
756	944
756	949
756	977
757	248
757	358
757	392
757	403
757	420
757	557
757	561
757	621
757	630
757	763
757	840
757	921
757	955
758	252
758	302
758	536
758	564
758	605
758	787
758	865
758	909
758	910
758	929
758	997
759	287
759	340
759	473
759	567
759	804
759	849
759	852
759	867
759	887
759	958
759	970
759	993
759	996
760	356
760	391
760	456
760	461
760	493
760	559
760	658
760	733
760	770
760	803
760	944
760	951
760	957
761	21
761	34
761	198
761	390
761	605
761	659
761	716
761	788
761	907
761	946
761	957
761	969
761	995
762	78
762	190
762	205
762	255
762	443
762	452
762	471
762	480
762	547
762	618
762	781
762	917
762	976
763	248
763	317
763	322
763	392
763	403
763	420
763	561
763	621
763	630
763	684
763	757
763	840
763	955
764	184
764	340
764	555
764	648
764	674
764	745
764	867
764	887
764	899
764	934
764	958
764	996
764	997
765	693
765	719
765	786
765	798
765	808
765	898
765	906
765	920
765	928
765	937
765	943
765	963
765	993
766	398
766	457
766	505
766	543
766	613
766	655
766	694
766	736
766	806
766	818
766	890
766	939
766	983
767	176
767	353
767	400
767	652
767	701
767	710
767	753
767	845
767	876
767	943
767	951
767	959
767	987
768	50
768	256
768	363
768	551
768	685
768	739
768	743
768	815
768	848
768	851
768	872
768	936
768	952
769	22
769	112
769	209
769	238
769	252
769	333
769	339
769	359
769	389
769	719
769	738
769	868
769	927
770	36
770	278
770	356
770	391
770	456
770	493
770	559
770	658
770	733
770	760
770	803
770	857
770	913
770	957
771	77
771	114
771	168
771	249
771	287
771	479
771	525
771	734
771	801
771	810
771	813
771	846
771	945
771	976
772	116
772	119
772	209
772	220
772	570
772	654
772	679
772	749
772	903
772	936
772	967
772	979
772	990
772	1000
773	16
773	21
773	617
773	778
773	779
773	805
773	816
773	821
773	829
773	844
773	885
773	910
773	964
773	974
774	1
774	284
774	292
774	443
774	592
774	668
774	700
774	784
774	836
774	844
774	853
774	869
774	873
774	876
775	33
775	53
775	208
775	224
775	283
775	296
775	330
775	493
775	615
775	623
775	625
775	779
775	837
775	874
776	164
776	250
776	520
776	558
776	665
776	699
776	791
776	820
776	824
776	892
776	941
776	942
776	949
776	976
777	157
777	387
777	521
777	549
777	564
777	566
777	584
777	596
777	631
777	638
777	654
777	656
777	670
777	956
778	189
778	263
778	286
778	583
778	607
778	773
778	821
778	883
778	885
778	918
778	951
778	964
778	973
778	974
779	361
779	493
779	580
779	625
779	773
779	775
779	837
779	903
779	918
779	964
779	967
779	974
779	975
779	976
780	44
780	243
780	332
780	381
780	411
780	666
780	702
780	725
780	862
780	866
780	905
780	920
780	965
780	998
781	78
781	159
781	168
781	205
781	255
781	374
781	443
781	452
781	471
781	480
781	547
781	618
781	762
781	907
782	151
782	365
782	378
782	568
782	651
782	693
782	744
782	811
782	819
782	934
782	938
782	954
782	960
782	1000
783	224
783	414
783	431
783	502
783	583
783	612
783	627
783	712
783	863
783	874
783	880
783	889
783	933
783	985
784	17
784	626
784	647
784	668
784	700
784	711
784	774
784	836
784	844
784	853
784	869
784	873
784	876
784	921
785	63
785	115
785	223
785	233
785	410
785	448
785	470
785	487
785	594
785	620
785	662
785	746
785	864
785	981
786	96
786	386
786	440
786	517
786	671
786	693
786	719
786	765
786	808
786	898
786	904
786	927
786	963
786	993
787	210
787	399
787	460
787	477
787	483
787	536
787	564
787	758
787	865
787	909
787	910
787	929
787	997
787	999
788	59
788	268
788	278
788	437
788	586
788	714
788	761
788	946
788	957
788	962
788	969
788	981
788	988
788	999
789	136
789	216
789	245
789	262
789	327
789	349
789	507
789	659
789	825
789	908
789	912
789	980
789	986
789	994
790	83
790	126
790	305
790	375
790	492
790	537
790	542
790	547
790	558
790	718
790	742
790	797
790	830
790	919
791	71
791	433
791	457
791	520
791	602
791	649
791	665
791	776
791	824
791	856
791	892
791	913
791	942
791	948
792	9
792	297
792	309
792	467
792	481
792	535
792	582
792	695
792	743
792	860
792	869
792	891
792	912
792	948
793	7
793	164
793	643
793	683
793	699
793	736
793	754
793	820
793	909
793	913
793	921
793	926
793	941
793	945
794	267
794	270
794	428
794	545
794	548
794	721
794	755
794	839
794	911
794	917
794	930
794	931
794	935
794	995
795	24
795	445
795	473
795	628
795	648
795	708
795	849
795	867
795	887
795	891
795	899
795	934
795	958
795	970
796	47
796	247
796	324
796	422
796	537
796	545
796	576
796	661
796	675
796	701
796	823
796	951
796	959
796	987
797	196
797	251
797	321
797	403
797	526
797	614
797	672
797	711
797	727
797	790
797	799
797	862
797	940
797	972
798	8
798	56
798	371
798	411
798	444
798	453
798	509
798	535
798	564
798	747
798	765
798	852
798	858
798	881
798	915
799	204
799	289
799	307
799	412
799	526
799	665
799	690
799	742
799	797
799	850
799	854
799	861
799	890
799	940
799	972
800	146
800	318
800	393
800	466
800	475
800	506
800	563
800	565
800	574
800	578
800	651
800	807
800	980
800	989
800	996
801	68
801	140
801	225
801	517
801	525
801	547
801	643
801	737
801	771
801	810
801	813
801	871
801	945
801	955
801	976
802	58
802	242
802	492
802	590
802	591
802	646
802	669
802	804
802	846
802	866
802	881
802	939
802	980
802	981
802	984
803	36
803	356
803	391
803	456
803	461
803	493
803	531
803	559
803	658
803	733
803	739
803	741
803	760
803	770
803	957
804	58
804	131
804	161
804	260
804	502
804	515
804	530
804	759
804	802
804	846
804	863
804	880
804	924
804	980
804	985
805	150
805	187
805	435
805	556
805	583
805	585
805	773
805	816
805	821
805	848
805	867
805	885
805	964
805	974
805	975
806	75
806	314
806	398
806	402
806	505
806	597
806	610
806	613
806	655
806	766
806	818
806	859
806	905
806	939
806	973
807	136
807	185
807	319
807	382
807	438
807	506
807	510
807	578
807	800
807	826
807	870
807	879
807	943
807	978
807	989
808	82
808	481
808	508
808	511
808	555
808	571
808	617
808	765
808	786
808	898
808	927
808	937
808	952
808	963
808	991
809	552
809	560
809	588
809	610
809	612
809	657
809	756
809	812
809	832
809	833
809	944
809	946
809	949
809	977
809	992
810	225
810	364
810	479
810	609
810	737
810	754
810	771
810	801
810	813
810	817
810	857
810	871
810	905
810	921
810	945
811	132
811	144
811	155
811	369
811	442
811	494
811	544
811	707
811	782
811	819
811	828
811	886
811	960
811	978
811	990
812	171
812	344
812	568
812	629
812	663
812	703
812	715
812	736
812	754
812	756
812	809
812	832
812	833
812	843
812	949
813	79
813	108
813	260
813	301
813	433
813	523
813	737
813	771
813	801
813	810
813	871
813	921
813	926
813	945
813	976
814	13
814	27
814	135
814	277
814	338
814	441
814	603
814	672
814	818
814	893
814	914
814	923
814	947
814	982
814	994
815	50
815	221
815	363
815	551
815	650
815	685
815	739
815	768
815	817
815	827
815	851
815	852
815	889
815	952
815	976
816	231
816	334
816	583
816	624
816	646
816	740
816	773
816	805
816	829
816	848
816	885
816	918
816	962
816	964
816	975
817	60
817	489
817	551
817	598
817	650
817	698
817	730
817	810
817	815
817	830
817	872
817	896
817	900
817	952
817	989
818	218
818	234
818	384
818	402
818	442
818	613
818	655
818	677
818	741
818	766
818	806
818	814
818	859
818	939
818	983
819	232
819	313
819	365
819	369
819	494
819	512
819	726
819	782
819	811
819	842
819	886
819	938
819	954
819	959
819	978
820	88
820	250
820	501
820	532
820	553
820	679
820	699
820	776
820	793
820	856
820	892
820	913
820	942
820	948
820	998
821	137
821	329
821	408
821	516
821	524
821	585
821	588
821	593
821	773
821	778
821	805
821	848
821	918
821	935
821	973
822	30
822	31
822	35
822	353
822	464
822	603
822	872
822	893
822	914
822	923
822	947
822	957
822	960
822	971
822	994
823	89
823	211
823	267
823	422
823	509
823	576
823	624
823	652
823	753
823	796
823	863
823	916
823	943
823	951
823	959
824	164
824	433
824	505
824	520
824	553
824	665
824	712
824	776
824	791
824	856
824	892
824	913
824	941
824	942
824	960
825	19
825	216
825	255
825	262
825	350
825	388
825	530
825	634
825	644
825	658
825	659
825	789
825	954
825	980
825	986
826	3
826	116
826	142
826	354
826	393
826	475
826	563
826	565
826	566
826	574
826	677
826	807
826	857
826	879
826	982
826	989
827	145
827	207
827	239
827	261
827	264
827	279
827	299
827	329
827	461
827	569
827	616
827	619
827	637
827	815
827	828
827	866
828	145
828	207
828	239
828	261
828	279
828	299
828	329
828	461
828	569
828	616
828	619
828	637
828	735
828	811
828	827
828	898
829	92
829	231
829	265
829	361
829	495
829	607
829	692
829	773
829	816
829	848
829	883
829	918
829	936
829	964
829	973
829	974
830	15
830	86
830	404
830	611
830	689
830	711
830	716
830	727
830	752
830	790
830	817
830	838
830	842
830	855
830	888
830	940
831	489
831	575
831	643
831	728
831	730
831	749
831	860
831	875
831	878
831	896
831	900
831	950
831	972
831	979
831	997
831	1000
832	133
832	306
832	344
832	374
832	612
832	629
832	651
832	702
832	809
832	812
832	843
832	877
832	902
832	944
832	949
832	977
833	195
833	307
833	344
833	374
833	413
833	428
833	612
833	629
833	663
833	809
833	812
833	843
833	944
833	949
833	977
833	992
834	99
834	138
834	157
834	261
834	387
834	521
834	549
834	584
834	606
834	631
834	638
834	645
834	654
834	656
834	670
834	970
835	82
835	85
835	143
835	199
835	587
835	667
835	693
835	877
835	904
835	910
835	927
835	928
835	937
835	963
835	991
835	993
836	1
836	476
836	592
836	626
836	668
836	700
836	774
836	784
836	844
836	853
836	869
836	873
836	876
836	914
836	958
836	992
837	33
837	53
837	208
837	224
837	283
837	296
837	330
837	361
837	451
837	493
837	536
837	625
837	775
837	779
837	906
837	951
838	10
838	27
838	86
838	186
838	191
838	325
838	342
838	404
838	414
838	555
838	611
838	830
838	855
838	876
838	888
838	985
839	274
839	300
839	336
839	416
839	545
839	554
839	601
839	691
839	702
839	721
839	755
839	794
839	911
839	931
839	935
839	956
840	87
840	142
840	248
840	322
840	392
840	397
840	416
840	561
840	621
840	630
840	636
840	757
840	763
840	903
840	941
840	955
841	29
841	79
841	88
841	97
841	203
841	213
841	370
841	425
841	573
841	641
841	656
841	868
841	894
841	895
841	916
841	922
842	85
842	352
842	405
842	426
842	462
842	481
842	488
842	528
842	696
842	713
842	819
842	830
842	931
842	937
842	991
842	993
843	331
843	362
843	618
843	622
843	629
843	663
843	715
843	756
843	812
843	832
843	833
843	944
843	949
843	975
843	977
843	992
844	292
844	476
844	592
844	626
844	668
844	700
844	702
844	718
844	773
844	774
844	784
844	836
844	853
844	869
844	873
844	876
845	26
845	96
845	324
845	353
845	377
845	400
845	422
845	652
845	661
845	748
845	767
845	871
845	943
845	951
845	959
845	987
846	58
846	153
846	187
846	242
846	293
846	477
846	540
846	587
846	591
846	651
846	771
846	802
846	804
846	866
846	981
846	984
847	118
847	121
847	130
847	163
847	399
847	412
847	434
847	453
847	499
847	530
847	732
847	872
847	877
847	893
847	923
847	947
848	16
848	49
848	67
848	104
848	150
848	286
848	516
848	649
848	768
848	805
848	816
848	821
848	829
848	935
848	964
848	974
849	160
849	309
849	473
849	501
849	745
849	759
849	795
849	852
849	867
849	870
849	887
849	920
849	934
849	958
849	970
849	996
850	96
850	305
850	321
850	492
850	542
850	546
850	603
850	620
850	688
850	727
850	799
850	862
850	879
850	919
850	972
850	984
851	55
851	140
851	221
851	256
851	445
851	551
851	650
851	685
851	739
851	768
851	815
851	889
851	952
851	958
851	996
851	999
852	72
852	172
852	473
852	722
852	759
852	798
852	815
852	849
852	867
852	883
852	887
852	899
852	934
852	958
852	970
852	996
853	1
853	17
853	107
853	159
853	185
853	292
853	476
853	592
853	668
853	700
853	774
853	784
853	836
853	844
853	869
853	873
853	876
854	44
854	61
854	228
854	240
854	246
854	312
854	446
854	660
854	666
854	709
854	725
854	799
854	893
854	905
854	920
854	965
854	998
855	10
855	27
855	86
855	186
855	191
855	342
855	404
855	538
855	611
855	657
855	717
855	830
855	838
855	876
855	883
855	888
855	897
856	88
856	212
856	295
856	433
856	520
856	532
856	653
856	660
856	665
856	699
856	791
856	820
856	824
856	913
856	941
856	942
856	971
857	29
857	63
857	97
857	152
857	368
857	534
857	573
857	641
857	725
857	770
857	810
857	826
857	868
857	894
857	895
857	916
857	922
858	5
858	56
858	147
858	190
858	230
858	371
858	411
858	444
858	509
858	535
858	595
858	747
858	798
858	881
858	884
858	915
858	986
859	117
859	266
859	295
859	314
859	398
859	401
859	500
859	543
859	677
859	681
859	694
859	700
859	732
859	806
859	818
859	939
859	983
860	9
860	23
860	178
860	226
860	297
860	309
860	386
860	467
860	582
860	695
860	743
860	792
860	831
860	891
860	924
860	948
860	965
861	224
861	236
861	251
861	307
861	492
861	558
861	688
861	718
861	727
861	751
861	752
861	799
861	862
861	910
861	919
861	932
861	972
862	52
862	196
862	321
862	334
862	542
862	615
862	690
862	691
862	727
862	751
862	752
862	780
862	797
862	850
862	861
862	919
862	972
863	106
863	131
863	258
863	306
863	421
863	431
863	484
863	627
863	647
863	706
863	712
863	783
863	804
863	823
863	874
863	889
863	985
864	59
864	93
864	177
864	192
864	386
864	409
864	436
864	449
864	507
864	534
864	537
864	597
864	649
864	785
864	882
864	884
864	993
865	64
865	210
865	399
865	439
865	460
865	477
865	564
865	705
865	723
865	758
865	787
865	876
865	909
865	910
865	919
865	929
865	997
866	29
866	80
866	246
866	325
866	530
866	660
866	666
866	669
866	744
866	780
866	802
866	827
866	846
866	905
866	963
866	965
866	984
867	340
867	584
867	648
867	676
867	707
867	759
867	764
867	795
867	805
867	849
867	852
867	887
867	934
867	938
867	958
867	970
867	996
868	124
868	368
868	676
868	704
868	708
868	745
868	769
868	841
868	857
868	880
868	887
868	894
868	895
868	899
868	916
868	970
868	996
869	17
869	292
869	476
869	592
869	668
869	700
869	755
869	774
869	784
869	792
869	836
869	844
869	853
869	871
869	873
869	876
869	993
870	146
870	148
870	193
870	318
870	319
870	382
870	393
870	438
870	503
870	566
870	574
870	578
870	655
870	754
870	807
870	849
870	989
871	30
871	168
871	269
871	417
871	608
871	609
871	626
871	687
871	726
871	801
871	810
871	813
871	845
871	869
871	926
871	945
871	976
872	55
872	60
872	140
872	273
872	363
872	650
872	657
872	705
872	732
872	737
872	768
872	817
872	822
872	847
872	905
872	967
872	971
872	994
873	1
873	292
873	409
873	476
873	581
873	592
873	626
873	668
873	700
873	774
873	784
873	836
873	844
873	853
873	869
873	876
873	878
873	991
874	18
874	104
874	165
874	188
874	258
874	260
874	268
874	431
874	498
874	647
874	691
874	706
874	775
874	783
874	863
874	880
874	883
874	985
875	4
875	5
875	126
875	494
875	596
875	679
875	683
875	711
875	749
875	831
875	878
875	932
875	936
875	950
875	967
875	979
875	990
875	1000
876	221
876	342
876	414
876	611
876	706
876	717
876	767
876	774
876	784
876	836
876	838
876	844
876	853
876	855
876	865
876	869
876	873
876	888
877	31
877	118
877	194
877	250
877	273
877	277
877	338
877	355
877	454
877	623
877	732
877	832
877	835
877	847
877	893
877	947
877	971
877	982
878	6
878	134
878	167
878	230
878	291
878	323
878	683
878	723
878	831
878	873
878	875
878	903
878	932
878	936
878	950
878	979
878	990
878	1000
879	149
879	184
879	291
879	318
879	354
879	438
879	459
879	510
879	554
879	563
879	565
879	566
879	574
879	756
879	807
879	826
879	850
879	989
880	18
880	20
880	145
880	165
880	214
880	260
880	304
880	337
880	431
880	484
880	627
880	647
880	677
880	783
880	804
880	868
880	874
880	985
881	5
881	56
881	84
881	147
881	161
881	206
881	346
881	365
881	371
881	411
881	453
881	509
881	595
881	747
881	798
881	802
881	858
881	915
882	59
882	93
882	192
882	197
882	409
882	436
882	449
882	482
882	534
882	537
882	597
882	602
882	649
882	726
882	864
882	884
882	924
882	936
883	92
883	495
883	524
883	556
883	588
883	624
883	740
883	778
883	829
883	852
883	855
883	874
883	885
883	918
883	964
883	973
883	974
883	975
884	93
884	177
884	192
884	197
884	386
884	409
884	436
884	449
884	482
884	534
884	537
884	597
884	649
884	721
884	858
884	864
884	882
884	897
885	25
885	339
885	418
885	534
885	582
885	588
885	607
885	624
885	740
885	773
885	778
885	805
885	816
885	883
885	935
885	964
885	974
885	975
886	144
886	155
886	216
886	219
886	313
886	369
886	378
886	486
886	494
886	496
886	557
886	811
886	819
886	941
886	954
886	960
886	978
886	984
887	44
887	50
887	201
887	567
887	648
887	759
887	764
887	795
887	849
887	852
887	867
887	868
887	899
887	934
887	938
887	958
887	970
887	1000
888	10
888	27
888	86
888	186
888	218
888	342
888	404
888	414
888	422
888	455
888	501
888	584
888	611
888	717
888	830
888	838
888	855
888	876
889	144
889	256
889	304
889	363
889	445
889	479
889	498
889	502
889	551
889	627
889	685
889	686
889	783
889	815
889	851
889	863
889	933
889	985
890	46
890	63
890	91
890	508
890	610
890	684
890	727
890	742
890	766
890	799
890	907
890	919
890	940
890	941
890	981
890	988
890	995
890	999
891	9
891	23
891	178
891	226
891	297
891	309
891	467
891	535
891	582
891	600
891	695
891	743
891	747
891	792
891	795
891	860
891	948
891	993
892	45
892	244
892	250
892	449
892	532
892	553
892	653
892	665
892	694
892	699
892	776
892	791
892	820
892	824
892	907
892	913
892	941
892	942
892	948
893	12
893	237
893	277
893	538
893	604
893	623
893	629
893	636
893	657
893	814
893	822
893	847
893	854
893	877
893	947
893	970
893	971
893	982
893	994
894	29
894	37
894	63
894	152
894	203
894	213
894	276
894	326
894	327
894	370
894	376
894	399
894	425
894	841
894	857
894	868
894	895
894	916
894	922
895	152
895	213
895	253
895	276
895	326
895	368
895	370
895	425
895	576
895	622
895	641
895	750
895	841
895	857
895	868
895	894
895	916
895	922
895	963
896	14
896	39
896	76
896	133
896	182
896	235
896	249
896	429
896	489
896	550
896	567
896	578
896	698
896	728
896	730
896	817
896	831
896	900
896	997
897	2
897	245
897	383
897	427
897	430
897	435
897	469
897	522
897	527
897	640
897	735
897	740
897	748
897	855
897	884
897	901
897	966
897	968
897	991
898	331
898	352
898	385
898	432
898	555
898	639
898	667
898	751
898	765
898	786
898	808
898	828
898	906
898	927
898	928
898	937
898	953
898	991
898	993
899	209
899	501
899	524
899	567
899	654
899	676
899	708
899	722
899	745
899	764
899	795
899	852
899	868
899	887
899	934
899	938
899	944
899	958
899	996
900	11
900	14
900	182
900	249
900	429
900	458
900	489
900	550
900	598
900	622
900	698
900	728
900	817
900	831
900	896
900	967
900	977
900	978
900	997
901	85
901	310
901	328
901	383
901	396
901	430
901	435
901	469
901	522
901	527
901	539
901	616
901	640
901	650
901	735
901	897
901	966
901	968
901	974
902	54
902	73
902	302
902	380
902	407
902	504
902	599
902	606
902	633
902	710
902	734
902	736
902	748
902	832
902	912
902	925
902	948
902	953
902	992
903	119
903	179
903	208
903	341
903	374
903	408
903	451
903	570
903	679
903	772
903	779
903	840
903	878
903	932
903	950
903	967
903	979
903	990
903	1000
904	26
904	196
904	199
904	319
904	385
904	431
904	432
904	571
904	632
904	639
904	719
904	786
904	835
904	906
904	927
904	937
904	963
904	987
904	991
905	44
905	95
905	98
905	210
905	266
905	325
905	332
905	395
905	723
905	725
905	780
905	806
905	810
905	854
905	866
905	872
905	920
905	965
905	998
906	125
906	143
906	390
906	405
906	426
906	462
906	504
906	632
906	667
906	671
906	713
906	765
906	837
906	898
906	904
906	937
906	963
906	991
906	993
907	21
907	34
907	101
907	111
907	169
907	181
907	275
907	282
907	437
907	466
907	635
907	686
907	761
907	781
907	890
907	892
907	946
907	957
907	962
907	981
908	19
908	216
908	257
908	262
908	347
908	349
908	350
908	388
908	423
908	519
908	596
908	615
908	644
908	756
908	789
908	919
908	956
908	963
908	980
908	986
909	76
909	210
909	288
909	302
909	399
909	439
909	460
909	477
909	536
909	564
909	705
909	750
909	758
909	787
909	793
909	865
909	910
909	929
909	949
909	997
910	42
910	294
910	302
910	399
910	439
910	460
910	477
910	536
910	564
910	705
910	758
910	773
910	787
910	835
910	861
910	865
910	909
910	929
910	997
910	999
911	19
911	107
911	175
911	270
911	280
911	335
911	485
911	497
911	548
911	602
911	682
911	734
911	745
911	794
911	839
911	916
911	917
911	930
911	931
911	935
912	25
912	102
912	122
912	407
912	504
912	518
912	529
912	544
912	579
912	581
912	633
912	728
912	736
912	789
912	792
912	902
912	925
912	953
912	992
912	997
913	88
913	180
913	244
913	250
913	433
913	449
913	457
913	491
913	520
913	532
913	699
913	770
913	791
913	793
913	820
913	824
913	856
913	892
913	935
913	942
913	948
914	30
914	51
914	130
914	167
914	277
914	441
914	468
914	499
914	672
914	732
914	755
914	814
914	822
914	836
914	923
914	930
914	947
914	953
914	971
914	982
914	994
915	5
915	8
915	56
915	206
915	230
915	346
915	371
915	411
915	444
915	453
915	509
915	535
915	595
915	747
915	798
915	858
915	881
915	957
915	981
915	989
915	993
916	97
916	124
916	203
916	213
916	276
916	326
916	370
916	534
916	535
916	573
916	622
916	637
916	732
916	823
916	841
916	857
916	868
916	894
916	895
916	911
916	922
917	41
917	43
917	270
917	279
917	280
917	285
917	315
917	336
917	380
917	516
917	601
917	602
917	725
917	755
917	762
917	794
917	911
917	930
917	931
917	935
917	956
918	25
918	113
918	303
918	465
918	495
918	516
918	580
918	585
918	722
918	778
918	779
918	816
918	821
918	829
918	883
918	935
918	937
918	966
918	973
918	975
918	987
919	15
919	86
919	153
919	251
919	289
919	389
919	526
919	546
919	690
919	727
919	751
919	752
919	790
919	850
919	861
919	862
919	865
919	890
919	908
919	940
919	972
920	95
920	127
920	161
920	228
920	237
920	240
920	243
920	332
920	363
920	381
920	395
920	398
920	446
920	660
920	765
920	780
920	849
920	854
920	905
920	965
920	998
921	68
921	269
921	277
921	301
921	472
921	517
921	525
921	643
921	687
921	704
921	720
921	734
921	737
921	753
921	757
921	784
921	793
921	810
921	813
921	926
921	995
922	29
922	113
922	124
922	152
922	203
922	276
922	340
922	368
922	370
922	534
922	545
922	573
922	622
922	641
922	653
922	841
922	857
922	894
922	895
922	916
922	961
923	30
923	40
923	41
923	156
923	273
923	277
923	441
923	464
923	477
923	608
923	623
923	663
923	671
923	672
923	814
923	822
923	847
923	914
923	947
923	971
923	994
924	46
924	66
924	87
924	113
924	259
924	376
924	394
924	397
924	421
924	474
924	488
924	511
924	599
924	600
924	689
924	692
924	729
924	804
924	860
924	882
924	961
925	38
925	73
925	90
925	114
925	200
925	355
925	379
925	380
925	407
925	599
925	606
925	633
925	653
925	710
925	724
925	734
925	736
925	902
925	912
925	953
925	992
926	68
926	71
926	168
926	225
926	301
926	308
926	364
926	417
926	523
926	525
926	583
926	636
926	687
926	737
926	739
926	754
926	793
926	813
926	871
926	921
926	976
926	986
927	92
927	123
927	263
927	322
927	426
927	481
927	488
927	528
927	571
927	572
927	632
927	639
927	664
927	667
927	769
927	786
927	808
927	835
927	898
927	904
927	991
927	993
928	213
928	244
928	263
928	352
928	385
928	432
928	440
928	462
928	481
928	555
928	617
928	632
928	639
928	664
928	671
928	748
928	765
928	835
928	898
928	937
928	991
928	993
929	42
929	76
929	210
929	258
929	294
929	302
929	399
929	439
929	460
929	477
929	522
929	536
929	564
929	632
929	705
929	758
929	787
929	865
929	909
929	910
929	976
929	997
930	41
930	138
930	222
930	298
930	335
930	336
930	485
930	497
930	548
930	554
930	602
930	682
930	691
930	755
930	794
930	911
930	914
930	917
930	931
930	935
930	956
930	965
931	43
931	274
931	336
931	420
931	428
931	485
931	535
931	545
931	554
931	599
931	601
931	602
931	682
931	721
931	755
931	794
931	839
931	842
931	911
931	917
931	930
931	956
932	62
932	100
932	126
932	341
932	491
932	531
932	570
932	575
932	586
932	683
932	708
932	749
932	861
932	875
932	878
932	903
932	936
932	950
932	967
932	979
932	990
932	996
933	18
933	38
933	57
933	106
933	212
933	224
933	274
933	304
933	337
933	498
933	589
933	627
933	647
933	648
933	673
933	691
933	706
933	712
933	746
933	783
933	889
933	999
934	155
934	186
934	201
934	209
934	324
934	473
934	567
934	648
934	675
934	708
934	722
934	764
934	782
934	795
934	849
934	852
934	867
934	887
934	899
934	957
934	958
934	969
934	996
935	175
935	280
935	294
935	398
935	580
935	585
935	602
935	624
935	667
935	794
935	821
935	839
935	848
935	885
935	911
935	913
935	917
935	918
935	930
935	956
935	964
935	973
935	974
936	6
936	90
936	100
936	291
936	406
936	408
936	531
936	570
936	575
936	683
936	768
936	772
936	829
936	875
936	878
936	882
936	932
936	948
936	950
936	967
936	979
936	990
936	1000
937	82
937	127
937	141
937	352
937	426
937	432
937	528
937	571
937	642
937	664
937	765
937	808
937	835
937	842
937	898
937	904
937	906
937	918
937	928
937	952
937	953
937	991
937	993
938	241
938	369
938	391
938	486
938	496
938	509
938	567
938	612
938	625
938	651
938	676
938	707
938	745
938	782
938	819
938	867
938	887
938	899
938	954
938	958
938	960
938	970
938	978
939	90
939	117
939	128
939	234
939	295
939	398
939	404
939	500
939	510
939	543
939	610
939	613
939	655
939	677
939	694
939	741
939	766
939	802
939	806
939	818
939	859
939	952
939	983
940	7
940	52
940	83
940	96
940	236
940	269
940	289
940	375
940	412
940	492
940	508
940	558
940	690
940	718
940	742
940	752
940	797
940	799
940	830
940	890
940	919
940	966
940	972
941	137
941	343
941	390
941	419
941	553
941	613
941	614
941	665
941	686
941	699
941	776
941	793
941	824
941	840
941	856
941	886
941	890
941	892
941	946
941	948
941	955
941	969
941	995
942	88
942	164
942	199
942	244
942	250
942	296
942	433
942	472
942	520
942	532
942	553
942	653
942	665
942	699
942	776
942	791
942	820
942	824
942	856
942	892
942	913
942	946
942	968
943	89
943	103
943	202
943	267
943	324
943	360
943	400
943	636
943	652
943	661
943	701
943	710
943	748
943	753
943	765
943	767
943	807
943	823
943	845
943	951
943	959
943	984
943	987
944	76
944	126
944	195
944	306
944	372
944	568
944	588
944	612
944	629
944	695
944	703
944	715
944	756
944	760
944	809
944	832
944	833
944	843
944	899
944	949
944	965
944	977
944	992
945	28
945	173
945	269
945	276
945	301
945	364
945	417
945	479
945	546
945	628
945	643
945	687
945	704
945	726
945	737
945	754
945	771
945	793
945	801
945	810
945	813
945	871
945	976
946	66
946	390
946	401
946	419
946	437
946	557
946	605
946	635
946	684
946	716
946	761
946	788
946	809
946	907
946	941
946	942
946	957
946	969
946	978
946	981
946	988
946	995
946	999
947	12
947	35
947	49
947	121
947	156
947	273
947	388
947	430
947	474
947	538
947	608
947	631
947	672
947	732
947	750
947	814
947	822
947	847
947	877
947	893
947	914
947	923
947	994
948	178
948	226
948	244
948	309
948	457
948	460
948	467
948	540
948	582
948	642
948	653
948	695
948	699
948	743
948	791
948	792
948	820
948	860
948	891
948	892
948	902
948	913
948	936
948	941
949	139
949	171
949	306
949	362
949	553
949	568
949	629
949	651
949	663
949	703
949	715
949	731
949	756
949	776
949	809
949	812
949	832
949	833
949	843
949	909
949	944
949	958
949	977
949	992
950	8
950	134
950	220
950	283
950	311
950	406
950	408
950	547
950	570
950	586
950	653
950	679
950	738
950	749
950	831
950	875
950	878
950	903
950	932
950	936
950	967
950	979
950	990
950	1000
951	47
951	81
951	89
951	176
951	179
951	320
951	324
951	353
951	360
951	377
951	576
951	652
951	676
951	701
951	748
951	753
951	760
951	767
951	778
951	796
951	823
951	837
951	845
951	943
952	26
952	55
952	60
952	85
952	199
952	221
952	601
952	639
952	664
952	667
952	693
952	719
952	739
952	740
952	768
952	808
952	815
952	817
952	851
952	937
952	939
952	974
952	993
952	998
953	54
953	73
953	90
953	114
953	200
953	219
953	379
953	380
953	407
953	504
953	599
953	606
953	625
953	633
953	710
953	734
953	736
953	898
953	902
953	912
953	914
953	925
953	937
953	992
954	65
954	151
954	155
954	218
954	232
954	275
954	313
954	351
954	354
954	365
954	486
954	494
954	496
954	512
954	744
954	782
954	819
954	825
954	886
954	938
954	957
954	960
954	978
954	990
955	9
955	28
955	53
955	123
955	345
955	373
955	403
955	416
955	420
955	456
955	552
955	561
955	572
955	621
955	628
955	630
955	636
955	714
955	731
955	757
955	763
955	801
955	840
955	941
956	107
956	175
956	183
956	237
956	280
956	285
956	298
956	305
956	335
956	545
956	548
956	554
956	601
956	721
956	725
956	755
956	777
956	839
956	908
956	917
956	930
956	931
956	935
956	981
957	356
957	391
957	456
957	461
957	529
957	557
957	559
957	658
957	684
957	733
957	760
957	761
957	770
957	788
957	803
957	822
957	907
957	915
957	934
957	946
957	954
957	962
957	969
957	999
958	24
958	66
958	184
958	286
958	340
958	516
958	648
958	676
958	708
958	759
958	764
958	795
958	836
958	849
958	851
958	852
958	867
958	887
958	899
958	934
958	938
958	949
958	970
958	996
959	32
959	81
959	103
959	211
959	267
959	353
959	360
959	377
959	400
959	422
959	486
959	551
959	652
959	661
959	666
959	748
959	753
959	767
959	796
959	819
959	823
959	845
959	943
959	967
959	987
960	65
960	144
960	171
960	219
960	313
960	348
960	351
960	378
960	442
960	486
960	494
960	496
960	512
960	542
960	707
960	744
960	782
960	811
960	822
960	824
960	886
960	938
960	954
960	978
960	985
961	46
961	60
961	87
961	113
961	165
961	222
961	259
961	369
961	376
961	394
961	397
961	421
961	455
961	474
961	511
961	533
961	599
961	600
961	689
961	692
961	705
961	729
961	747
961	922
961	924
962	64
962	109
962	120
962	154
962	158
962	215
962	278
962	279
962	284
962	357
962	459
962	483
962	586
962	658
962	678
962	683
962	686
962	696
962	697
962	788
962	816
962	907
962	957
962	969
962	999
963	26
963	62
963	225
963	229
963	385
963	405
963	488
963	571
963	639
963	664
963	667
963	701
963	713
963	719
963	765
963	786
963	808
963	835
963	866
963	895
963	904
963	906
963	908
963	991
963	993
964	23
964	67
964	254
964	303
964	489
964	495
964	516
964	580
964	583
964	588
964	692
964	773
964	778
964	779
964	805
964	816
964	829
964	848
964	883
964	885
964	935
964	974
964	975
964	994
964	995
965	95
965	127
965	141
965	204
965	240
965	243
965	246
965	379
965	381
965	395
965	660
965	666
965	702
965	723
965	725
965	780
965	854
965	860
965	866
965	905
965	920
965	930
965	944
965	984
965	998
966	2
966	94
966	162
966	245
966	294
966	310
966	328
966	383
966	396
966	427
966	430
966	469
966	522
966	527
966	539
966	640
966	690
966	698
966	714
966	735
966	897
966	901
966	918
966	940
966	968
967	4
967	105
967	147
967	167
967	311
967	341
967	499
967	575
967	586
967	679
967	683
967	749
967	772
967	779
967	872
967	875
967	900
967	903
967	932
967	936
967	950
967	959
967	979
967	990
967	1000
968	94
968	162
968	245
968	294
968	310
968	328
968	377
968	383
968	396
968	427
968	430
968	435
968	469
968	474
968	513
968	522
968	527
968	539
968	640
968	664
968	735
968	897
968	901
968	942
968	966
969	34
969	285
969	288
969	290
969	316
969	370
969	390
969	512
969	550
969	557
969	605
969	635
969	684
969	716
969	761
969	788
969	934
969	941
969	946
969	957
969	962
969	978
969	988
969	995
969	999
970	24
970	72
970	155
970	160
970	201
970	473
970	567
970	662
970	675
970	708
970	745
970	759
970	795
970	834
970	849
970	852
970	867
970	868
970	887
970	893
970	938
970	958
970	979
970	992
970	996
971	1
971	35
971	40
971	51
971	121
971	130
971	135
971	191
971	255
971	412
971	468
971	623
971	636
971	672
971	679
971	693
971	822
971	856
971	872
971	877
971	893
971	914
971	923
971	982
971	994
972	17
972	96
972	236
972	289
972	305
972	364
972	427
972	508
972	546
972	558
972	668
972	688
972	690
972	711
972	718
972	751
972	752
972	797
972	799
972	831
972	850
972	861
972	862
972	919
972	940
973	92
973	104
973	231
973	281
973	286
973	303
973	323
973	465
973	475
973	495
973	496
973	523
973	556
973	617
973	721
973	722
973	740
973	778
973	806
973	821
973	829
973	883
973	918
973	935
973	975
974	83
974	121
974	194
974	215
974	281
974	323
974	443
974	524
974	585
974	617
974	621
974	624
974	740
974	773
974	778
974	779
974	805
974	829
974	848
974	883
974	885
974	901
974	935
974	952
974	964
974	975
975	150
975	231
975	265
975	303
975	408
975	443
975	472
975	506
975	556
975	580
975	607
975	617
975	619
975	624
975	740
975	779
975	805
975	816
975	843
975	883
975	885
975	918
975	964
975	973
975	974
975	983
976	7
976	77
976	173
976	265
976	287
976	329
976	364
976	472
976	517
976	525
976	609
976	720
976	726
976	737
976	754
976	762
976	771
976	776
976	779
976	801
976	813
976	815
976	871
976	926
976	929
976	945
977	139
977	171
977	195
977	306
977	328
977	331
977	414
977	453
977	560
977	588
977	610
977	612
977	629
977	651
977	702
977	703
977	715
977	756
977	809
977	832
977	833
977	843
977	900
977	944
977	949
977	998
978	65
978	101
978	132
978	151
978	348
978	351
978	365
978	378
978	442
978	486
978	496
978	693
978	707
978	718
978	744
978	807
978	811
978	819
978	886
978	900
978	938
978	946
978	954
978	960
978	969
978	1000
979	105
979	211
979	220
979	246
979	291
979	311
979	314
979	406
979	531
979	566
979	575
979	653
979	683
979	749
979	772
979	831
979	875
979	878
979	903
979	932
979	936
979	950
979	967
979	970
979	990
979	1000
980	125
980	153
980	248
980	301
980	333
980	347
980	349
980	350
980	367
980	507
980	530
980	591
980	615
980	646
980	659
980	669
980	789
980	800
980	802
980	804
980	825
980	908
980	981
980	984
980	986
980	988
980	996
981	42
981	110
981	125
981	137
981	293
981	390
981	401
981	419
981	493
981	590
981	591
981	646
981	669
981	785
981	788
981	802
981	846
981	890
981	907
981	915
981	946
981	956
981	980
981	984
981	988
981	995
981	999
982	36
982	40
982	49
982	51
982	82
982	118
982	157
982	202
982	355
982	434
982	441
982	464
982	468
982	499
982	538
982	567
982	603
982	636
982	657
982	672
982	732
982	814
982	826
982	877
982	893
982	914
982	971
983	75
983	90
983	117
983	129
983	195
983	234
983	303
983	314
983	384
983	398
983	401
983	402
983	457
983	500
983	505
983	610
983	613
983	677
983	694
983	697
983	741
983	751
983	766
983	818
983	859
983	939
983	975
984	2
984	58
984	80
984	110
984	125
984	153
984	187
984	189
984	242
984	293
984	439
984	515
984	540
984	590
984	591
984	646
984	669
984	715
984	802
984	846
984	850
984	866
984	886
984	943
984	965
984	980
984	981
985	20
985	38
985	57
985	165
985	260
985	268
985	304
985	337
985	463
985	484
985	498
985	500
985	502
985	504
985	589
985	593
985	638
985	691
985	706
985	783
985	804
985	838
985	863
985	874
985	880
985	889
985	960
986	20
986	136
986	194
986	216
986	247
986	255
986	257
986	327
986	347
986	349
986	350
986	367
986	373
986	388
986	423
986	507
986	519
986	615
986	634
986	644
986	659
986	789
986	825
986	858
986	908
986	926
986	980
986	994
987	32
987	47
987	89
987	97
987	103
987	176
987	202
987	211
987	247
987	267
987	320
987	353
987	498
987	509
987	648
987	652
987	661
987	675
987	701
987	748
987	753
987	767
987	796
987	845
987	904
987	918
987	943
987	959
988	106
988	134
988	158
988	163
988	169
988	282
988	288
988	290
988	316
988	343
988	357
988	401
988	412
988	425
988	463
988	538
988	635
988	686
988	716
988	788
988	890
988	946
988	969
988	980
988	981
988	992
988	995
988	999
989	3
989	39
989	48
989	148
989	149
989	185
989	223
989	319
989	354
989	382
989	393
989	438
989	459
989	468
989	476
989	506
989	510
989	514
989	562
989	566
989	614
989	800
989	807
989	817
989	826
989	870
989	879
989	915
990	6
990	100
990	105
990	119
990	167
990	179
990	220
990	263
990	381
990	406
990	454
990	531
990	570
990	586
990	683
990	749
990	772
990	811
990	875
990	878
990	903
990	932
990	936
990	950
990	954
990	967
990	979
990	1000
991	65
991	85
991	119
991	292
991	352
991	372
991	440
991	462
991	481
991	488
991	528
991	664
991	667
991	671
991	713
991	719
991	808
991	835
991	842
991	873
991	897
991	898
991	904
991	906
991	927
991	928
991	937
991	963
991	993
992	139
992	171
992	200
992	344
992	372
992	379
992	380
992	434
992	455
992	504
992	560
992	599
992	605
992	633
992	702
992	710
992	736
992	809
992	833
992	836
992	843
992	902
992	912
992	925
992	944
992	949
992	953
992	970
992	988
993	143
993	229
993	367
993	432
993	440
993	462
993	481
993	528
993	555
993	632
993	671
993	713
993	759
993	765
993	786
993	835
993	842
993	864
993	869
993	891
993	898
993	906
993	915
993	927
993	928
993	937
993	952
993	963
993	991
994	49
994	121
994	135
994	148
994	156
994	191
994	226
994	237
994	355
994	434
994	454
994	464
994	468
994	499
994	603
994	623
994	672
994	732
994	789
994	814
994	822
994	872
994	893
994	914
994	923
994	947
994	964
994	971
994	986
995	34
995	45
995	55
995	70
995	154
995	163
995	169
995	181
995	275
995	343
995	437
995	550
995	557
995	616
995	684
995	686
995	716
995	743
995	761
995	794
995	890
995	921
995	941
995	946
995	964
995	969
995	981
995	988
995	999
996	24
996	66
996	115
996	172
996	184
996	201
996	241
996	340
996	501
996	567
996	648
996	675
996	676
996	708
996	722
996	759
996	764
996	800
996	849
996	851
996	852
996	867
996	868
996	899
996	932
996	934
996	958
996	970
996	980
997	11
997	133
997	249
997	302
997	439
997	458
997	477
997	533
997	536
997	550
997	561
997	564
997	598
997	604
997	698
997	705
997	728
997	730
997	752
997	758
997	764
997	787
997	831
997	865
997	896
997	900
997	909
997	910
997	912
997	929
998	44
998	95
998	127
998	154
998	161
998	228
998	237
998	243
998	246
998	266
998	312
998	325
998	332
998	379
998	395
998	446
998	494
998	666
998	701
998	702
998	723
998	725
998	780
998	820
998	854
998	905
998	920
998	952
998	965
998	977
999	154
999	163
999	181
999	275
999	282
999	343
999	357
999	390
999	419
999	425
999	437
999	446
999	532
999	605
999	635
999	684
999	716
999	787
999	788
999	851
999	890
999	910
999	933
999	946
999	957
999	962
999	969
999	981
999	988
999	995
1000	4
1000	100
1000	119
1000	134
1000	147
1000	208
1000	320
1000	341
1000	406
1000	462
1000	531
1000	568
1000	575
1000	653
1000	679
1000	683
1000	749
1000	772
1000	782
1000	831
1000	875
1000	878
1000	887
1000	903
1000	936
1000	950
1000	967
1000	978
1000	979
1000	990
