1	403
1	635
1	915
1	937
1	958
2	398
2	449
2	756
2	871
2	910
3	683
3	865
3	868
3	985
3	986
4	776
4	904
4	917
4	980
4	987
5	500
5	616
5	723
5	861
5	885
6	700
6	761
6	822
6	978
6	985
7	93
7	632
7	852
7	922
7	933
8	182
8	431
8	533
8	683
8	760
9	14
9	15
9	497
9	896
9	955
10	579
10	810
10	854
10	884
10	957
11	840
11	844
11	884
11	930
11	985
12	641
12	651
12	679
12	874
12	934
13	489
13	736
13	909
13	940
13	982
14	9
14	310
14	892
14	927
14	935
15	9
15	403
15	579
15	872
15	958
16	87
16	223
16	315
16	505
16	706
17	491
17	572
17	613
17	798
17	996
18	231
18	379
18	423
18	502
18	561
19	536
19	598
19	639
19	720
19	723
20	65
20	315
20	356
20	464
20	505
21	612
21	788
21	887
21	983
21	1000
22	184
22	687
22	777
22	804
22	901
23	219
23	798
23	940
23	946
23	996
24	387
24	523
24	749
24	913
24	945
25	699
25	874
25	922
25	933
25	934
26	401
26	559
26	699
26	924
26	990
27	364
27	639
27	643
27	955
27	987
28	813
28	834
28	907
28	929
28	978
29	88
29	494
29	809
29	963
29	985
30	130
30	725
30	937
30	958
30	967
31	185
31	432
31	831
31	983
31	1000
32	47
32	54
32	98
32	807
32	992
33	258
33	481
33	737
33	878
33	998
34	817
34	826
34	880
34	952
34	959
35	902
35	927
35	935
35	992
35	999
36	354
36	563
36	629
36	760
36	993
37	332
37	554
37	559
37	879
37	911
38	313
38	476
38	712
38	886
38	944
39	502
39	730
39	892
39	968
39	992
40	324
40	592
40	662
40	734
40	892
41	488
41	743
41	850
41	895
41	993
42	510
42	621
42	890
42	948
42	962
43	192
43	460
43	718
43	749
43	908
44	841
44	852
44	874
44	922
44	934
45	801
45	855
45	921
45	960
45	974
46	532
46	611
46	836
46	856
46	997
47	32
47	139
47	804
47	911
47	997
48	719
48	767
48	805
48	828
48	1000
49	305
49	391
49	435
49	899
49	993
50	431
50	909
50	918
50	946
50	959
51	382
51	550
51	734
51	775
51	853
52	569
52	661
52	878
52	978
52	998
53	114
53	411
53	423
53	586
53	839
54	32
54	157
54	302
54	359
54	973
55	393
55	734
55	771
55	906
55	978
56	441
56	500
56	641
56	780
56	827
57	161
57	171
57	640
57	963
57	985
58	79
58	325
58	440
58	553
58	744
59	561
59	830
59	915
59	921
59	974
60	180
60	360
60	553
60	879
60	911
61	91
61	426
61	646
61	893
61	979
62	334
62	536
62	861
62	944
62	987
63	341
63	365
63	632
63	886
63	901
64	182
64	520
64	629
64	760
64	842
65	20
65	684
65	809
65	892
65	931
66	94
66	371
66	434
66	552
66	810
67	486
67	590
67	767
67	805
67	828
68	377
68	802
68	875
68	913
68	945
69	653
69	723
69	861
69	904
69	991
70	386
70	707
70	782
70	838
70	862
71	227
71	322
71	585
71	806
71	997
72	248
72	355
72	481
72	644
72	702
73	116
73	455
73	646
73	928
73	931
74	807
74	894
74	905
74	989
74	992
75	710
75	816
75	850
75	871
75	947
76	328
76	338
76	810
76	902
76	960
77	348
77	687
77	771
77	847
77	904
78	528
78	740
78	761
78	836
78	856
79	58
79	110
79	196
79	657
79	834
80	421
80	829
80	843
80	852
80	996
81	484
81	730
81	751
81	776
81	821
82	243
82	738
82	857
82	896
82	978
83	364
83	794
83	841
83	941
83	998
84	358
84	446
84	448
84	708
84	853
85	668
85	730
85	751
85	821
85	857
86	445
86	490
86	767
86	805
86	828
87	16
87	233
87	350
87	558
87	630
88	29
88	132
88	655
88	809
88	832
89	399
89	830
89	839
89	921
89	956
90	458
90	810
90	909
90	962
90	983
91	61
91	191
91	606
91	728
91	979
92	350
92	486
92	530
92	805
92	828
93	7
93	363
93	848
93	900
93	914
94	66
94	666
94	804
94	858
94	879
95	200
95	324
95	360
95	620
95	804
96	345
96	737
96	948
96	964
96	996
97	245
97	439
97	545
97	871
97	917
98	32
98	271
98	431
98	749
98	807
99	174
99	231
99	742
99	866
99	935
100	614
100	762
100	893
100	925
100	979
101	831
101	891
101	906
101	919
101	1000
102	217
102	489
102	845
102	920
102	989
103	150
103	468
103	738
103	803
103	932
104	154
104	538
104	572
104	775
104	996
105	518
105	575
105	627
105	756
105	765
106	226
106	578
106	642
106	776
106	925
107	739
107	837
107	920
107	936
107	961
108	133
108	253
108	368
108	403
108	883
109	474
109	702
109	901
109	933
109	934
110	79
110	420
110	657
110	744
110	775
111	118
111	792
111	851
111	962
111	996
112	606
112	783
112	943
112	964
112	996
113	257
113	534
113	631
113	780
113	876
114	53
114	411
114	541
114	588
114	839
115	219
115	467
115	487
115	539
115	691
116	73
116	615
116	771
116	917
116	978
117	411
117	797
117	892
117	938
117	968
118	111
118	173
118	224
118	302
118	951
119	180
119	245
119	253
119	499
119	815
120	418
120	456
120	500
120	783
120	988
121	358
121	389
121	625
121	645
121	981
122	370
122	502
122	814
122	927
122	965
123	499
123	590
123	850
123	960
123	988
124	205
124	413
124	601
124	688
124	812
125	408
125	478
125	499
125	691
125	886
126	178
126	419
126	591
126	954
126	969
127	329
127	508
127	764
127	769
127	987
128	134
128	179
128	382
128	561
128	670
129	332
129	674
129	694
129	781
129	950
130	30
130	747
130	863
130	958
130	973
131	234
131	470
131	600
131	706
131	972
132	88
132	552
132	859
132	865
132	948
133	108
133	452
133	796
133	896
133	991
134	128
134	382
134	390
134	632
134	775
135	573
135	815
135	847
135	970
135	987
136	174
136	578
136	611
136	622
136	833
137	834
137	912
137	955
137	965
137	968
138	651
138	703
138	859
138	866
138	984
139	47
139	753
139	913
139	924
139	928
140	403
140	673
140	677
140	734
140	802
141	497
141	762
141	821
141	824
141	991
142	621
142	888
142	916
142	939
142	969
143	306
143	350
143	356
143	558
143	916
144	256
144	267
144	628
144	895
144	902
145	581
145	709
145	824
145	886
145	995
146	258
146	601
146	921
146	974
146	976
147	363
147	399
147	806
147	908
147	914
148	457
148	795
148	866
148	965
148	969
149	241
149	436
149	519
149	611
149	997
150	103
150	636
150	675
150	777
150	917
151	535
151	697
151	792
151	851
151	962
152	481
152	562
152	581
152	794
152	890
153	227
153	732
153	908
153	912
153	914
154	104
154	757
154	829
154	968
154	996
155	253
155	733
155	773
155	889
155	994
156	365
156	375
156	544
156	864
156	946
157	54
157	494
157	749
157	789
157	849
158	780
158	873
158	940
158	949
158	986
159	162
159	580
159	846
159	867
159	914
160	769
160	905
160	922
160	970
160	989
161	57
161	810
161	963
161	977
161	984
162	159
162	305
162	695
162	841
162	919
163	303
163	547
163	696
163	745
163	818
164	529
164	773
164	787
164	973
164	991
165	615
165	642
165	942
165	952
165	966
166	485
166	529
166	766
166	796
166	991
167	623
167	798
167	800
167	843
167	996
168	882
168	907
168	929
168	947
168	955
169	667
169	781
169	858
169	874
169	911
170	398
170	756
170	765
170	845
170	910
171	57
171	703
171	867
171	941
171	966
172	435
172	587
172	850
172	894
172	924
173	118
173	613
173	677
173	951
173	967
174	99
174	136
174	416
174	770
174	776
175	428
175	880
175	947
175	950
175	952
176	373
176	600
176	680
176	706
176	972
177	520
177	629
177	683
177	760
177	899
178	126
178	463
178	679
178	702
178	852
179	128
179	211
179	326
179	843
179	996
180	60
180	119
180	284
180	355
180	998
181	591
181	828
181	888
181	916
181	954
182	8
182	64
182	520
182	760
182	935
183	201
183	218
183	638
183	883
183	990
184	22
184	276
184	372
184	478
184	480
185	31
185	472
185	711
185	818
185	897
186	411
186	659
186	800
186	905
186	965
187	542
187	888
187	939
187	954
187	969
188	401
188	408
188	942
188	952
188	966
189	224
189	752
189	842
189	947
189	993
190	428
190	563
190	714
190	841
190	992
191	91
191	791
191	863
191	937
191	958
192	43
192	658
192	844
192	884
192	900
193	378
193	485
193	644
193	796
193	991
194	234
194	715
194	732
194	912
194	927
195	320
195	392
195	774
195	887
195	891
196	79
196	231
196	232
196	839
196	868
197	270
197	736
197	795
197	836
197	939
198	719
198	770
198	805
198	806
198	828
199	331
199	503
199	837
199	936
199	961
200	95
200	286
200	780
200	941
200	949
201	183
201	887
201	919
201	983
201	1000
202	450
202	496
202	879
202	954
202	969
203	472
203	578
203	701
203	770
203	776
204	436
204	873
204	911
204	916
204	950
205	124
205	289
205	513
205	619
205	812
206	725
206	767
206	844
206	937
206	958
207	513
207	540
207	654
207	913
207	945
208	305
208	674
208	817
208	942
208	966
209	416
209	565
209	723
209	773
209	980
210	442
210	600
210	722
210	889
210	924
211	179
211	538
211	797
211	829
211	996
212	307
212	601
212	619
212	707
212	812
213	468
213	781
213	899
213	928
213	931
214	793
214	808
214	882
214	907
214	929
215	466
215	512
215	730
215	751
215	821
216	740
216	870
216	909
216	944
216	982
217	102
217	551
217	640
217	685
217	894
217	970
218	183
218	235
218	253
218	280
218	531
218	750
219	23
219	115
219	478
219	662
219	691
219	956
220	838
220	862
220	884
220	926
220	930
220	957
221	337
221	438
221	782
221	863
221	938
221	961
222	241
222	740
222	836
222	856
222	917
222	997
223	16
223	795
223	798
223	829
223	843
223	996
224	118
224	189
224	377
224	576
224	769
224	969
225	343
225	650
225	949
225	986
225	988
225	993
226	106
226	359
226	622
226	677
226	770
226	870
227	71
227	153
227	620
227	646
227	788
227	958
228	519
228	817
228	942
228	950
228	952
228	966
229	295
229	535
229	665
229	916
229	954
229	980
230	625
230	690
230	728
230	790
230	913
230	979
231	18
231	99
231	196
231	242
231	793
231	800
232	196
232	448
232	561
232	588
232	793
232	980
233	87
233	306
233	350
233	353
233	356
233	941
234	131
234	194
234	498
234	912
234	965
234	999
235	218
235	244
235	422
235	468
235	575
235	716
236	582
236	687
236	829
236	843
236	874
236	996
237	367
237	533
237	777
237	820
237	826
237	852
238	259
238	660
238	699
238	881
238	889
238	976
239	473
239	590
239	650
239	855
239	964
239	976
240	592
240	673
240	734
240	820
240	849
240	913
241	149
241	222
241	336
241	659
241	836
241	856
242	231
242	546
242	726
242	739
242	758
242	961
243	82
243	251
243	706
243	947
243	967
243	972
244	235
244	330
244	660
244	680
244	750
244	840
245	97
245	119
245	583
245	815
245	992
245	998
246	474
246	547
246	610
246	745
246	818
246	990
247	274
247	663
247	835
247	943
247	964
247	998
248	72
248	394
248	569
248	573
248	695
248	714
249	322
249	503
249	607
249	851
249	890
249	962
250	378
250	492
250	529
250	772
250	773
250	991
251	243
251	560
251	730
251	751
251	806
251	821
252	676
252	712
252	717
252	764
252	772
252	822
253	108
253	119
253	155
253	218
253	444
253	881
254	282
254	464
254	768
254	817
254	894
254	908
255	276
255	476
255	544
255	555
255	581
255	944
256	144
256	487
256	491
256	535
256	628
256	642
257	113
257	380
257	479
257	904
257	926
257	987
258	33
258	146
258	569
258	794
258	815
258	907
259	238
259	648
259	814
259	866
259	968
259	999
260	726
260	781
260	803
260	879
260	960
260	966
261	430
261	473
261	835
261	943
261	988
261	990
262	419
262	550
262	583
262	651
262	755
262	963
263	544
263	581
263	593
263	926
263	950
263	980
264	282
264	606
264	674
264	690
264	762
264	954
265	447
265	610
265	696
265	745
265	818
265	848
266	296
266	723
266	914
266	977
266	984
266	985
267	144
267	595
267	628
267	665
267	825
267	994
268	709
268	886
268	908
268	914
268	942
268	943
269	293
269	432
269	624
269	730
269	762
269	893
270	197
270	483
270	787
270	919
270	983
270	1000
271	98
271	342
271	457
271	677
271	850
271	945
272	544
272	591
272	764
272	910
272	917
272	987
273	442
273	567
273	660
273	803
273	908
273	924
274	247
274	718
274	806
274	886
274	900
274	944
275	530
275	719
275	767
275	805
275	828
275	968
276	184
276	255
276	516
276	687
276	720
276	932
277	711
277	763
277	816
277	915
277	921
277	956
278	580
278	586
278	761
278	870
278	963
278	977
279	394
279	697
279	799
279	851
279	926
279	962
280	218
280	652
280	660
280	722
280	874
280	933
281	452
281	655
281	787
281	896
281	906
281	991
282	254
282	264
282	389
282	620
282	855
282	979
283	295
283	535
283	628
283	665
283	715
283	886
284	180
284	743
284	824
284	860
284	994
284	995
285	503
285	792
285	799
285	890
285	962
285	980
286	200
286	454
286	855
286	943
286	979
286	988
287	599
287	679
287	770
287	776
287	820
287	934
288	808
288	813
288	882
288	907
288	929
288	954
289	205
289	374
289	601
289	812
289	831
289	937
290	370
290	518
290	803
290	847
290	880
290	966
291	845
291	869
291	884
291	920
291	970
291	989
292	721
292	727
292	813
292	882
292	907
292	929
293	269
293	646
293	728
293	754
293	855
293	979
294	667
294	711
294	910
294	917
294	956
294	974
295	229
295	283
295	535
295	574
295	665
295	850
296	266
296	554
296	583
296	651
296	779
296	951
297	455
297	545
297	651
297	687
297	770
297	777
298	493
298	676
298	791
298	863
298	872
298	937
299	589
299	615
299	696
299	919
299	983
299	1000
300	492
300	694
300	887
300	949
300	983
300	1000
301	840
301	844
301	854
301	884
301	888
301	930
302	54
302	118
302	537
302	734
302	938
302	945
303	163
303	357
303	560
303	681
303	857
303	928
304	530
304	603
304	940
304	946
304	953
304	982
305	49
305	162
305	208
305	573
305	803
305	918
306	143
306	233
306	350
306	356
306	505
306	558
307	212
307	332
307	619
307	802
307	812
307	962
308	560
308	710
308	821
308	899
308	946
308	981
309	673
309	747
309	863
309	937
309	940
309	958
310	14
310	387
310	421
310	623
310	826
310	996
311	859
311	898
311	950
311	967
311	981
311	994
312	600
312	643
312	680
312	706
312	828
312	972
313	38
313	460
313	649
313	664
313	824
313	944
314	401
314	482
314	721
314	726
314	936
314	961
315	16
315	20
315	353
315	547
315	558
315	807
316	364
316	506
316	634
316	755
316	859
316	867
317	365
317	826
317	874
317	885
317	901
317	934
318	457
318	613
318	654
318	722
318	807
318	984
319	493
319	626
319	866
319	887
319	888
319	954
320	195
320	525
320	573
320	609
320	849
320	894
321	410
321	523
321	666
321	674
321	805
321	879
322	71
322	249
322	604
322	890
322	962
322	973
323	325
323	420
323	521
323	540
323	671
323	744
324	40
324	95
324	513
324	911
324	915
324	991
325	58
325	323
325	334
325	420
325	729
325	744
326	179
326	538
326	843
326	916
326	923
326	996
327	758
327	793
327	837
327	936
327	961
327	964
328	76
328	660
328	743
328	898
328	994
328	995
329	127
329	479
329	544
329	639
329	729
329	811
330	244
330	572
330	660
330	741
330	753
330	883
331	199
331	449
331	499
331	562
331	925
331	998
332	37
332	129
332	307
332	361
332	443
332	812
333	561
333	596
333	637
333	918
333	940
333	953
334	62
334	325
334	744
334	786
334	840
334	901
335	578
335	670
335	830
335	882
335	907
335	929
336	241
336	417
336	663
336	770
336	943
336	988
337	221
337	782
337	797
337	816
337	838
337	933
338	76
338	373
338	680
338	706
338	972
338	974
339	490
339	664
339	792
339	799
339	890
339	962
340	779
340	860
340	895
340	981
340	993
340	995
341	63
341	763
341	826
341	874
341	901
341	933
342	271
342	597
342	840
342	854
342	938
342	957
343	225
343	637
343	835
343	855
343	949
343	988
344	467
344	478
344	662
344	691
344	838
344	872
345	96
345	870
345	895
345	919
345	940
345	946
346	405
346	673
346	729
346	834
346	945
346	951
347	361
347	542
347	850
347	895
347	994
347	995
348	77
348	540
348	847
348	877
348	926
348	980
349	571
349	644
349	774
349	887
349	919
349	1000
350	87
350	92
350	143
350	233
350	306
350	558
351	484
351	562
351	802
351	841
351	992
351	998
352	698
352	753
352	769
352	916
352	939
352	969
353	233
353	315
353	410
353	505
353	558
353	775
354	36
354	431
354	683
354	760
354	984
354	995
355	72
355	180
355	426
355	785
355	992
355	998
356	20
356	143
356	233
356	306
356	505
356	727
357	303
357	435
357	784
357	791
357	819
357	903
358	84
358	121
358	428
358	435
358	556
358	746
359	54
359	226
359	434
359	622
359	711
359	815
359	951
360	60
360	95
360	482
360	523
360	643
360	657
360	873
361	332
361	347
361	366
361	441
361	590
361	827
361	986
362	524
362	585
362	718
362	806
362	900
362	997
362	998
363	93
363	147
363	718
363	827
363	900
363	954
363	997
364	27
364	83
364	316
364	557
364	748
364	832
364	865
365	63
365	156
365	317
365	698
365	826
365	843
365	901
366	361
366	590
366	708
366	780
366	812
366	949
366	988
367	237
367	525
367	680
367	694
367	831
367	983
367	1000
368	108
368	559
368	733
368	735
368	753
368	924
368	951
369	408
369	478
369	662
369	895
369	912
369	935
369	991
370	122
370	290
370	942
370	950
370	952
370	965
370	966
371	66
371	746
371	759
371	915
371	925
371	959
371	971
372	184
372	545
372	614
372	903
372	906
372	932
372	978
373	176
373	338
373	478
373	600
373	680
373	972
373	974
374	289
374	413
374	443
374	601
374	812
374	854
374	888
375	156
375	486
375	510
375	918
375	953
375	968
375	982
376	701
376	752
376	785
376	797
376	824
376	930
376	938
377	68
377	224
377	548
377	588
377	807
377	945
377	951
378	193
378	250
378	791
378	796
378	881
378	896
378	991
379	18
379	390
379	446
379	561
379	702
379	793
379	839
380	257
380	616
380	668
380	811
380	904
380	907
380	987
381	598
381	687
381	784
381	896
381	917
381	928
381	978
382	51
382	128
382	134
382	561
382	775
382	839
382	854
383	511
383	787
383	796
383	896
383	932
383	951
383	991
384	432
384	625
384	690
384	754
384	768
384	893
384	966
385	682
385	829
385	846
385	883
385	905
385	920
385	989
386	70
386	495
386	509
386	558
386	672
386	939
386	969
387	24
387	310
387	623
387	693
387	798
387	829
387	996
388	429
388	622
388	642
388	657
388	770
388	776
388	808
389	121
389	282
389	459
389	609
389	690
389	790
389	908
390	134
390	379
390	423
390	541
390	573
390	727
390	775
391	49
391	499
391	565
391	655
391	678
391	902
391	923
392	195
392	437
392	496
392	891
392	910
392	919
392	1000
393	55
393	527
393	533
393	624
393	771
393	783
393	823
394	248
394	279
394	457
394	537
394	566
394	849
394	951
395	545
395	682
395	732
395	845
395	920
395	970
395	989
396	565
396	638
396	667
396	801
396	860
396	956
396	974
397	475
397	591
397	676
397	712
397	713
397	814
397	822
398	2
398	170
398	430
398	462
398	575
398	756
398	859
399	89
399	147
399	830
399	915
399	946
399	960
399	971
400	667
400	755
400	810
400	923
400	925
400	976
400	977
401	26
401	188
401	314
401	595
401	817
401	942
401	966
402	726
402	866
402	875
402	927
402	965
402	973
402	999
403	1
403	15
403	108
403	140
403	791
403	937
403	958
404	505
404	730
404	897
404	902
404	915
404	959
404	971
405	346
405	434
405	513
405	537
405	566
405	567
405	951
406	464
406	743
406	850
406	871
406	931
406	993
406	995
407	456
407	761
407	809
407	848
407	886
407	951
407	977
408	125
408	188
408	369
408	478
408	539
408	662
408	691
409	476
409	727
409	808
409	813
409	882
409	907
409	929
410	321
410	353
410	523
410	781
410	804
410	811
410	873
411	53
411	114
411	117
411	186
411	453
411	476
411	793
412	517
412	693
412	842
412	844
412	930
412	938
412	957
413	124
413	374
413	443
413	619
413	812
413	816
413	909
414	613
414	618
414	686
414	819
414	906
414	931
414	967
415	507
415	528
415	721
415	726
415	936
415	953
415	961
416	174
416	209
416	531
416	642
416	776
416	861
416	885
417	336
417	429
417	642
417	770
417	833
417	841
417	986
418	120
418	579
418	665
418	791
418	937
418	958
418	990
419	126
419	262
419	736
419	742
419	888
419	954
419	969
420	110
420	323
420	325
420	671
420	744
420	927
420	952
421	80
421	310
421	533
421	798
421	829
421	864
421	996
422	235
422	605
422	699
422	735
422	750
422	760
422	866
423	18
423	53
423	390
423	549
423	775
423	853
423	876
424	580
424	688
424	832
424	946
424	963
424	977
424	997
425	742
425	789
425	901
425	908
425	912
425	927
425	999
426	61
426	355
426	562
426	644
426	815
426	899
426	992
427	489
427	586
427	888
427	902
427	940
427	946
427	948
428	175
428	190
428	358
428	435
428	689
428	860
428	877
429	388
429	417
429	622
429	776
429	799
429	833
429	979
430	261
430	398
430	574
430	627
430	682
430	756
430	765
431	8
431	50
431	98
431	354
431	629
431	683
431	760
432	31
432	269
432	384
432	556
432	560
432	831
432	983
433	451
433	508
433	692
433	851
433	885
433	962
433	973
434	66
434	359
434	405
434	444
434	593
434	617
434	802
435	49
435	172
435	357
435	358
435	428
435	671
435	967
436	149
436	204
436	858
436	866
436	873
436	879
436	950
437	392
437	633
437	669
437	788
437	831
437	972
437	983
438	221
438	469
438	490
438	758
438	818
438	936
438	961
439	97
439	819
439	928
439	931
439	932
439	938
439	947
440	58
440	875
440	900
440	912
440	965
440	992
440	999
441	56
441	361
441	631
441	685
441	790
441	876
441	986
442	210
442	273
442	567
442	638
442	741
442	836
442	944
443	332
443	374
443	413
443	619
443	812
443	876
443	961
444	253
444	434
444	923
444	925
444	960
444	971
444	974
445	86
445	451
445	489
445	918
445	948
445	953
445	964
446	84
446	379
446	453
446	477
446	602
446	708
446	839
447	265
447	495
447	610
447	696
447	745
447	818
447	897
448	84
448	232
448	708
448	720
448	800
448	839
448	853
449	2
449	331
449	563
449	794
449	841
449	846
449	878
450	202
450	736
450	888
450	916
450	937
450	939
450	975
451	433
451	445
451	498
451	778
451	948
451	953
451	982
452	133
452	281
452	502
452	546
452	865
452	896
452	991
453	411
453	446
453	706
453	708
453	775
453	853
453	994
454	286
454	520
454	751
454	783
454	821
454	949
454	950
455	73
455	297
455	857
455	903
455	932
455	944
455	986
456	120
456	407
456	459
456	555
456	658
456	848
456	997
457	148
457	271
457	318
457	394
457	571
457	617
457	849
458	90
458	667
458	678
458	690
458	921
458	923
458	985
459	389
459	456
459	514
459	586
459	614
459	754
459	757
460	43
460	313
460	505
460	555
460	608
460	718
460	847
461	640
461	813
461	894
461	905
461	958
461	970
461	989
462	398
462	559
462	575
462	627
462	765
462	910
462	933
463	178
463	692
463	698
463	714
463	820
463	852
463	901
464	20
464	254
464	406
464	620
464	754
464	757
464	893
465	636
465	817
465	880
465	942
465	952
465	970
465	1000
466	215
466	634
466	803
466	880
466	942
466	952
466	966
467	115
467	344
467	529
467	539
467	662
467	691
467	926
468	103
468	213
468	235
468	889
468	903
468	953
468	990
469	438
469	604
469	721
469	837
469	843
469	936
469	961
470	131
470	731
470	816
470	872
470	902
470	923
470	960
471	531
471	556
471	658
471	664
471	735
471	886
471	944
472	185
472	203
472	646
472	745
472	770
472	818
472	891
473	239
473	261
473	671
473	783
473	876
473	915
473	941
473	966
474	109
474	246
474	547
474	610
474	696
474	745
474	818
474	819
475	397
475	676
475	700
475	713
475	717
475	755
475	776
475	822
476	38
476	255
476	409
476	411
476	556
476	806
476	900
476	997
477	446
477	689
477	704
477	821
477	871
477	895
477	898
477	981
478	125
478	184
478	219
478	344
478	369
478	373
478	408
478	539
479	257
479	329
479	764
479	885
479	942
479	945
479	980
479	987
480	184
480	495
480	720
480	819
480	823
480	924
480	932
480	939
481	33
481	72
481	152
481	563
481	625
481	815
481	863
481	998
482	314
482	360
482	648
482	804
482	858
482	873
482	879
482	956
483	270
483	589
483	605
483	669
483	891
483	926
483	983
483	1000
484	81
484	351
484	649
484	695
484	746
484	794
484	992
484	998
485	166
485	193
485	511
485	773
485	820
485	893
485	896
485	991
486	67
486	92
486	375
486	719
486	767
486	805
486	828
486	987
487	115
487	256
487	535
487	628
487	680
487	706
487	853
487	972
488	41
488	576
488	789
488	892
488	930
488	935
488	965
488	999
489	13
489	102
489	427
489	445
489	498
489	617
489	946
489	982
490	86
490	339
490	438
490	767
490	786
490	828
490	926
490	980
491	17
491	256
491	538
491	628
491	665
491	809
491	847
491	996
492	250
492	300
492	571
492	887
492	891
492	947
492	983
492	1000
493	298
493	319
493	635
493	747
493	765
493	872
493	958
493	990
494	29
494	157
494	566
494	592
494	613
494	654
494	671
494	834
495	386
495	447
495	480
495	922
495	931
495	932
495	939
495	991
496	202
496	392
496	509
496	888
496	897
496	916
496	939
496	969
497	9
497	141
497	533
497	624
497	686
497	687
497	857
497	931
498	234
498	451
498	489
498	870
498	904
498	946
498	953
498	982
499	119
499	123
499	125
499	331
499	391
499	843
499	960
499	998
500	5
500	56
500	120
500	582
500	688
500	855
500	876
500	943
501	658
501	672
501	709
501	732
501	845
501	900
501	944
501	997
502	18
502	39
502	122
502	452
502	789
502	935
502	955
502	968
503	199
503	249
503	285
503	725
503	799
503	851
503	890
503	962
504	541
504	707
504	760
504	782
504	785
504	862
504	930
504	957
505	16
505	20
505	306
505	353
505	356
505	404
505	460
505	558
506	316
506	675
506	688
506	861
506	914
506	963
506	977
506	984
507	415
507	734
507	739
507	758
507	833
507	936
507	961
507	975
508	127
508	433
508	565
508	668
508	723
508	811
508	847
508	977
509	386
509	496
509	774
509	888
509	916
509	939
509	941
509	954
510	42
510	375
510	757
510	870
510	948
510	953
510	955
510	959
511	383
511	485
511	655
511	773
511	787
511	803
511	958
511	991
512	215
512	560
512	615
512	730
512	751
512	821
512	857
512	875
513	205
513	207
513	324
513	405
513	592
513	617
513	913
513	1000
514	459
514	549
514	614
514	768
514	849
514	871
514	942
514	979
515	810
515	830
515	882
515	897
515	945
515	960
515	971
515	974
516	276
516	715
516	739
516	801
516	927
516	973
516	974
516	976
517	412
517	638
517	651
517	735
517	753
517	881
517	889
517	924
518	105
518	290
518	630
518	891
518	919
518	956
518	976
518	1000
519	149
519	228
519	564
519	740
519	836
519	856
519	963
519	997
520	64
520	177
520	182
520	454
520	629
520	683
520	708
520	760
521	323
521	688
521	745
521	749
521	834
521	865
521	945
521	984
522	686
522	746
522	778
522	871
522	981
522	989
522	994
522	995
523	24
523	321
523	360
523	410
523	648
523	661
523	858
523	873
524	362
524	612
524	682
524	845
524	883
524	905
524	970
524	989
525	320
525	367
525	788
525	891
525	919
525	963
525	983
525	1000
526	594
526	748
526	796
526	868
526	950
526	977
526	984
526	985
527	393
527	681
527	687
527	771
527	903
527	931
527	959
527	990
528	78
528	415
528	564
528	692
528	740
528	836
528	856
528	997
529	164
529	166
529	250
529	467
529	787
529	896
529	930
529	991
530	92
530	275
530	304
530	719
530	767
530	805
530	828
530	946
531	218
531	416
531	471
531	658
531	664
531	732
531	848
531	944
532	46
532	564
532	616
532	627
532	740
532	836
532	856
532	997
533	8
533	237
533	393
533	421
533	497
533	931
533	932
533	978
534	113
534	550
534	602
534	827
534	832
534	855
534	986
534	988
535	151
535	229
535	256
535	283
535	295
535	487
535	628
535	665
536	19
536	62
536	861
536	885
536	960
536	962
536	980
536	987
537	302
537	394
537	405
537	566
537	718
537	749
537	862
537	951
538	104
538	211
538	326
538	491
538	632
538	843
538	913
538	996
539	115
539	408
539	467
539	478
539	655
539	662
539	691
539	696
540	207
540	323
540	348
540	639
540	764
540	926
540	980
540	987
541	114
541	390
541	504
541	642
541	708
541	793
541	800
541	839
542	187
542	347
542	833
542	877
542	895
542	975
542	981
542	993
543	697
543	792
543	799
543	851
543	861
543	890
543	895
543	962
544	156
544	255
544	263
544	272
544	329
544	786
544	861
544	926
545	97
545	297
545	372
545	395
545	548
545	819
545	873
545	978
546	242
546	452
546	582
546	773
546	796
546	824
546	896
546	991
547	163
547	246
547	315
547	474
547	696
547	818
547	897
547	947
548	377
548	545
548	675
548	738
548	903
548	906
548	932
548	964
549	423
549	514
549	629
549	683
549	748
549	760
549	762
549	979
550	51
550	262
550	534
550	588
550	775
550	793
550	800
550	853
551	217
551	691
551	845
551	846
551	869
551	905
551	920
551	921
552	66
552	132
552	591
552	736
552	808
552	882
552	929
552	969
553	58
553	60
553	563
553	700
553	744
553	798
553	843
553	996
554	37
554	296
554	816
554	873
554	879
554	885
554	911
554	977
554	984
555	255
555	456
555	460
555	570
555	581
555	608
555	658
555	827
555	914
556	358
556	432
556	471
556	476
556	608
556	658
556	732
556	806
556	908
557	364
557	859
557	865
557	936
557	941
557	963
557	968
557	977
557	985
558	87
558	143
558	306
558	315
558	350
558	353
558	386
558	505
558	779
559	26
559	37
559	368
559	462
559	605
559	716
559	722
559	733
559	990
560	251
560	303
560	308
560	432
560	512
560	730
560	751
560	821
560	857
561	18
561	59
561	128
561	232
561	333
561	379
561	382
561	793
561	853
562	152
562	331
562	351
562	426
562	601
562	644
562	858
562	945
562	992
563	36
563	190
563	449
563	481
563	553
563	605
563	671
563	744
563	849
564	519
564	528
564	532
564	836
564	856
564	869
564	893
564	918
564	997
565	209
565	391
565	396
565	508
565	801
565	816
565	921
565	956
565	976
566	394
566	405
566	494
566	537
566	807
566	811
566	894
566	945
566	951
567	273
567	405
567	442
567	716
567	733
567	753
567	777
567	924
567	990
568	607
568	793
568	800
568	811
568	822
568	839
568	847
568	853
568	892
569	52
569	248
569	258
569	644
569	649
569	714
569	778
569	878
569	998
570	555
570	743
570	750
570	881
570	889
570	899
570	935
570	990
570	994
571	349
571	457
571	492
571	774
571	851
571	887
571	891
571	983
571	1000
572	17
572	104
572	330
572	582
572	623
572	829
572	830
572	843
572	996
573	135
573	248
573	305
573	320
573	390
573	746
573	790
573	878
573	998
574	295
574	430
574	575
574	627
574	684
574	756
574	765
574	781
574	910
575	105
575	235
575	398
575	462
575	574
575	756
575	765
575	910
575	952
576	224
576	488
576	684
576	714
576	742
576	955
576	965
576	973
576	999
577	716
577	722
577	741
577	750
577	753
577	814
577	883
577	889
577	912
578	106
578	136
578	203
578	335
578	582
578	622
578	642
578	770
578	833
579	10
579	15
579	418
579	693
579	700
579	872
579	954
579	958
579	990
580	159
580	278
580	424
580	664
580	779
580	936
580	977
580	984
580	985
581	145
581	152
581	255
581	263
581	555
581	585
581	869
581	944
581	997
582	236
582	500
582	546
582	572
582	578
582	780
582	829
582	988
582	996
583	245
583	262
583	296
583	832
583	852
583	865
583	868
583	984
583	985
584	621
584	695
584	831
584	845
584	846
584	864
584	869
584	970
584	989
585	71
585	362
585	581
585	709
585	754
585	886
585	900
585	927
585	944
586	53
586	278
586	427
586	459
586	627
586	671
586	953
586	982
586	986
587	172
587	605
587	722
587	735
587	741
587	750
587	754
587	889
587	964
588	114
588	232
588	377
588	550
588	793
588	800
588	853
588	954
588	990
589	299
589	483
589	742
589	774
589	861
589	904
589	971
589	987
589	1000
590	67
590	123
590	239
590	361
590	366
590	604
590	780
590	876
590	986
591	126
591	181
591	272
591	397
591	552
591	672
591	888
591	954
591	965
592	40
592	240
592	494
592	513
592	677
592	799
592	802
592	851
592	923
593	263
593	434
593	668
593	713
593	717
593	772
593	786
593	822
593	848
594	526
594	688
594	703
594	741
594	755
594	779
594	867
594	985
594	995
595	267
595	401
595	615
595	633
595	636
595	784
595	880
595	942
595	966
596	333
596	761
596	864
596	870
596	909
596	940
596	959
596	972
596	989
597	342
597	795
597	864
597	870
597	876
597	946
597	953
597	972
597	982
598	19
598	381
598	620
598	723
598	759
598	764
598	904
598	980
598	987
599	287
599	710
599	746
599	820
599	826
599	901
599	933
599	934
599	994
600	131
600	176
600	210
600	312
600	373
600	680
600	706
600	768
600	972
601	124
601	146
601	212
601	289
601	374
601	562
601	619
601	680
601	812
602	446
602	534
602	631
602	647
602	679
602	949
602	964
602	986
602	988
603	304
603	629
603	662
603	864
603	870
603	909
603	940
603	946
603	953
604	322
604	469
604	590
604	697
604	799
604	890
604	962
604	973
604	999
605	422
605	483
605	559
605	563
605	587
605	638
605	699
605	722
605	889
606	91
606	112
606	264
606	728
606	754
606	848
606	893
606	979
606	980
607	249
607	568
607	616
607	786
607	811
607	857
607	885
607	926
607	987
608	460
608	555
608	556
608	709
608	824
608	859
608	886
608	887
608	944
609	320
609	389
609	846
609	869
609	894
609	920
609	970
609	989
609	993
610	246
610	265
610	447
610	474
610	745
610	800
610	818
610	897
610	997
611	46
611	136
611	149
611	654
611	740
611	820
611	836
611	856
611	997
612	21
612	524
612	633
612	634
612	721
612	880
612	936
612	952
612	961
613	17
613	173
613	318
613	414
613	494
613	673
613	913
613	934
613	945
614	100
614	372
614	459
614	514
614	728
614	762
614	789
614	839
614	893
615	116
615	165
615	299
615	512
615	595
615	634
615	817
615	952
615	966
616	5
616	380
616	532
616	607
616	811
616	861
616	885
616	924
616	987
617	434
617	457
617	489
617	513
617	654
617	802
617	834
617	913
617	980
618	414
618	675
618	681
618	762
618	771
618	797
618	819
618	978
618	993
619	205
619	212
619	307
619	413
619	443
619	601
619	747
619	783
619	812
620	95
620	227
620	282
620	464
620	598
620	661
620	757
620	762
620	893
621	42
621	142
621	584
621	846
621	894
621	905
621	920
621	970
621	989
622	136
622	226
622	359
622	388
622	429
622	578
622	629
622	741
622	776
623	167
623	310
623	387
623	572
623	650
623	798
623	829
623	843
623	938
623	996
624	269
624	393
624	497
624	686
624	777
624	784
624	879
624	896
624	903
624	932
625	121
625	230
625	384
625	481
625	646
625	728
625	754
625	768
625	896
625	979
626	319
626	797
626	842
626	892
626	927
626	935
626	955
626	962
626	964
626	999
627	105
627	430
627	462
627	532
627	574
627	586
627	756
627	765
627	910
627	913
628	144
628	256
628	267
628	283
628	487
628	491
628	535
628	656
628	665
628	849
629	36
629	64
629	177
629	431
629	520
629	549
629	603
629	622
629	683
629	760
630	87
630	518
630	759
630	816
630	865
630	902
630	910
630	923
630	956
630	971
631	113
631	441
631	602
631	647
631	800
631	827
631	876
631	949
631	980
631	988
632	7
632	63
632	134
632	538
632	657
632	679
632	826
632	933
632	934
632	949
633	437
633	595
633	612
633	817
633	880
633	942
633	946
633	950
633	952
633	966
634	316
634	466
634	612
634	615
634	636
634	727
634	777
634	942
634	950
634	966
635	1
635	493
635	695
635	723
635	794
635	863
635	872
635	921
635	992
635	998
636	150
636	465
636	595
636	634
636	803
636	817
636	880
636	952
636	966
636	982
637	333
637	343
637	682
637	737
637	870
637	891
637	940
637	948
637	953
637	964
638	183
638	396
638	442
638	517
638	605
638	741
638	750
638	826
638	881
638	924
639	19
639	27
639	329
639	540
639	699
639	917
639	926
639	972
639	987
639	988
640	57
640	217
640	461
640	691
640	845
640	869
640	894
640	920
640	970
640	989
641	12
641	56
641	670
641	727
641	808
641	813
641	882
641	907
641	929
641	944
642	106
642	165
642	256
642	388
642	416
642	417
642	541
642	578
642	770
642	776
643	27
643	312
643	360
643	759
643	786
643	837
643	885
643	936
643	961
643	980
644	72
644	193
644	349
644	426
644	562
644	569
644	695
644	794
644	815
644	878
645	121
645	689
645	766
645	778
645	871
645	899
645	947
645	968
645	975
645	993
646	61
646	73
646	227
646	293
646	472
646	625
646	649
646	757
646	768
646	790
647	602
647	631
647	652
647	759
647	766
647	876
647	906
647	943
647	986
647	988
648	259
648	482
648	523
648	674
648	804
648	858
648	873
648	883
648	911
648	970
649	313
649	484
649	569
649	646
649	685
649	768
649	820
649	852
649	901
649	979
650	225
650	239
650	623
650	663
650	780
650	783
650	835
650	915
650	943
650	964
651	12
651	138
651	262
651	296
651	297
651	517
651	867
651	914
651	963
651	985
652	280
652	647
652	783
652	818
652	827
652	876
652	941
652	943
652	986
652	988
653	69
653	703
653	785
653	842
653	844
653	862
653	884
653	930
653	938
653	957
654	207
654	318
654	494
654	611
654	617
654	734
654	834
654	903
654	913
654	951
655	88
655	281
655	391
655	511
655	539
655	772
655	773
655	787
655	796
655	991
656	628
656	692
656	710
656	825
656	871
656	898
656	975
656	985
656	993
656	994
657	79
657	110
657	360
657	388
657	632
657	698
657	874
657	901
657	911
657	950
658	192
658	456
658	471
658	501
658	531
658	555
658	556
658	837
658	876
658	944
659	186
659	241
659	742
659	789
659	866
659	912
659	927
659	968
659	977
659	999
660	238
660	244
660	273
660	280
660	328
660	330
660	756
660	825
660	881
660	924
661	52
661	523
661	620
661	743
661	860
661	898
661	975
661	981
661	993
661	994
662	40
662	219
662	344
662	369
662	408
662	467
662	539
662	603
662	691
662	765
663	247
663	336
663	650
663	766
663	777
663	779
663	827
663	949
663	950
663	988
664	313
664	339
664	471
664	531
664	580
664	705
664	732
664	886
664	900
664	944
665	229
665	267
665	283
665	295
665	418
665	491
665	535
665	628
665	693
665	920
666	94
666	321
666	718
666	750
666	781
666	804
666	858
666	873
666	879
666	911
667	169
667	294
667	396
667	400
667	458
667	711
667	910
667	932
667	975
667	976
668	85
668	380
668	508
668	593
668	805
668	847
668	904
668	917
668	926
668	929
669	437
669	483
669	694
669	713
669	748
669	788
669	831
669	891
669	909
669	983
670	128
670	335
670	641
670	705
670	727
670	808
670	813
670	882
670	907
670	929
671	323
671	420
671	435
671	473
671	494
671	563
671	586
671	744
671	875
671	986
672	386
672	501
672	591
672	687
672	736
672	769
672	916
672	939
672	954
672	969
673	140
673	240
673	309
673	346
673	613
673	715
673	802
673	807
673	951
673	970
674	129
674	208
674	264
674	321
674	648
674	858
674	879
674	911
674	950
674	981
675	150
675	506
675	548
675	618
675	681
675	777
675	798
675	906
675	931
675	978
676	252
676	298
676	397
676	475
676	701
676	712
676	713
676	717
676	722
676	822
677	140
677	173
677	226
677	271
677	592
677	834
677	848
677	913
677	945
677	951
678	391
678	458
678	724
678	816
678	826
678	921
678	923
678	948
678	976
678	992
679	12
679	178
679	287
679	602
679	632
679	692
679	769
679	874
679	901
679	933
679	934
680	176
680	244
680	312
680	338
680	367
680	373
680	487
680	600
680	601
680	706
680	972
681	303
681	527
681	618
681	675
681	739
681	823
681	894
681	906
681	917
681	928
681	985
682	385
682	395
682	430
682	524
682	637
682	845
682	846
682	869
682	894
682	920
682	989
683	3
683	8
683	177
683	354
683	431
683	520
683	549
683	629
683	760
683	772
683	853
684	65
684	574
684	576
684	763
684	875
684	927
684	955
684	957
684	965
684	968
684	999
685	217
685	441
685	649
685	707
685	737
685	790
685	820
685	922
685	934
685	940
685	982
686	414
686	497
686	522
686	624
686	738
686	772
686	823
686	928
686	931
686	932
686	951
687	22
687	77
687	236
687	276
687	297
687	381
687	497
687	527
687	672
687	823
687	917
688	124
688	424
688	500
688	506
688	521
688	594
688	695
688	779
688	867
688	868
688	984
689	428
689	477
689	645
689	806
689	877
689	899
689	947
689	967
689	981
689	995
689	997
690	230
690	264
690	384
690	389
690	458
690	728
690	757
690	790
690	896
690	937
690	979
691	115
691	125
691	219
691	344
691	408
691	467
691	539
691	551
691	640
691	662
691	969
692	433
692	463
692	528
692	656
692	679
692	826
692	899
692	934
692	937
692	975
692	981
693	387
693	412
693	579
693	665
693	725
693	747
693	791
693	863
693	872
693	937
693	958
694	129
694	300
694	367
694	669
694	774
694	788
694	861
694	919
694	947
694	983
694	1000
695	162
695	248
695	484
695	584
695	635
695	644
695	688
695	841
695	849
695	858
695	998
696	163
696	265
696	299
696	447
696	474
696	539
696	547
696	745
696	818
696	897
696	920
697	151
697	279
697	543
697	604
697	792
697	851
697	890
697	934
697	962
697	970
697	973
698	352
698	365
698	463
698	657
698	708
698	820
698	826
698	874
698	922
698	933
698	934
699	25
699	26
699	238
699	422
699	605
699	639
699	733
699	735
699	750
699	883
699	990
700	6
700	475
700	553
700	579
700	712
700	713
700	717
700	772
700	814
700	822
700	837
701	203
701	376
701	676
701	707
701	782
701	785
701	840
701	842
701	844
701	938
701	957
702	72
702	109
702	178
702	379
702	805
702	820
702	826
702	874
702	901
702	922
702	933
703	138
703	171
703	594
703	653
703	755
703	779
703	859
703	914
703	951
703	977
703	985
704	477
704	750
704	821
704	825
704	860
704	871
704	909
704	967
704	975
704	981
704	995
705	664
705	670
705	816
705	869
705	894
705	903
705	915
705	923
705	925
705	970
705	989
706	16
706	131
706	176
706	243
706	312
706	338
706	453
706	487
706	600
706	680
706	972
707	70
707	212
707	504
707	685
707	701
707	842
707	844
707	854
707	903
707	930
707	957
708	84
708	366
708	446
708	448
708	453
708	520
708	541
708	698
708	775
708	800
708	853
709	145
709	268
709	501
709	585
709	608
709	718
709	732
709	755
709	806
709	808
709	944
710	75
710	308
710	599
710	656
710	813
710	967
710	975
710	984
710	993
710	994
710	995
711	185
711	277
711	294
711	359
711	667
711	801
711	830
711	889
711	923
711	959
711	971
712	38
712	252
712	397
712	676
712	700
712	713
712	772
712	814
712	822
712	839
712	902
713	397
713	475
713	593
713	669
713	676
713	700
713	712
713	717
713	822
713	905
713	969
714	190
714	248
714	463
714	569
714	576
714	794
714	815
714	841
714	878
714	920
714	998
715	194
715	283
715	516
715	673
715	763
715	884
715	892
715	935
715	955
715	968
715	999
716	235
716	559
716	567
716	577
716	735
716	755
716	856
716	889
716	924
716	990
716	992
717	252
717	475
717	593
717	676
717	700
717	713
717	736
717	737
717	814
717	822
717	983
718	43
718	274
718	362
718	363
718	460
718	537
718	666
718	709
718	848
718	900
718	976
719	48
719	198
719	275
719	486
719	530
719	741
719	767
719	805
719	812
719	828
719	933
720	19
720	276
720	448
720	480
720	771
720	784
720	799
720	857
720	906
720	928
720	932
721	292
721	314
721	415
721	469
721	612
721	739
721	837
721	920
721	931
721	936
721	961
722	210
722	280
722	318
722	559
722	577
722	587
722	605
722	676
722	825
722	881
722	883
722	924
723	5
723	19
723	69
723	209
723	266
723	508
723	598
723	635
723	847
723	904
723	942
723	980
724	678
724	759
724	782
724	819
724	830
724	925
724	959
724	960
724	971
724	974
724	976
724	981
725	30
725	206
725	503
725	693
725	791
725	863
725	867
725	872
725	932
725	937
725	958
725	990
726	242
726	260
726	314
726	402
726	415
726	739
726	758
726	805
726	833
726	837
726	936
726	961
727	292
727	356
727	390
727	409
727	634
727	641
727	670
727	808
727	813
727	882
727	907
727	929
728	91
728	230
728	293
728	606
728	614
728	625
728	690
728	908
728	929
728	959
728	979
728	993
729	325
729	329
729	346
729	801
729	855
729	876
729	902
729	921
729	949
729	974
729	976
729	986
730	39
730	81
730	85
730	215
730	251
730	269
730	404
730	512
730	560
730	751
730	821
730	857
731	470
731	810
731	897
731	904
731	915
731	925
731	959
731	965
731	968
731	971
731	974
731	976
732	153
732	194
732	395
732	501
732	531
732	556
732	664
732	709
732	806
732	824
732	833
732	908
733	155
733	368
733	559
733	567
733	699
733	792
733	890
733	901
733	962
733	965
733	973
733	983
734	40
734	51
734	55
734	140
734	240
734	302
734	507
734	654
734	807
734	834
734	913
734	945
735	368
735	422
735	471
735	517
735	587
735	699
735	716
735	753
735	828
735	889
735	953
735	990
736	13
736	197
736	419
736	450
736	552
736	672
736	717
736	769
736	916
736	922
736	954
736	969
737	33
737	96
737	637
737	685
737	717
737	790
737	795
737	812
737	870
737	909
737	918
737	940
738	82
738	103
738	548
738	686
738	784
738	793
738	823
738	899
738	906
738	932
738	937
738	978
739	107
739	242
739	507
739	516
739	681
739	721
739	726
739	758
739	837
739	882
739	936
739	961
740	78
740	216
740	222
740	519
740	528
740	532
740	611
740	836
740	856
740	984
740	988
740	997
741	330
741	442
741	577
741	587
741	594
741	622
741	638
741	719
741	750
741	753
741	834
741	881
741	889
742	99
742	419
742	425
742	576
742	589
742	659
742	780
742	789
742	866
742	912
742	955
742	965
742	999
743	41
743	284
743	328
743	406
743	570
743	661
743	757
743	877
743	964
743	975
743	981
743	988
743	993
744	58
744	110
744	323
744	325
744	334
744	420
744	553
744	563
744	671
744	781
744	833
744	841
744	892
745	163
745	246
745	265
745	447
745	472
745	474
745	521
745	610
745	696
745	818
745	897
745	979
745	985
746	358
746	371
746	484
746	522
746	573
746	599
746	841
746	878
746	890
746	947
746	975
746	995
746	998
747	130
747	309
747	493
747	619
747	693
747	791
747	863
747	872
747	880
747	937
747	958
747	990
747	998
748	364
748	526
748	549
748	669
748	859
748	865
748	867
748	868
748	883
748	963
748	977
748	984
748	985
749	24
749	43
749	98
749	157
749	521
749	537
749	802
749	807
749	834
749	885
749	898
749	945
749	951
750	218
750	244
750	422
750	570
750	577
750	587
750	638
750	666
750	699
750	704
750	741
750	814
750	924
751	81
751	85
751	215
751	251
751	454
751	512
751	560
751	730
751	780
751	821
751	857
751	979
751	984
752	189
752	376
752	832
752	838
752	840
752	862
752	884
752	903
752	930
752	938
752	957
752	961
752	1000
753	139
753	330
753	352
753	368
753	517
753	567
753	577
753	735
753	741
753	873
753	881
753	905
753	924
754	293
754	384
754	459
754	464
754	585
754	587
754	606
754	625
754	757
754	768
754	851
754	893
754	979
755	262
755	316
755	400
755	475
755	594
755	703
755	709
755	716
755	779
755	832
755	859
755	868
755	984
756	2
756	105
756	170
756	398
756	430
756	574
756	575
756	627
756	660
756	765
756	910
756	924
756	970
757	154
757	459
757	464
757	510
757	620
757	646
757	690
757	743
757	754
757	762
757	893
757	908
757	979
758	242
758	327
758	438
758	507
758	726
758	739
758	833
758	835
758	837
758	849
758	936
758	961
758	992
759	371
759	598
759	630
759	643
759	647
759	724
759	810
759	830
759	897
759	910
759	925
759	956
759	976
760	8
760	36
760	64
760	177
760	182
760	354
760	422
760	431
760	504
760	520
760	549
760	629
760	683
761	6
761	78
761	278
761	407
761	596
761	809
761	832
761	859
761	868
761	941
761	957
761	984
761	987
762	100
762	141
762	264
762	269
762	549
762	614
762	618
762	620
762	757
762	768
762	795
762	893
762	979
763	277
763	341
763	684
763	715
763	789
763	797
763	866
763	892
763	912
763	935
763	952
763	955
763	968
764	127
764	252
764	272
764	479
764	540
764	598
764	806
764	885
764	917
764	926
764	953
764	980
764	987
765	105
765	170
765	430
765	462
765	493
765	574
765	575
765	627
765	662
765	756
765	858
765	893
765	910
766	166
766	645
766	647
766	663
766	783
766	791
766	835
766	855
766	911
766	941
766	949
766	964
766	988
767	48
767	67
767	86
767	206
767	275
767	486
767	490
767	530
767	719
767	801
767	805
767	828
767	835
768	254
768	384
768	514
768	600
768	625
768	646
768	649
768	754
768	762
768	876
768	893
768	908
768	979
768	999
769	127
769	160
769	224
769	352
769	672
769	679
769	736
769	795
769	888
769	916
769	922
769	939
769	954
769	969
770	174
770	198
770	203
770	226
770	287
770	297
770	336
770	388
770	417
770	472
770	578
770	642
770	776
770	833
771	55
771	77
771	116
771	393
771	527
771	618
771	720
771	823
771	841
771	903
771	914
771	928
771	932
771	978
772	250
772	252
772	593
772	655
772	683
772	686
772	700
772	712
772	773
772	814
772	822
772	856
772	896
772	991
773	155
773	164
773	209
773	250
773	485
773	511
773	546
773	655
773	772
773	787
773	796
773	824
773	978
773	991
774	195
774	349
774	509
774	571
774	589
774	694
774	788
774	831
774	850
774	887
774	891
774	919
774	921
774	983
775	51
775	104
775	110
775	134
775	353
775	382
775	390
775	423
775	453
775	550
775	708
775	800
775	829
775	853
776	4
776	81
776	106
776	174
776	203
776	287
776	388
776	416
776	429
776	475
776	622
776	642
776	770
776	833
777	22
777	150
777	237
777	297
777	567
777	624
777	634
777	663
777	675
777	784
777	819
777	903
777	928
777	983
778	451
778	522
778	569
778	645
778	823
778	848
778	895
778	898
778	947
778	975
778	981
778	993
778	994
778	995
779	296
779	340
779	558
779	580
779	594
779	663
779	688
779	703
779	755
779	830
779	832
779	977
779	984
779	985
780	56
780	113
780	158
780	200
780	366
780	582
780	590
780	650
780	742
780	751
780	814
780	855
780	949
780	986
781	129
781	169
781	213
781	260
781	410
781	574
781	666
781	744
781	858
781	870
781	873
781	879
781	911
781	950
782	70
782	221
782	337
782	504
782	701
782	724
782	838
782	840
782	846
782	854
782	862
782	884
782	889
782	938
783	112
783	120
783	393
783	454
783	473
783	619
783	650
783	652
783	766
783	787
783	835
783	855
783	933
783	943
784	357
784	381
784	595
784	624
784	720
784	738
784	777
784	903
784	928
784	931
784	932
784	976
784	978
784	997
785	355
785	376
785	504
785	653
785	701
785	838
785	842
785	844
785	878
785	884
785	910
785	925
785	938
785	957
786	334
786	490
786	544
786	593
786	607
786	643
786	847
786	859
786	885
786	904
786	911
786	935
786	980
786	987
787	164
787	270
787	281
787	383
787	511
787	529
787	655
787	773
787	783
787	796
787	824
787	896
787	991
787	994
788	21
788	227
788	437
788	525
788	669
788	694
788	774
788	831
788	887
788	891
788	919
788	939
788	969
788	1000
789	157
789	425
789	488
789	502
789	614
789	659
789	742
789	763
789	875
789	942
789	955
789	965
789	992
789	999
790	230
790	389
790	441
790	573
790	646
790	685
790	690
790	737
790	864
790	908
790	918
790	940
790	942
790	948
790	979
791	191
791	298
791	357
791	378
791	403
791	418
791	693
791	725
791	747
791	766
791	863
791	872
791	937
791	958
791	990
792	111
792	151
792	285
792	339
792	543
792	697
792	733
792	799
792	851
792	890
792	927
792	930
792	962
792	973
792	974
793	214
793	231
793	232
793	327
793	379
793	411
793	541
793	550
793	561
793	568
793	588
793	738
793	800
793	804
793	839
794	83
794	152
794	258
794	449
794	484
794	635
794	644
794	714
794	841
794	878
794	909
794	911
794	934
794	988
794	992
795	148
795	197
795	223
795	597
795	737
795	762
795	769
795	864
795	879
795	918
795	939
795	948
795	954
795	959
795	998
796	133
796	166
796	193
796	378
796	383
796	526
796	546
796	655
796	773
796	787
796	798
796	861
796	896
796	963
796	991
797	117
797	211
797	337
797	376
797	618
797	626
797	763
797	844
797	862
797	882
797	931
797	938
797	957
797	965
797	999
798	17
798	23
798	167
798	223
798	387
798	421
798	553
798	623
798	675
798	796
798	829
798	835
798	843
798	972
798	996
799	279
799	285
799	339
799	429
799	503
799	543
799	592
799	604
799	720
799	792
799	851
799	868
799	890
799	962
799	973
800	167
800	186
800	231
800	448
800	541
800	550
800	568
800	588
800	610
800	631
800	708
800	775
800	793
800	839
800	853
801	45
801	396
801	516
801	565
801	711
801	729
801	767
801	816
801	817
801	923
801	925
801	956
801	960
801	969
801	971
802	68
802	140
802	307
802	351
802	434
802	592
802	617
802	673
802	749
802	803
802	807
802	824
802	834
802	945
802	951
803	103
803	260
803	273
803	290
803	305
803	466
803	511
803	636
803	802
803	817
803	880
803	942
803	950
803	952
803	966
804	22
804	47
804	94
804	95
804	410
804	482
804	648
804	666
804	793
804	858
804	873
804	911
804	950
804	981
804	990
805	48
805	67
805	86
805	92
805	198
805	275
805	321
805	486
805	530
805	668
805	702
805	719
805	726
805	767
805	828
806	71
806	147
806	198
806	251
806	274
806	362
806	476
806	556
806	689
806	709
806	732
806	764
806	886
806	900
806	997
807	32
807	74
807	98
807	315
807	318
807	377
807	566
807	673
807	734
807	749
807	802
807	902
807	913
807	951
807	988
808	214
808	288
808	388
808	409
808	552
808	641
808	670
808	709
808	727
808	813
808	882
808	907
808	916
808	929
808	961
809	29
809	65
809	88
809	407
809	491
809	761
809	832
809	865
809	867
809	941
809	963
809	969
809	970
809	977
809	985
810	10
810	66
810	76
810	90
810	161
810	400
810	515
810	731
810	759
810	839
810	898
810	902
810	921
810	960
810	974
811	329
811	380
811	410
811	508
811	566
811	568
811	607
811	616
811	847
811	861
811	885
811	917
811	928
811	980
811	987
812	124
812	205
812	212
812	289
812	307
812	332
812	366
812	374
812	413
812	443
812	601
812	619
812	719
812	737
812	987
813	28
813	288
813	292
813	409
813	461
813	641
813	670
813	710
813	727
813	808
813	844
813	882
813	907
813	929
813	1000
814	122
814	259
814	397
814	577
814	700
814	712
814	717
814	750
814	772
814	780
814	822
814	955
814	968
814	973
814	994
815	119
815	135
815	245
815	258
815	359
815	426
815	481
815	644
815	714
815	841
815	849
815	877
815	878
815	914
815	981
815	998
816	75
816	277
816	337
816	413
816	470
816	554
816	565
816	630
816	678
816	705
816	801
816	897
816	902
816	915
816	956
816	971
817	34
817	208
817	228
817	254
817	401
817	465
817	615
817	633
817	636
817	801
817	803
817	823
817	930
817	942
817	952
817	966
818	163
818	185
818	246
818	265
818	438
818	447
818	472
818	474
818	547
818	610
818	652
818	696
818	745
818	877
818	889
818	897
819	357
819	414
819	439
819	474
819	480
819	545
819	618
819	724
819	777
819	823
819	824
819	906
819	923
819	928
819	932
819	978
820	237
820	240
820	287
820	463
820	485
820	599
820	611
820	649
820	685
820	698
820	702
820	852
820	901
820	933
820	934
820	971
821	81
821	85
821	141
821	215
821	251
821	308
821	454
821	477
821	512
821	560
821	704
821	730
821	751
821	857
821	867
821	868
822	6
822	252
822	397
822	475
822	568
822	593
822	676
822	700
822	712
822	713
822	717
822	772
822	814
822	851
822	929
822	943
823	393
823	480
823	681
823	686
823	687
823	738
823	771
823	778
823	817
823	819
823	868
823	906
823	908
823	931
823	932
823	978
824	141
824	145
824	284
824	313
824	376
824	546
824	608
824	732
824	773
824	787
824	802
824	819
824	896
824	914
824	944
824	991
825	267
825	656
825	660
825	704
825	722
825	845
825	850
825	856
825	877
825	898
825	899
825	947
825	967
825	975
825	993
825	994
826	34
826	237
826	310
826	317
826	341
826	365
826	599
826	632
826	638
826	678
826	692
826	698
826	702
826	852
826	874
826	934
827	56
827	361
827	363
827	534
827	555
827	631
827	652
827	663
827	848
827	855
827	880
827	941
827	943
827	949
827	986
827	988
828	48
828	67
828	86
828	92
828	181
828	198
828	275
828	312
828	486
828	490
828	530
828	719
828	735
828	767
828	805
828	900
829	80
829	154
829	211
829	223
829	236
829	385
829	387
829	421
829	572
829	582
829	623
829	775
829	798
829	960
829	966
829	996
830	59
830	89
830	335
830	399
830	515
830	572
830	711
830	724
830	759
830	779
830	902
830	915
830	956
830	960
830	971
830	997
831	31
831	101
831	289
831	367
831	432
831	437
831	584
831	669
831	774
831	788
831	887
831	919
831	966
831	982
831	983
831	1000
832	88
832	364
832	424
832	534
832	583
832	752
832	755
832	761
832	779
832	809
832	867
832	868
832	938
832	963
832	984
832	987
833	136
833	417
833	429
833	507
833	542
833	578
833	726
833	732
833	744
833	758
833	770
833	776
833	837
833	936
833	943
833	961
834	28
834	79
834	137
834	346
834	494
834	521
834	617
834	654
834	677
834	734
834	741
834	749
834	802
834	913
834	945
834	951
835	247
835	261
835	343
835	650
835	758
835	766
835	767
835	783
835	798
835	875
835	876
835	941
835	943
835	964
835	986
835	988
836	46
836	78
836	197
836	222
836	241
836	442
836	519
836	528
836	532
836	564
836	611
836	740
836	856
836	870
836	952
836	997
837	107
837	199
837	327
837	469
837	643
837	658
837	700
837	721
837	726
837	739
837	758
837	833
837	865
837	936
837	961
837	975
838	70
838	220
838	337
838	344
838	752
838	782
838	785
838	840
838	846
838	854
838	862
838	884
838	921
838	930
838	938
838	974
839	53
839	89
839	114
839	196
839	379
839	382
839	446
839	448
839	541
839	568
839	614
839	712
839	793
839	800
839	810
839	853
840	11
840	244
840	301
840	334
840	342
840	701
840	752
840	782
840	838
840	842
840	862
840	871
840	884
840	930
840	948
840	957
841	44
841	83
841	162
841	190
841	351
841	417
841	449
841	695
841	714
841	744
841	746
841	771
841	794
841	815
841	878
841	998
842	64
842	189
842	412
842	626
842	653
842	701
842	707
842	785
842	840
842	854
842	862
842	904
842	930
842	938
842	957
842	961
843	80
843	167
843	179
843	223
843	236
843	326
843	365
843	469
843	499
843	538
843	553
843	572
843	623
843	798
843	971
843	996
844	11
844	192
844	206
844	301
844	412
844	653
844	701
844	707
844	785
844	797
844	813
844	854
844	858
844	930
844	938
844	957
845	102
845	170
845	291
845	395
845	501
845	524
845	551
845	584
845	640
845	682
845	825
845	894
845	905
845	920
845	970
845	982
845	989
846	159
846	385
846	449
846	551
846	584
846	609
846	621
846	682
846	782
846	838
846	869
846	883
846	905
846	910
846	920
846	970
846	989
847	77
847	135
847	290
847	348
847	460
847	491
847	508
847	568
847	668
847	723
847	786
847	811
847	869
847	904
847	926
847	965
847	980
848	93
848	265
848	407
848	456
848	531
848	593
848	606
848	677
848	718
848	778
848	827
848	860
848	886
848	899
848	947
848	975
848	994
849	157
849	240
849	320
849	394
849	457
849	514
849	563
849	628
849	695
849	758
849	815
849	874
849	878
849	913
849	922
849	945
849	998
850	41
850	75
850	123
850	172
850	271
850	295
850	347
850	406
850	774
850	825
850	860
850	895
850	900
850	947
850	967
850	975
850	995
851	111
851	151
851	249
851	279
851	433
851	503
851	543
851	571
851	592
851	697
851	754
851	792
851	799
851	822
851	890
851	962
851	973
852	7
852	44
852	80
852	178
852	237
852	463
852	583
852	649
852	820
852	826
852	901
852	922
852	933
852	934
852	939
852	975
852	983
853	51
853	84
853	423
853	448
853	453
853	487
853	550
853	561
853	568
853	588
853	683
853	708
853	775
853	800
853	839
853	890
853	986
854	10
854	301
854	342
854	374
854	382
854	707
854	782
854	838
854	842
854	844
854	862
854	884
854	930
854	938
854	957
854	959
854	986
855	45
855	239
855	282
855	286
855	293
855	343
855	500
855	534
855	729
855	766
855	780
855	783
855	827
855	857
855	941
855	979
855	986
856	46
856	78
856	222
856	241
856	519
856	528
856	532
856	564
856	611
856	716
856	740
856	772
856	825
856	836
856	928
856	958
856	997
857	82
857	85
857	303
857	455
857	497
857	512
857	560
857	607
857	720
857	730
857	751
857	821
857	855
857	893
857	907
857	958
857	978
858	94
858	169
858	436
858	482
858	523
858	562
858	648
858	666
858	674
858	695
858	765
858	781
858	804
858	844
858	873
858	879
858	911
859	132
859	138
859	311
859	316
859	398
859	557
859	608
859	703
859	748
859	755
859	761
859	786
859	865
859	868
859	963
859	984
859	988
860	284
860	340
860	396
860	428
860	661
860	704
860	848
860	850
860	864
860	888
860	899
860	947
860	967
860	975
860	993
860	994
860	996
861	5
861	62
861	69
861	416
861	506
861	536
861	543
861	544
861	589
861	616
861	694
861	796
861	811
861	885
861	917
861	926
861	980
862	70
862	220
862	504
862	537
862	653
862	752
862	782
862	797
862	838
862	840
862	842
862	854
862	864
862	884
862	911
862	950
862	957
863	130
863	191
863	221
863	298
863	309
863	481
863	635
863	693
863	725
863	747
863	791
863	872
863	878
863	937
863	948
863	958
863	990
864	156
864	421
864	584
864	596
864	597
864	603
864	790
864	795
864	860
864	862
864	909
864	918
864	933
864	948
864	953
864	972
864	982
865	3
865	132
865	364
865	452
865	521
865	557
865	583
865	630
865	748
865	809
865	837
865	859
865	868
865	935
865	941
865	963
865	977
866	99
866	138
866	148
866	259
866	319
866	402
866	422
866	436
866	659
866	742
866	763
866	875
866	882
866	935
866	955
866	968
866	999
867	159
867	171
867	316
867	594
867	651
867	688
867	725
867	748
867	809
867	821
867	832
867	868
867	914
867	952
867	963
867	984
867	985
867	993
868	3
868	196
868	526
868	583
868	688
868	748
868	755
868	761
868	799
868	821
868	823
868	832
868	859
868	865
868	867
868	917
868	963
868	977
869	291
869	551
869	564
869	581
869	584
869	609
869	640
869	682
869	705
869	846
869	847
869	883
869	894
869	905
869	920
869	970
869	989
869	999
870	216
870	226
870	278
870	345
870	498
870	510
870	596
870	597
870	603
870	637
870	737
870	781
870	836
870	918
870	946
870	948
870	959
870	964
871	2
871	75
871	97
871	406
871	477
871	514
871	522
871	645
871	656
871	704
871	840
871	877
871	947
871	967
871	981
871	993
871	994
871	995
872	15
872	298
872	344
872	470
872	493
872	579
872	635
872	693
872	725
872	747
872	791
872	863
872	904
872	937
872	944
872	958
872	990
872	994
873	158
873	204
873	360
873	410
873	436
873	482
873	523
873	545
873	554
873	648
873	666
873	753
873	781
873	804
873	858
873	911
873	950
873	995
874	12
874	25
874	44
874	169
874	236
874	280
874	317
874	341
874	657
874	679
874	698
874	702
874	826
874	849
874	918
874	933
874	934
874	957
875	68
875	402
875	440
875	512
875	671
875	684
875	789
875	835
875	866
875	892
875	927
875	935
875	943
875	955
875	965
875	968
875	973
875	999
876	113
876	423
876	441
876	443
876	473
876	500
876	590
876	597
876	631
876	647
876	652
876	658
876	729
876	768
876	835
876	943
876	949
876	986
877	348
877	428
877	542
877	689
877	743
877	815
877	818
877	825
877	871
877	883
877	895
877	928
877	947
877	967
877	975
877	981
877	993
877	995
878	33
878	52
878	449
878	569
878	573
878	644
878	714
878	746
878	785
878	794
878	815
878	841
878	849
878	863
878	921
878	989
878	992
878	998
879	37
879	60
879	94
879	202
879	260
879	321
879	436
879	482
879	554
879	624
879	666
879	674
879	781
879	795
879	858
879	941
879	950
879	988
880	34
880	175
880	290
880	465
880	466
880	595
880	612
880	633
880	636
880	747
880	803
880	827
880	919
880	923
880	942
880	950
880	952
880	966
881	238
881	253
881	378
881	517
881	570
881	638
881	660
881	722
881	741
881	753
881	883
881	889
881	905
881	908
881	924
881	976
881	990
881	994
882	168
882	214
882	288
882	292
882	335
882	409
882	515
882	552
882	641
882	670
882	727
882	739
882	797
882	808
882	813
882	866
882	907
882	929
883	108
883	183
883	330
883	385
883	524
883	577
883	648
883	699
883	722
883	748
883	846
883	869
883	877
883	881
883	920
883	929
883	970
883	989
884	10
884	11
884	192
884	220
884	291
884	301
884	653
884	715
884	752
884	782
884	785
884	838
884	840
884	854
884	862
884	938
884	955
884	957
885	5
885	317
885	416
885	433
885	479
885	536
885	554
885	607
885	616
885	643
885	749
885	764
885	786
885	811
885	861
885	889
885	917
885	980
886	38
886	63
886	125
886	145
886	268
886	274
886	283
886	407
886	471
886	585
886	608
886	664
886	806
886	848
886	900
886	905
886	908
886	997
887	21
887	195
887	201
887	300
887	319
887	349
887	492
887	571
887	608
887	774
887	788
887	831
887	891
887	912
887	919
887	981
887	983
887	1000
888	142
888	181
888	187
888	301
888	319
888	374
888	419
888	427
888	450
888	496
888	509
888	591
888	769
888	860
888	916
888	922
888	954
888	969
888	973
889	155
889	210
889	238
889	468
889	517
889	570
889	577
889	587
889	605
889	711
889	716
889	735
889	741
889	782
889	818
889	881
889	885
889	990
889	999
890	42
890	152
890	249
890	285
890	322
890	339
890	503
890	543
890	604
890	697
890	733
890	746
890	792
890	799
890	851
890	853
890	962
890	973
890	976
891	101
891	195
891	392
891	472
891	483
891	492
891	518
891	525
891	571
891	637
891	669
891	774
891	788
891	887
891	919
891	973
891	974
891	983
891	1000
892	14
892	39
892	40
892	65
892	117
892	488
892	568
892	626
892	715
892	744
892	763
892	875
892	935
892	965
892	968
892	973
892	975
892	996
892	999
893	61
893	100
893	269
893	384
893	464
893	485
893	564
893	606
893	614
893	620
893	754
893	757
893	762
893	765
893	768
893	857
893	908
893	979
893	998
894	74
894	172
894	217
894	254
894	320
894	461
894	566
894	609
894	621
894	640
894	681
894	682
894	705
894	845
894	869
894	905
894	919
894	970
894	989
895	41
895	144
895	340
895	345
895	347
895	369
895	477
895	542
895	543
895	778
895	850
895	877
895	967
895	975
895	981
895	993
895	994
895	995
895	998
896	9
896	82
896	133
896	281
896	378
896	381
896	383
896	452
896	485
896	529
896	546
896	624
896	625
896	690
896	772
896	787
896	796
896	824
896	991
897	185
897	404
897	447
897	496
897	515
897	547
897	610
897	696
897	731
897	745
897	759
897	816
897	818
897	906
897	956
897	960
897	972
897	985
897	997
898	311
898	328
898	477
898	656
898	661
898	749
898	778
898	810
898	825
898	899
898	918
898	940
898	947
898	967
898	974
898	975
898	981
898	994
898	995
899	49
899	177
899	213
899	308
899	426
899	570
899	645
899	689
899	692
899	738
899	825
899	848
899	860
899	898
899	947
899	967
899	981
899	992
899	995
900	93
900	192
900	274
900	362
900	363
900	440
900	476
900	501
900	585
900	664
900	718
900	806
900	828
900	850
900	886
900	944
900	949
900	995
900	997
901	22
901	63
901	109
901	317
901	334
901	341
901	365
901	425
901	463
901	599
901	649
901	657
901	679
901	702
901	733
901	820
901	852
901	933
901	959
902	35
902	76
902	144
902	391
902	404
902	427
902	470
902	630
902	712
902	729
902	807
902	810
902	816
902	830
902	921
902	925
902	960
902	971
902	976
903	357
903	372
903	455
903	468
903	527
903	548
903	624
903	654
903	705
903	707
903	752
903	771
903	777
903	784
903	906
903	913
903	928
903	931
903	978
904	4
904	69
904	77
904	257
904	380
904	498
904	589
904	598
904	668
904	723
904	731
904	786
904	842
904	847
904	872
904	926
904	980
904	987
904	999
905	74
905	160
905	186
905	385
905	461
905	524
905	551
905	621
905	713
905	753
905	845
905	846
905	869
905	881
905	886
905	894
905	920
905	970
905	989
906	55
906	101
906	281
906	372
906	414
906	548
906	647
906	675
906	681
906	720
906	738
906	819
906	823
906	897
906	903
906	928
906	931
906	933
906	978
907	28
907	168
907	214
907	258
907	288
907	292
907	335
907	380
907	409
907	641
907	670
907	727
907	808
907	813
907	857
907	882
907	929
907	978
907	983
908	43
908	147
908	153
908	254
908	268
908	273
908	389
908	425
908	556
908	728
908	732
908	757
908	768
908	790
908	823
908	881
908	886
908	893
908	936
908	979
909	13
909	50
909	90
909	216
909	413
909	596
909	603
909	669
909	704
909	737
909	794
909	864
909	940
909	946
909	948
909	953
909	959
909	972
909	980
909	982
910	2
910	170
910	272
910	294
910	392
910	462
910	574
910	575
910	627
910	630
910	667
910	756
910	759
910	765
910	785
910	846
910	923
910	956
910	976
910	989
911	37
911	47
911	60
911	169
911	204
911	324
911	554
911	648
911	657
911	666
911	674
911	766
911	781
911	786
911	794
911	804
911	858
911	862
911	873
911	960
912	137
912	153
912	194
912	234
912	369
912	425
912	440
912	577
912	659
912	742
912	763
912	887
912	935
912	955
912	956
912	958
912	965
912	968
912	973
912	992
913	24
913	68
913	139
913	207
913	230
913	240
913	513
913	538
913	613
913	617
913	627
913	654
913	677
913	734
913	807
913	834
913	849
913	903
913	940
913	951
914	93
914	147
914	153
914	159
914	266
914	268
914	506
914	555
914	651
914	703
914	771
914	815
914	824
914	867
914	927
914	935
914	944
914	977
914	985
914	986
915	1
915	59
915	277
915	324
915	371
915	399
915	404
915	473
915	650
915	705
915	731
915	816
915	830
915	921
915	923
915	925
915	932
915	959
915	974
915	976
916	142
916	143
916	181
916	204
916	229
916	326
916	352
916	450
916	496
916	509
916	672
916	736
916	769
916	808
916	888
916	922
916	925
916	939
916	954
916	969
917	4
917	97
917	116
917	150
917	222
917	272
917	294
917	381
917	639
917	668
917	681
917	687
917	764
917	811
917	861
917	868
917	885
917	931
917	967
917	978
917	989
918	50
918	305
918	333
918	375
918	445
918	564
918	737
918	790
918	795
918	864
918	870
918	874
918	898
918	940
918	946
918	948
918	953
918	964
918	972
918	982
918	990
919	101
919	162
919	201
919	270
919	299
919	345
919	349
919	392
919	518
919	525
919	694
919	774
919	788
919	831
919	880
919	887
919	891
919	894
919	983
919	987
919	1000
920	102
920	107
920	291
920	385
920	395
920	551
920	609
920	621
920	640
920	665
920	682
920	696
920	714
920	721
920	845
920	846
920	869
920	883
920	905
920	970
920	989
921	45
921	59
921	89
921	146
921	277
921	458
921	551
921	565
921	635
921	678
921	729
921	774
921	810
921	838
921	878
921	902
921	915
921	925
921	971
921	974
921	976
922	7
922	25
922	44
922	160
922	495
922	685
922	698
922	702
922	736
922	769
922	849
922	852
922	888
922	916
922	933
922	939
922	945
922	952
922	954
922	966
922	969
923	326
923	391
923	400
923	444
923	458
923	470
923	592
923	630
923	678
923	705
923	711
923	801
923	819
923	880
923	910
923	915
923	925
923	943
923	959
923	974
923	976
924	26
924	139
924	172
924	210
924	273
924	368
924	480
924	517
924	567
924	616
924	638
924	660
924	716
924	722
924	750
924	753
924	756
924	881
924	927
924	943
924	963
925	100
925	106
925	331
925	371
925	400
925	444
925	705
925	724
925	731
925	759
925	785
925	801
925	902
925	915
925	916
925	921
925	923
925	956
925	960
925	971
925	974
926	220
926	257
926	263
926	279
926	348
926	467
926	483
926	490
926	540
926	544
926	607
926	639
926	668
926	764
926	847
926	861
926	904
926	956
926	960
926	980
926	987
927	14
927	35
927	122
927	194
927	402
927	420
927	425
927	516
927	585
927	626
927	659
927	684
927	792
927	875
927	914
927	924
927	955
927	965
927	968
927	973
927	992
928	73
928	139
928	213
928	303
928	381
928	439
928	681
928	686
928	720
928	771
928	777
928	784
928	811
928	819
928	856
928	877
928	903
928	906
928	931
928	978
928	986
929	28
929	168
929	214
929	288
929	292
929	335
929	409
929	552
929	641
929	668
929	670
929	727
929	728
929	808
929	813
929	822
929	882
929	883
929	907
929	948
929	1000
930	11
930	220
930	301
930	376
930	412
930	488
930	504
930	529
930	653
930	707
930	752
930	792
930	817
930	838
930	840
930	842
930	844
930	854
930	938
930	957
930	984
930	987
931	65
931	73
931	213
931	406
931	414
931	439
931	495
931	497
931	527
931	533
931	675
931	686
931	721
931	784
931	797
931	823
931	903
931	906
931	917
931	928
931	978
931	999
932	103
932	276
932	372
932	383
932	439
932	455
932	480
932	495
932	533
932	548
932	624
932	667
932	686
932	720
932	725
932	738
932	771
932	784
932	819
932	823
932	915
932	934
933	7
933	25
933	109
933	280
933	337
933	341
933	462
933	599
933	632
933	679
933	698
933	702
933	719
933	783
933	820
933	852
933	864
933	874
933	901
933	906
933	922
933	934
934	12
934	25
934	44
934	109
934	287
934	317
934	599
934	613
934	632
934	679
934	685
934	692
934	697
934	698
934	794
934	820
934	826
934	852
934	874
934	932
934	933
934	992
935	14
935	35
935	99
935	182
935	369
935	488
935	502
935	570
935	626
935	715
935	763
935	786
935	865
935	866
935	875
935	892
935	912
935	914
935	965
935	968
935	992
935	999
936	107
936	199
936	314
936	327
936	415
936	438
936	469
936	507
936	557
936	580
936	612
936	643
936	721
936	726
936	739
936	758
936	833
936	837
936	908
936	939
936	961
936	989
937	1
937	30
937	191
937	206
937	289
937	298
937	309
937	403
937	418
937	450
937	690
937	692
937	693
937	725
937	738
937	747
937	791
937	863
937	872
937	958
937	987
937	990
938	117
938	221
938	302
938	342
938	376
938	412
938	439
938	623
938	653
938	701
938	752
938	782
938	785
938	797
938	832
938	838
938	842
938	844
938	854
938	884
938	930
938	957
939	142
939	187
939	197
939	352
939	386
939	450
939	480
939	495
939	496
939	509
939	672
939	769
939	788
939	795
939	852
939	916
939	922
939	936
939	954
939	969
939	977
939	997
940	13
940	23
940	158
940	304
940	309
940	333
940	345
940	427
940	596
940	603
940	637
940	685
940	737
940	790
940	898
940	909
940	913
940	918
940	946
940	953
940	956
940	982
941	83
941	171
941	200
941	233
941	473
941	509
941	557
941	652
941	761
941	766
941	809
941	827
941	835
941	855
941	865
941	879
941	949
941	955
941	967
941	977
941	984
941	985
941	986
942	165
942	188
942	208
942	228
942	268
942	370
942	401
942	465
942	466
942	479
942	514
942	595
942	633
942	634
942	723
942	789
942	790
942	803
942	817
942	880
942	950
942	952
942	966
943	112
943	247
943	261
943	268
943	286
943	336
943	500
943	647
943	650
943	652
943	783
943	822
943	827
943	833
943	835
943	875
943	876
943	923
943	924
943	949
943	964
943	986
943	988
944	38
944	62
944	216
944	255
944	274
944	313
944	442
944	455
944	471
944	501
944	531
944	581
944	585
944	608
944	641
944	658
944	664
944	709
944	824
944	872
944	900
944	914
944	997
945	24
945	68
945	207
945	271
945	302
945	346
945	377
945	479
945	515
945	521
945	562
945	566
945	613
945	677
945	734
945	749
945	802
945	834
945	849
945	922
945	951
945	977
945	996
946	23
946	50
946	156
946	304
946	308
946	345
946	399
946	424
946	427
946	489
946	498
946	530
946	597
946	603
946	633
946	870
946	909
946	918
946	940
946	948
946	953
946	964
946	982
947	75
947	168
947	175
947	189
947	243
947	439
947	492
947	547
947	645
947	689
947	694
947	746
947	778
947	825
947	848
947	850
947	860
947	871
947	877
947	898
947	899
947	993
947	994
947	995
948	42
948	96
948	132
948	427
948	445
948	451
948	510
948	637
948	678
948	790
948	795
948	840
948	863
948	864
948	870
948	909
948	918
948	929
948	946
948	959
948	964
948	972
948	982
948	996
949	158
949	200
949	225
949	300
949	343
949	366
949	454
949	602
949	631
949	632
949	663
949	729
949	766
949	780
949	827
949	876
949	900
949	941
949	943
949	959
949	967
949	982
949	986
949	988
950	129
950	175
950	204
950	228
950	263
950	311
950	370
950	436
950	454
950	526
950	633
950	634
950	657
950	663
950	674
950	781
950	803
950	804
950	862
950	873
950	879
950	880
950	942
950	952
951	118
951	173
951	296
951	346
951	359
951	368
951	377
951	383
951	394
951	405
951	407
951	537
951	566
951	654
951	673
951	677
951	686
951	703
951	749
951	802
951	807
951	834
951	913
951	945
952	34
952	165
952	175
952	188
952	228
952	370
952	420
952	465
952	466
952	575
952	612
952	615
952	633
952	636
952	763
952	803
952	817
952	836
952	867
952	880
952	922
952	942
952	950
952	966
953	304
953	333
953	375
953	415
953	445
953	451
953	468
953	498
953	510
953	586
953	597
953	603
953	637
953	735
953	764
953	864
953	909
953	918
953	940
953	946
953	972
953	982
953	985
953	991
954	126
954	181
954	187
954	202
954	229
954	264
954	288
954	319
954	363
954	419
954	509
954	579
954	588
954	591
954	672
954	736
954	769
954	795
954	888
954	916
954	922
954	939
954	969
954	995
955	9
955	27
955	137
955	168
955	502
955	510
955	576
955	626
955	684
955	715
955	742
955	763
955	789
955	814
955	866
955	875
955	884
955	912
955	927
955	941
955	963
955	968
955	992
955	999
956	89
956	219
956	277
956	294
956	396
956	482
956	518
956	565
956	630
956	759
956	801
956	816
956	830
956	897
956	910
956	912
956	925
956	926
956	940
956	960
956	971
956	974
956	976
956	982
957	10
957	220
957	342
957	412
957	504
957	653
957	684
957	701
957	707
957	752
957	761
957	785
957	797
957	840
957	842
957	844
957	854
957	862
957	874
957	884
957	930
957	938
957	981
957	998
957	1000
958	1
958	15
958	30
958	130
958	191
958	206
958	227
958	309
958	403
958	418
958	461
958	493
958	511
958	579
958	693
958	725
958	747
958	791
958	856
958	857
958	863
958	872
958	912
958	937
958	990
959	34
959	50
959	371
959	404
959	510
959	527
959	596
959	711
959	724
959	728
959	731
959	795
959	854
959	870
959	901
959	909
959	915
959	923
959	948
959	949
959	960
959	971
959	972
959	976
959	982
960	45
960	76
960	123
960	260
960	399
960	444
960	470
960	499
960	515
960	536
960	724
960	801
960	810
960	829
960	830
960	897
960	902
960	911
960	925
960	926
960	956
960	959
960	971
960	972
960	974
961	107
961	199
961	221
961	242
961	314
961	327
961	415
961	438
961	443
961	469
961	507
961	612
961	643
961	721
961	726
961	739
961	752
961	758
961	808
961	833
961	837
961	842
961	936
961	978
961	995
962	42
962	90
962	111
962	151
962	249
962	279
962	285
962	307
962	322
962	339
962	433
962	503
962	536
962	543
962	604
962	626
962	697
962	733
962	792
962	799
962	851
962	890
962	973
962	977
962	983
963	29
963	57
963	161
963	262
963	278
963	424
963	506
963	519
963	525
963	557
963	651
963	748
963	796
963	809
963	832
963	859
963	865
963	867
963	868
963	924
963	955
963	971
963	977
963	984
963	985
964	96
964	112
964	239
964	247
964	327
964	445
964	548
964	587
964	602
964	626
964	637
964	650
964	743
964	766
964	835
964	870
964	918
964	943
964	946
964	948
964	972
964	981
964	982
964	986
964	988
965	122
965	137
965	148
965	186
965	234
965	370
965	402
965	440
965	488
965	576
965	591
965	684
965	731
965	733
965	742
965	789
965	797
965	847
965	875
965	892
965	912
965	927
965	935
965	991
965	999
966	165
966	171
966	188
966	208
966	228
966	260
966	290
966	370
966	384
966	401
966	466
966	473
966	595
966	615
966	633
966	634
966	636
966	803
966	817
966	829
966	831
966	880
966	922
966	942
966	952
967	30
967	173
967	243
967	311
967	414
967	435
967	689
967	704
967	710
967	825
967	850
967	860
967	871
967	877
967	895
967	898
967	899
967	917
967	941
967	949
967	975
967	981
967	993
967	994
967	995
968	39
968	117
968	137
968	154
968	259
968	275
968	375
968	502
968	557
968	645
968	659
968	684
968	715
968	731
968	763
968	814
968	866
968	875
968	892
968	912
968	927
968	935
968	955
968	973
968	999
969	126
969	142
969	148
969	187
969	202
969	224
969	352
969	386
969	419
969	496
969	552
969	672
969	691
969	713
969	736
969	769
969	788
969	801
969	809
969	888
969	916
969	922
969	939
969	954
969	991
970	135
970	160
970	217
970	291
970	395
970	461
970	465
970	524
970	584
970	609
970	621
970	640
970	648
970	673
970	697
970	705
970	756
970	809
970	845
970	846
970	869
970	883
970	894
970	905
970	920
970	989
971	371
971	399
971	404
971	444
971	515
971	589
971	630
971	711
971	724
971	731
971	801
971	816
971	820
971	830
971	843
971	902
971	921
971	925
971	956
971	959
971	960
971	963
971	974
971	976
971	982
971	992
972	131
972	176
972	243
972	312
972	338
972	373
972	437
972	487
972	596
972	597
972	600
972	639
972	680
972	706
972	798
972	864
972	897
972	909
972	918
972	948
972	953
972	959
972	960
972	964
972	982
972	999
973	54
973	130
973	164
973	322
973	402
973	433
973	516
973	576
973	604
973	697
973	733
973	792
973	799
973	814
973	851
973	875
973	888
973	890
973	891
973	892
973	912
973	927
973	962
973	968
973	984
973	992
974	45
974	59
974	146
974	294
974	338
974	373
974	396
974	444
974	515
974	516
974	724
974	729
974	731
974	792
974	810
974	838
974	891
974	898
974	915
974	921
974	923
974	925
974	956
974	960
974	971
974	976
975	450
975	507
975	542
975	645
975	656
975	661
975	667
975	692
975	704
975	710
975	743
975	746
975	778
975	825
975	837
975	848
975	850
975	852
975	860
975	877
975	892
975	895
975	898
975	967
975	978
975	993
975	995
976	146
976	238
976	239
976	400
976	516
976	518
976	565
976	667
976	678
976	718
976	724
976	729
976	731
976	759
976	784
976	881
976	890
976	902
976	910
976	915
976	921
976	923
976	956
976	959
976	971
976	974
976	982
977	161
977	266
977	278
977	400
977	407
977	424
977	506
977	508
977	526
977	554
977	557
977	580
977	659
977	703
977	748
977	779
977	809
977	865
977	868
977	914
977	939
977	941
977	945
977	962
977	963
977	984
977	985
978	6
978	28
978	52
978	55
978	82
978	116
978	372
978	381
978	533
978	545
978	618
978	675
978	738
978	771
978	773
978	784
978	819
978	823
978	857
978	903
978	906
978	907
978	917
978	928
978	931
978	961
978	975
979	61
979	91
979	100
979	230
979	282
979	286
979	293
979	429
979	514
979	549
979	606
979	625
979	649
979	690
979	728
979	745
979	751
979	754
979	757
979	762
979	768
979	790
979	855
979	893
979	908
979	989
979	990
980	4
980	209
980	229
980	232
980	263
980	285
980	348
980	479
980	490
980	536
980	540
980	598
980	606
980	617
980	631
980	643
980	723
980	764
980	786
980	811
980	847
980	861
980	885
980	904
980	909
980	926
980	987
981	121
981	308
981	311
981	340
981	477
981	522
981	542
981	661
981	674
981	689
981	692
981	704
981	724
981	743
981	778
981	804
981	815
981	871
981	877
981	887
981	895
981	898
981	899
981	957
981	964
981	967
981	994
982	13
982	216
982	304
982	375
982	451
982	489
982	498
982	586
982	597
982	636
982	685
982	831
982	845
982	864
982	909
982	918
982	940
982	946
982	948
982	949
982	953
982	956
982	959
982	964
982	971
982	972
982	976
983	21
983	31
983	90
983	201
983	270
983	299
983	300
983	367
983	432
983	437
983	483
983	492
983	525
983	571
983	669
983	694
983	717
983	733
983	774
983	777
983	831
983	852
983	887
983	891
983	907
983	919
983	962
983	1000
984	138
984	161
984	266
984	318
984	354
984	506
984	521
984	526
984	554
984	580
984	583
984	688
984	710
984	740
984	748
984	751
984	755
984	761
984	779
984	832
984	859
984	867
984	930
984	941
984	963
984	973
984	977
984	985
985	3
985	6
985	11
985	29
985	57
985	266
985	458
985	526
985	557
985	580
985	583
985	594
985	651
985	656
985	681
985	703
985	745
985	748
985	779
985	809
985	867
985	897
985	914
985	941
985	953
985	963
985	977
985	984
986	3
986	158
986	225
986	361
986	417
986	441
986	455
986	534
986	586
986	590
986	602
986	647
986	652
986	671
986	729
986	780
986	827
986	835
986	853
986	854
986	855
986	876
986	914
986	928
986	941
986	943
986	949
986	964
986	988
987	4
987	27
987	62
987	127
987	135
987	257
987	272
987	380
987	479
987	486
987	536
987	540
987	589
987	598
987	607
987	616
987	639
987	761
987	764
987	786
987	811
987	812
987	832
987	904
987	919
987	926
987	930
987	937
987	980
988	120
988	123
988	225
988	261
988	286
988	336
988	343
988	366
988	534
988	582
988	602
988	631
988	639
988	647
988	652
988	663
988	740
988	743
988	766
988	794
988	807
988	827
988	835
988	859
988	879
988	943
988	949
988	964
988	986
989	74
989	102
989	160
989	291
989	385
989	395
989	461
989	522
989	524
989	584
989	596
989	609
989	621
989	640
989	682
989	705
989	845
989	846
989	869
989	878
989	883
989	894
989	905
989	910
989	917
989	920
989	936
989	970
989	979
990	26
990	183
990	246
990	261
990	418
990	468
990	493
990	527
990	559
990	567
990	570
990	579
990	588
990	699
990	716
990	725
990	735
990	747
990	791
990	804
990	863
990	872
990	881
990	889
990	918
990	937
990	958
990	979
990	991
991	69
991	133
991	141
991	164
991	166
991	193
991	250
991	281
991	324
991	369
991	378
991	383
991	452
991	485
991	495
991	511
991	529
991	546
991	655
991	772
991	773
991	787
991	796
991	824
991	896
991	953
991	965
991	969
991	990
992	32
992	35
992	39
992	74
992	190
992	245
992	351
992	355
992	426
992	440
992	484
992	562
992	635
992	678
992	716
992	758
992	789
992	794
992	878
992	899
992	912
992	927
992	934
992	935
992	955
992	971
992	973
992	998
992	999
993	36
993	41
993	49
993	189
993	225
993	340
993	406
993	542
993	609
993	618
993	645
993	656
993	661
993	710
993	728
993	743
993	778
993	825
993	860
993	867
993	871
993	877
993	895
993	947
993	967
993	975
993	994
993	995
993	998
994	155
994	267
994	284
994	311
994	328
994	347
994	453
994	522
994	570
994	599
994	656
994	661
994	710
994	778
994	787
994	814
994	825
994	848
994	860
994	871
994	872
994	881
994	895
994	898
994	947
994	967
994	981
994	993
994	995
995	145
995	284
995	328
995	340
995	347
995	354
995	406
995	522
995	594
995	689
995	704
995	710
995	746
995	778
995	850
995	871
995	873
995	877
995	895
995	898
995	899
995	900
995	947
995	954
995	961
995	967
995	975
995	993
995	994
996	17
996	23
996	80
996	96
996	104
996	111
996	112
996	154
996	167
996	179
996	211
996	223
996	236
996	310
996	326
996	387
996	421
996	491
996	538
996	553
996	572
996	582
996	623
996	798
996	829
996	843
996	860
996	892
996	945
996	948
997	46
997	47
997	71
997	149
997	222
997	362
997	363
997	424
997	456
997	476
997	501
997	519
997	528
997	532
997	564
997	581
997	610
997	611
997	689
997	740
997	784
997	806
997	830
997	836
997	856
997	886
997	897
997	900
997	939
997	944
998	33
998	52
998	83
998	180
998	245
998	247
998	331
998	351
998	355
998	362
998	481
998	484
998	499
998	569
998	573
998	635
998	695
998	714
998	746
998	747
998	795
998	815
998	841
998	849
998	878
998	893
998	895
998	957
998	992
998	993
999	35
999	234
999	259
999	402
999	425
999	440
999	488
999	576
999	604
999	626
999	659
999	684
999	715
999	742
999	768
999	789
999	797
999	866
999	869
999	875
999	889
999	892
999	904
999	931
999	935
999	955
999	965
999	968
999	972
999	992
1000	21
1000	31
1000	48
1000	101
1000	201
1000	270
1000	299
1000	300
1000	349
1000	367
1000	392
1000	465
1000	483
1000	492
1000	513
1000	518
1000	525
1000	571
1000	589
1000	694
1000	752
1000	788
1000	813
1000	831
1000	887
1000	891
1000	919
1000	929
1000	957
1000	983
