1	308
1	473
1	779
1	895
1	971
2	37
2	89
2	595
2	596
2	896
3	200
3	467
3	617
3	672
3	822
4	153
4	920
4	937
4	944
4	990
5	683
5	806
5	843
5	863
5	881
6	557
6	841
6	866
6	890
6	955
7	52
7	580
7	813
7	870
7	889
8	383
8	496
8	526
8	656
8	800
9	58
9	436
9	527
9	560
9	822
10	65
10	451
10	726
10	756
10	832
11	529
11	657
11	788
11	820
11	974
12	679
12	734
12	871
12	971
12	973
13	827
13	839
13	976
13	982
13	997
14	307
14	317
14	662
14	748
14	817
15	604
15	716
15	757
15	855
15	942
16	852
16	854
16	855
16	887
16	905
17	853
17	917
17	953
17	966
17	987
18	250
18	646
18	774
18	901
18	914
19	419
19	926
19	945
19	950
19	1000
20	671
20	693
20	771
20	902
20	940
21	382
21	438
21	461
21	896
21	999
22	266
22	483
22	651
22	692
22	994
23	26
23	738
23	823
23	931
23	957
24	419
24	571
24	925
24	969
24	979
25	695
25	704
25	893
25	948
25	984
26	23
26	750
26	907
26	911
26	964
27	53
27	345
27	530
27	826
27	848
28	363
28	365
28	373
28	500
28	933
29	306
29	505
29	588
29	689
29	992
30	426
30	637
30	688
30	870
30	933
31	152
31	691
31	727
31	896
31	999
32	222
32	661
32	665
32	832
32	844
33	186
33	590
33	876
33	902
33	958
34	449
34	662
34	741
34	748
34	817
35	89
35	157
35	188
35	764
35	898
36	405
36	529
36	788
36	820
36	974
37	2
37	276
37	543
37	935
37	996
38	700
38	766
38	784
38	790
38	973
39	731
39	754
39	930
39	952
39	986
40	282
40	726
40	756
40	867
40	917
41	335
41	498
41	790
41	860
41	877
42	594
42	603
42	700
42	784
42	790
43	442
43	462
43	617
43	762
43	814
44	666
44	668
44	883
44	901
44	914
45	302
45	577
45	661
45	844
45	909
46	330
46	862
46	920
46	962
46	990
47	642
47	710
47	897
47	907
47	964
48	297
48	589
48	705
48	905
48	966
49	541
49	763
49	818
49	882
49	946
50	796
50	878
50	976
50	982
50	997
51	426
51	483
51	686
51	692
51	994
52	7
52	373
52	564
52	835
52	889
53	27
53	530
53	579
53	831
53	848
54	188
54	751
54	783
54	949
54	986
55	731
55	783
55	815
55	930
55	986
56	227
56	729
56	900
56	958
56	970
57	624
57	938
57	968
57	985
57	988
58	9
58	695
58	858
58	991
58	992
59	473
59	907
59	910
59	981
59	990
60	604
60	798
60	887
60	903
60	905
61	204
61	211
61	538
61	589
61	705
62	601
62	816
62	923
62	925
62	996
63	123
63	744
63	953
63	966
63	987
64	249
64	273
64	549
64	791
64	845
65	10
65	470
65	726
65	756
65	777
66	687
66	821
66	833
66	967
66	998
67	454
67	678
67	761
67	856
67	971
68	501
68	618
68	826
68	831
68	950
69	619
69	662
69	741
69	748
69	817
70	485
70	541
70	659
70	849
70	977
71	277
71	320
71	725
71	805
71	939
72	311
72	534
72	633
72	777
72	899
73	211
73	220
73	589
73	705
73	784
74	288
74	392
74	396
74	486
74	625
75	253
75	468
75	620
75	621
75	761
76	376
76	501
76	826
76	831
76	848
77	422
77	537
77	581
77	686
77	994
78	157
78	559
78	566
78	928
78	999
79	696
79	746
79	772
79	778
79	929
80	547
80	689
80	820
80	980
80	992
81	314
81	513
81	720
81	798
81	934
82	823
82	855
82	905
82	921
82	942
83	520
83	681
83	862
83	881
83	936
84	372
84	774
84	826
84	831
84	914
85	447
85	720
85	880
85	924
85	934
86	566
86	843
86	863
86	881
86	936
87	615
87	704
87	941
87	948
87	980
88	216
88	324
88	338
88	525
88	690
89	2
89	35
89	438
89	655
89	928
90	252
90	683
90	953
90	966
90	987
91	798
91	804
91	880
91	934
91	943
92	254
92	714
92	981
92	983
92	989
93	241
93	816
93	923
93	960
93	996
94	568
94	698
94	707
94	752
94	899
95	219
95	751
95	828
95	829
95	892
96	453
96	545
96	556
96	971
96	973
97	734
97	779
97	871
97	895
97	971
98	239
98	563
98	823
98	927
98	989
99	185
99	271
99	810
99	885
99	916
100	233
100	373
100	890
100	933
100	961
101	708
101	710
101	769
101	920
101	937
102	218
102	847
102	867
102	886
102	969
103	717
103	800
103	956
103	972
103	983
104	152
104	169
104	383
104	789
104	999
105	612
105	711
105	819
105	867
105	969
106	333
106	414
106	604
106	905
106	927
107	245
107	475
107	717
107	972
107	975
108	792
108	908
108	910
108	944
108	990
109	329
109	506
109	527
109	822
109	869
110	696
110	726
110	772
110	802
110	929
111	137
111	869
111	905
111	942
111	977
112	498
112	715
112	903
112	905
112	921
113	680
113	731
113	893
113	926
113	1000
114	235
114	251
114	344
114	354
114	641
115	734
115	779
115	856
115	871
115	971
116	300
116	766
116	800
116	801
116	934
117	500
117	528
117	961
117	984
117	995
118	653
118	924
118	938
118	968
118	985
119	274
119	518
119	956
119	972
119	975
120	881
120	893
120	950
120	974
120	1000
121	751
121	828
121	829
121	892
121	939
122	411
122	805
122	884
122	939
122	955
123	63
123	816
123	824
123	960
123	996
124	379
124	757
124	937
124	944
124	977
125	642
125	739
125	907
125	964
125	994
126	326
126	361
126	460
126	650
126	877
127	740
127	891
127	960
127	995
127	996
128	523
128	920
128	944
128	962
128	981
129	443
129	730
129	774
129	883
129	914
130	618
130	719
130	826
130	848
130	984
131	596
131	607
131	727
131	801
131	898
132	197
132	351
132	468
132	495
132	935
133	721
133	853
133	897
133	953
133	987
134	627
134	656
134	940
134	958
134	970
135	566
135	590
135	681
135	862
135	881
136	633
136	777
136	819
136	841
136	899
137	111
137	604
137	607
137	780
137	823
138	419
138	456
138	706
138	847
138	979
139	684
139	746
139	772
139	914
139	929
140	150
140	190
140	786
140	841
140	955
141	552
141	835
141	889
141	917
141	996
142	712
142	818
142	923
142	931
142	957
143	252
143	781
143	953
143	966
143	987
144	188
144	305
144	389
144	673
144	952
145	345
145	530
145	618
145	831
145	848
146	680
146	750
146	893
146	945
146	950
147	569
147	900
147	903
147	939
147	940
148	272
148	484
148	602
148	670
148	965
149	803
149	850
149	967
149	995
149	998
150	140
150	614
150	867
150	925
150	969
151	235
151	344
151	354
151	641
151	875
152	31
152	104
152	494
152	663
152	898
153	4
153	453
153	908
153	944
153	990
154	291
154	618
154	719
154	826
154	988
155	465
155	576
155	628
155	800
155	918
156	246
156	697
156	842
156	872
156	956
157	35
157	78
157	896
157	898
157	999
158	515
158	590
158	744
158	771
158	970
159	530
159	719
159	826
159	831
159	848
160	378
160	619
160	748
160	808
160	817
161	432
161	513
161	608
161	804
161	943
162	566
162	683
162	705
162	843
162	862
163	387
163	791
163	860
163	877
163	947
164	323
164	876
164	940
164	959
164	965
165	261
165	474
165	693
165	731
165	814
166	416
166	640
166	765
166	778
166	785
167	645
167	936
167	948
167	980
167	991
168	425
168	853
168	966
168	987
168	992
169	104
169	576
169	628
169	800
169	979
170	864
170	913
170	937
170	981
170	990
171	231
171	270
171	338
171	525
171	690
172	529
172	657
172	788
172	820
172	974
173	294
173	318
173	344
173	641
173	809
174	442
174	795
174	949
174	952
174	986
175	288
175	767
175	916
175	951
175	963
176	187
176	208
176	665
176	844
176	941
177	707
177	906
177	938
177	968
177	985
178	666
178	774
178	883
178	901
178	989
179	567
179	758
179	842
179	911
179	931
180	530
180	594
180	766
180	790
180	842
181	492
181	698
181	707
181	882
181	899
182	241
182	294
182	318
182	816
182	923
183	571
183	943
183	964
183	973
183	994
184	908
184	910
184	929
184	962
184	990
185	99
185	301
185	540
185	951
185	963
186	33
186	338
186	381
186	525
186	690
187	176
187	573
187	771
187	900
187	902
188	35
188	54
188	144
188	754
188	952
189	329
189	345
189	822
189	978
189	985
190	140
190	612
190	847
190	886
190	969
191	343
191	787
191	961
191	973
191	997
192	484
192	751
192	829
192	939
192	965
193	829
193	884
193	903
193	939
193	989
194	422
194	651
194	676
194	686
194	692
194	994
195	319
195	373
195	528
195	835
195	889
195	961
196	922
196	938
196	968
196	978
196	985
196	993
197	132
197	276
197	468
197	620
197	621
197	761
198	267
198	767
198	809
198	909
198	941
198	977
199	269
199	642
199	718
199	907
199	964
199	994
200	3
200	560
200	617
200	648
200	672
200	822
201	357
201	534
201	698
201	897
201	907
201	964
202	212
202	503
202	765
202	897
202	964
202	994
203	279
203	469
203	620
203	752
203	927
203	935
204	61
204	340
204	538
204	589
204	705
204	839
205	645
205	689
205	802
205	980
205	983
205	991
206	360
206	540
206	885
206	896
206	916
206	963
207	512
207	891
207	925
207	960
207	996
207	999
208	176
208	248
208	661
208	844
208	854
208	909
209	391
209	439
209	694
209	772
209	776
209	929
210	289
210	401
210	866
210	886
210	955
210	969
211	61
211	73
211	304
211	340
211	538
211	705
212	202
212	571
212	646
212	710
212	897
212	964
213	435
213	570
213	626
213	772
213	929
213	936
214	298
214	365
214	438
214	776
214	915
214	999
215	564
215	768
215	870
215	889
215	917
215	933
216	88
216	270
216	306
216	381
216	525
216	690
217	787
217	796
217	912
217	976
217	982
217	997
218	102
218	558
218	877
218	947
218	955
218	969
219	95
219	351
219	468
219	676
219	752
219	935
220	73
220	304
220	340
220	538
220	589
220	705
221	570
221	684
221	694
221	802
221	929
221	992
222	32
222	717
222	747
222	872
222	972
222	975
223	634
223	932
223	965
223	984
223	993
223	998
224	406
224	437
224	458
224	659
224	809
224	846
225	492
225	526
225	628
225	636
225	959
225	979
226	403
226	805
226	828
226	830
226	884
226	939
227	56
227	359
227	627
227	671
227	876
227	970
228	398
228	750
228	816
228	945
228	950
228	1000
229	584
229	747
229	755
229	775
229	956
229	975
230	524
230	716
230	868
230	893
230	926
230	1000
231	171
231	270
231	306
231	338
231	525
231	690
232	733
232	851
232	916
232	943
232	951
232	963
233	100
233	509
233	553
233	768
233	933
233	961
234	773
234	857
234	924
234	978
234	985
234	988
235	114
235	151
235	251
235	318
235	354
235	641
236	369
236	585
236	733
236	795
236	951
236	963
237	555
237	685
237	772
237	776
237	802
237	929
238	457
238	698
238	700
238	784
238	801
238	842
239	98
239	414
239	644
239	660
239	852
239	989
240	400
240	702
240	765
240	778
240	785
240	909
241	93
241	182
241	891
241	923
241	960
241	996
242	308
242	734
242	871
242	874
242	971
242	973
243	534
243	542
243	548
243	777
243	888
243	899
244	265
244	491
244	868
244	945
244	950
244	1000
245	107
245	319
245	697
245	775
245	813
245	972
246	156
246	775
246	842
246	872
246	956
246	972
247	254
247	541
247	728
247	809
247	849
247	977
248	208
248	555
248	626
248	684
248	694
248	929
249	64
249	259
249	392
249	396
249	549
249	845
250	18
250	370
250	730
250	883
250	901
250	914
251	114
251	235
251	294
251	337
251	344
251	641
252	90
252	143
252	380
252	770
252	966
252	987
253	75
253	332
253	469
253	621
253	752
253	935
254	92
254	247
254	855
254	873
254	921
254	927
255	507
255	521
255	725
255	828
255	830
255	966
256	770
256	818
256	911
256	946
256	953
256	987
257	352
257	447
257	472
257	720
257	943
257	973
258	392
258	539
258	735
258	983
258	991
258	992
259	249
259	396
259	486
259	549
259	845
259	993
260	310
260	346
260	688
260	853
260	889
260	966
261	165
261	423
261	708
261	908
261	981
261	990
262	796
262	815
262	890
262	912
262	982
262	997
263	406
263	485
263	541
263	578
263	742
263	849
264	693
264	722
264	783
264	949
264	950
264	986
265	244
265	557
265	841
265	875
265	925
265	969
266	22
266	422
266	540
266	686
266	692
266	994
267	198
267	507
267	665
267	844
267	854
267	941
268	708
268	910
268	920
268	937
268	962
268	965
269	199
269	503
269	519
269	718
269	768
269	964
270	171
270	216
270	231
270	306
270	525
270	690
271	99
271	669
271	810
271	885
271	951
271	963
272	148
272	524
272	553
272	670
272	922
272	965
273	64
273	377
273	392
273	486
273	549
273	845
274	119
274	813
274	832
274	872
274	972
274	975
275	366
275	687
275	722
275	782
275	993
275	995
276	37
276	197
276	279
276	393
276	621
276	935
277	71
277	697
277	872
277	956
277	975
277	983
278	738
278	882
278	911
278	931
278	946
278	957
279	203
279	276
279	351
279	632
279	935
279	954
280	291
280	674
280	832
280	844
280	854
280	909
281	450
281	566
281	609
281	622
281	863
281	881
282	40
282	488
282	652
282	756
282	832
282	917
283	716
283	793
283	926
283	945
283	974
283	1000
284	296
284	681
284	859
284	906
284	968
284	988
285	400
285	417
285	565
285	640
285	702
285	785
286	384
286	572
286	593
286	811
286	856
286	971
287	458
287	595
287	659
287	728
287	742
287	849
288	74
288	175
288	392
288	396
288	486
288	549
289	210
289	419
289	723
289	819
289	955
289	969
290	740
290	846
290	891
290	923
290	960
290	996
291	154
291	280
291	376
291	719
291	826
291	848
292	389
292	487
292	793
292	850
292	930
292	995
293	649
293	709
293	853
293	966
293	976
293	987
294	173
294	182
294	251
294	354
294	641
294	941
295	733
295	810
295	851
295	885
295	916
295	963
296	284
296	682
296	922
296	938
296	968
296	978
297	48
297	551
297	649
297	770
297	953
297	987
298	214
298	510
298	596
298	938
298	954
298	988
299	551
299	838
299	842
299	956
299	972
299	983
300	116
300	465
300	636
300	789
300	800
300	990
301	185
301	669
301	810
301	851
301	916
301	963
302	45
302	499
302	665
302	844
302	854
302	941
303	537
303	651
303	686
303	692
303	966
303	994
304	211
304	220
304	340
304	414
304	538
304	705
305	144
305	579
305	588
305	930
305	952
305	986
306	29
306	216
306	231
306	270
306	381
306	690
307	14
307	378
307	662
307	741
307	748
307	817
308	1
308	242
308	477
308	545
308	874
308	971
309	329
309	436
309	467
309	617
309	648
309	692
310	260
310	864
310	980
310	983
310	991
310	992
311	72
311	601
311	740
311	925
311	960
311	996
312	357
312	698
312	827
312	899
312	976
312	997
313	489
313	745
313	880
313	934
313	943
313	973
314	81
314	513
314	545
314	745
314	880
314	934
315	807
315	868
315	893
315	950
315	974
315	1000
316	583
316	644
316	717
316	876
316	902
316	940
317	14
317	449
317	634
317	741
317	748
317	817
318	173
318	182
318	235
318	344
318	354
318	641
319	195
319	245
319	675
319	699
319	870
319	961
320	71
320	418
320	725
320	829
320	884
320	892
321	364
321	709
321	721
321	853
321	953
321	987
322	579
322	605
322	722
322	731
322	814
322	840
323	164
323	381
323	427
323	522
323	836
323	970
324	88
324	529
324	657
324	788
324	820
324	974
325	543
325	664
325	846
325	923
325	960
325	996
326	126
326	328
326	558
326	654
326	837
326	877
327	526
327	721
327	896
327	898
327	953
327	999
328	326
328	728
328	791
328	794
328	837
328	860
329	109
329	189
329	309
329	348
329	648
329	672
330	46
330	799
330	913
330	920
330	937
330	962
331	372
331	646
331	666
331	883
331	901
331	914
332	253
332	393
332	469
332	676
332	752
332	935
333	106
333	417
333	587
333	765
333	778
333	785
334	750
334	807
334	876
334	893
334	950
334	1000
335	41
335	457
335	700
335	766
335	790
335	801
336	353
336	388
336	507
336	770
336	966
336	987
337	251
337	630
337	792
337	799
337	908
337	944
337	990
338	88
338	171
338	186
338	231
338	381
338	535
338	690
339	375
339	391
339	695
339	858
339	980
339	991
339	992
340	204
340	211
340	220
340	304
340	538
340	589
340	705
341	470
341	488
341	531
341	608
341	652
341	726
341	917
342	384
342	678
342	779
342	856
342	874
342	895
342	973
343	191
343	608
343	720
343	745
343	934
343	943
343	973
344	114
344	151
344	173
344	251
344	318
344	354
344	641
345	27
345	145
345	189
345	444
345	618
345	831
345	848
346	260
346	364
346	580
346	675
346	835
346	917
346	961
347	401
347	405
347	657
347	686
347	788
347	820
347	974
348	329
348	432
348	815
348	880
348	904
348	973
348	986
349	566
349	606
349	681
349	772
349	862
349	863
349	881
350	481
350	624
350	670
350	936
350	965
350	968
350	978
351	132
351	219
351	279
351	676
351	752
351	761
351	935
352	257
352	489
352	661
352	720
352	804
352	943
352	973
353	336
353	795
353	810
353	851
353	916
353	951
353	963
354	114
354	151
354	235
354	294
354	318
354	344
354	641
355	460
355	536
355	650
355	654
355	658
355	711
355	741
356	582
356	677
356	688
356	701
356	888
356	917
356	933
357	201
357	312
357	433
357	633
357	698
357	777
357	899
358	459
358	643
358	730
358	891
358	923
358	960
358	996
359	227
359	420
359	439
359	836
359	894
359	940
359	965
360	206
360	516
360	540
360	669
360	885
360	916
360	951
361	126
361	693
361	713
361	762
361	904
361	930
361	952
362	523
362	769
362	908
362	913
362	920
362	944
362	962
363	28
363	553
363	768
363	888
363	889
363	928
363	961
364	321
364	346
364	425
364	649
364	953
364	966
364	987
365	28
365	214
365	421
365	596
365	896
365	898
365	999
366	275
366	462
366	833
366	879
366	932
366	993
366	998
367	610
367	805
367	884
367	892
367	909
367	939
367	955
368	455
368	584
368	660
368	811
368	976
368	982
368	997
369	236
369	516
369	767
369	801
369	885
369	951
369	963
370	250
370	443
370	666
370	774
370	806
370	883
370	901
371	391
371	555
371	694
371	696
371	772
371	847
371	929
372	84
372	331
372	504
372	841
372	883
372	901
372	914
373	28
373	52
373	100
373	195
373	516
373	580
373	677
374	464
374	487
374	783
374	834
374	930
374	949
374	952
375	339
375	505
375	645
375	894
375	948
375	980
375	991
376	76
376	291
376	464
376	501
376	618
376	719
376	848
377	273
377	383
377	526
377	789
377	812
377	918
377	959
378	160
378	307
378	449
378	662
378	741
378	748
378	817
379	124
379	638
379	857
379	906
379	918
379	924
379	954
380	252
380	423
380	721
380	770
380	853
380	953
380	987
381	186
381	216
381	306
381	323
381	338
381	525
381	690
382	21
382	631
382	715
382	760
382	896
382	921
382	928
383	8
383	104
383	377
383	561
383	656
383	918
383	979
384	286
384	342
384	556
384	572
384	874
384	895
384	971
385	620
385	714
385	759
385	858
385	980
385	983
385	992
386	513
386	595
386	804
386	880
386	908
386	934
386	943
387	163
387	415
387	658
387	794
387	860
387	877
387	947
388	336
388	709
388	721
388	853
388	953
388	966
388	987
389	144
389	292
389	693
389	713
389	930
389	945
389	952
390	483
390	537
390	793
390	847
390	984
390	993
390	994
391	209
391	339
391	371
391	435
391	685
391	696
391	776
392	74
392	249
392	258
392	273
392	288
392	486
392	845
393	276
393	332
393	469
393	620
393	632
393	638
393	935
394	462
394	731
394	814
394	834
394	904
394	970
394	986
395	594
395	691
395	764
395	875
395	898
395	915
395	999
396	74
396	249
396	259
396	288
396	549
396	589
396	845
397	569
397	688
397	747
397	813
397	915
397	975
397	983
398	228
398	868
398	893
398	918
398	945
398	950
398	1000
399	734
399	792
399	799
399	910
399	962
399	981
399	990
400	240
400	285
400	640
400	765
400	778
400	785
400	972
401	210
401	347
401	405
401	657
401	788
401	820
401	974
402	477
402	784
402	803
402	821
402	850
402	984
402	995
403	226
403	604
403	660
403	855
403	869
403	905
403	921
404	528
404	580
404	582
404	633
404	889
404	917
404	961
405	36
405	347
405	401
405	758
405	788
405	820
405	974
406	224
406	263
406	458
406	586
406	728
406	849
406	977
407	476
407	878
407	890
407	912
407	976
407	982
407	997
408	702
408	758
408	882
408	911
408	919
408	946
408	957
409	551
409	602
409	697
409	717
409	813
409	838
409	972
410	674
410	715
410	873
410	903
410	905
410	921
410	942
411	122
411	750
411	807
411	893
411	926
411	950
411	1000
412	567
412	581
412	738
412	818
412	919
412	931
412	957
413	744
413	792
413	910
413	913
413	937
413	981
413	990
414	106
414	239
414	304
414	703
414	760
414	869
414	989
415	387
415	460
415	536
415	641
415	650
415	791
415	860
416	166
416	587
416	640
416	702
416	778
416	785
416	901
417	285
417	333
417	565
417	702
417	765
417	778
417	785
418	320
418	504
418	749
418	882
418	911
418	931
418	946
419	19
419	24
419	138
419	289
419	866
419	886
419	969
420	359
420	452
420	632
420	836
420	876
420	935
420	940
421	365
421	461
421	607
421	706
421	915
421	928
421	999
422	77
422	194
422	266
422	483
422	651
422	686
422	994
423	261
423	380
423	769
423	799
423	910
423	913
423	981
424	491
424	807
424	859
424	868
424	893
424	974
424	1000
425	168
425	364
425	649
425	781
425	853
425	953
425	966
426	30
426	51
426	550
426	553
426	637
426	677
426	889
427	323
427	591
427	758
427	902
427	940
427	958
427	970
428	625
428	714
428	729
428	894
428	900
428	902
428	970
429	542
429	646
429	774
429	883
429	901
429	914
429	998
430	594
430	603
430	700
430	766
430	784
430	790
430	842
431	473
431	910
431	911
431	937
431	962
431	981
431	990
432	161
432	348
432	720
432	851
432	880
432	934
432	943
433	357
433	548
433	568
433	633
433	698
433	707
433	899
434	481
434	811
434	839
434	878
434	976
434	982
434	997
435	213
435	391
435	684
435	685
435	746
435	776
435	802
435	979
436	9
436	309
436	467
436	506
436	527
436	560
436	617
436	822
437	224
437	485
437	541
437	659
437	728
437	742
437	849
437	983
438	21
438	89
438	214
438	595
438	743
438	764
438	842
438	999
439	209
439	359
439	627
439	644
439	902
439	958
439	959
439	970
440	574
440	647
440	687
440	967
440	984
440	993
440	995
440	998
441	671
441	690
441	714
441	736
441	759
441	780
441	940
441	941
442	43
442	174
442	461
442	605
442	834
442	840
442	949
442	986
443	129
443	370
443	603
443	666
443	774
443	883
443	901
443	914
444	345
444	501
444	530
444	719
444	743
444	826
444	831
444	848
445	494
445	510
445	898
445	920
445	944
445	990
445	995
445	999
446	655
446	727
446	736
446	894
446	928
446	958
446	974
446	999
447	85
447	257
447	489
447	608
447	667
447	761
447	798
447	934
448	454
448	535
448	738
448	753
448	758
448	763
448	911
448	957
449	34
449	317
449	378
449	662
449	741
449	748
449	808
449	817
450	281
450	598
450	606
450	681
450	862
450	881
450	936
450	992
451	10
451	852
451	854
451	921
451	927
451	942
451	977
451	989
452	420
452	469
452	678
452	752
452	856
452	895
452	935
452	971
453	96
453	153
453	678
453	779
453	871
453	874
453	895
453	973
454	67
454	448
454	556
454	734
454	779
454	871
454	874
454	971
455	368
455	629
455	671
455	890
455	912
455	976
455	982
455	997
456	138
456	638
456	732
456	847
456	886
456	954
456	969
456	988
457	238
457	335
457	463
457	594
457	603
457	700
457	790
457	801
458	224
458	287
458	406
458	485
458	493
458	728
458	742
458	809
459	358
459	643
459	824
459	846
459	916
459	925
459	960
459	996
460	126
460	355
460	415
460	558
460	711
460	791
460	860
460	877
461	21
461	421
461	442
461	607
461	764
461	875
461	928
461	999
462	43
462	366
462	394
462	615
462	879
462	904
462	932
462	952
463	457
463	603
463	674
463	700
463	766
463	784
463	790
463	801
464	374
464	376
464	650
464	658
464	722
464	837
464	840
464	877
465	155
465	300
465	576
465	800
465	812
465	858
465	959
465	979
466	723
466	788
466	819
466	820
466	847
466	866
466	974
466	980
467	3
467	309
467	436
467	527
467	560
467	648
467	672
467	822
468	75
468	132
468	197
468	219
468	469
468	621
468	916
468	935
469	203
469	253
469	332
469	393
469	452
469	468
469	632
469	676
470	65
470	341
470	488
470	531
470	652
470	726
470	756
470	917
471	503
471	519
471	669
471	701
471	718
471	739
471	897
471	964
472	257
472	489
472	511
472	608
472	667
472	880
472	934
472	943
473	1
473	59
473	431
473	913
473	937
473	944
473	981
473	990
474	165
474	487
474	693
474	732
474	762
474	781
474	786
474	930
475	107
475	518
475	551
475	747
475	755
475	956
475	972
475	975
476	407
476	488
476	531
476	652
476	756
476	953
476	966
476	987
477	308
477	402
477	647
477	850
477	879
477	967
477	995
477	998
478	649
478	733
478	767
478	851
478	885
478	916
478	951
478	963
479	600
479	672
479	751
479	805
479	828
479	884
479	892
479	939
480	519
480	610
480	725
480	829
480	884
480	892
480	909
480	939
481	350
481	434
481	484
481	524
481	602
481	670
481	812
481	965
482	663
482	759
482	858
482	887
482	948
482	980
482	991
482	992
483	22
483	51
483	390
483	422
483	537
483	651
483	692
483	994
484	148
484	192
484	481
484	602
484	670
484	783
484	812
484	965
485	70
485	263
485	437
485	458
485	578
485	728
485	809
485	881
486	74
486	259
486	273
486	288
486	392
486	549
486	845
486	958
487	292
487	374
487	474
487	732
487	761
487	844
487	949
487	952
488	282
488	341
488	470
488	476
488	531
488	652
488	726
488	854
489	313
489	352
489	447
489	472
489	511
489	667
489	880
489	943
490	500
490	580
490	738
490	749
490	946
490	957
490	961
490	995
491	244
491	424
491	554
491	868
491	926
491	945
491	950
491	1000
492	181
492	225
492	534
492	707
492	888
492	916
492	951
492	963
493	458
493	578
493	728
493	742
493	809
493	849
493	940
493	977
494	152
494	445
494	727
494	896
494	915
494	928
494	960
494	999
495	132
495	522
495	620
495	621
495	632
495	676
495	752
495	935
496	8
496	572
496	789
496	918
496	976
496	979
496	982
496	997
497	660
497	703
497	852
497	855
497	869
497	905
497	921
497	989
498	41
498	112
498	715
498	769
498	830
498	852
498	942
498	962
499	302
499	796
499	839
499	878
499	890
499	912
499	982
499	997
500	28
500	117
500	490
500	550
500	637
500	688
500	933
500	997
501	68
501	76
501	376
501	444
501	675
501	719
501	831
501	848
502	528
502	580
502	637
502	688
502	699
502	763
502	889
502	933
503	202
503	269
503	471
503	521
503	725
503	897
503	907
503	964
504	372
504	418
504	613
504	730
504	883
504	914
504	919
504	957
505	29
505	375
505	759
505	864
505	936
505	948
505	980
505	992
506	109
506	436
506	527
506	560
506	617
506	672
506	735
506	822
507	255
507	267
507	336
507	709
507	853
507	953
507	966
507	987
508	821
508	825
508	833
508	967
508	984
508	993
508	995
508	998
509	233
509	701
509	813
509	889
509	961
509	975
509	978
509	983
510	298
510	445
510	663
510	764
510	896
510	898
510	960
510	999
511	472
511	489
511	608
511	798
511	799
511	880
511	934
511	973
512	207
512	601
512	802
512	824
512	846
512	891
512	960
512	996
513	81
513	161
513	314
513	386
513	720
513	804
513	880
513	934
514	546
514	680
514	868
514	926
514	945
514	950
514	989
514	1000
515	158
515	644
515	861
515	885
515	894
515	900
515	940
515	970
516	360
516	369
516	373
516	767
516	795
516	916
516	951
516	963
517	689
517	704
517	858
517	941
517	947
517	980
517	983
517	992
518	119
518	475
518	551
518	838
518	842
518	915
518	956
518	975
519	269
519	471
519	480
519	585
519	623
519	897
519	907
519	964
520	83
520	703
520	869
520	873
520	903
520	921
520	977
520	989
521	255
521	503
521	585
521	611
521	718
521	739
521	907
521	964
522	323
522	495
522	631
522	701
522	870
522	902
522	958
522	961
523	128
523	362
523	792
523	913
523	937
523	940
523	981
523	990
524	230
524	272
524	481
524	553
524	573
524	602
524	670
524	965
525	88
525	171
525	186
525	216
525	231
525	270
525	381
525	690
526	8
526	225
526	327
526	377
526	576
526	628
526	656
526	789
526	959
527	9
527	109
527	436
527	467
527	506
527	648
527	672
527	822
527	933
528	117
528	195
528	404
528	502
528	556
528	564
528	637
528	835
528	933
529	11
529	36
529	172
529	324
529	657
529	788
529	820
529	823
529	974
530	27
530	53
530	145
530	159
530	180
530	444
530	826
530	831
530	848
531	341
531	470
531	476
531	488
531	726
531	756
531	832
531	899
531	917
532	859
532	865
532	906
532	924
532	954
532	960
532	978
532	985
532	988
533	586
533	693
533	713
533	722
533	731
533	783
533	904
533	949
533	986
534	72
534	201
534	243
534	492
534	548
534	699
534	777
534	899
534	952
535	338
535	448
535	567
535	712
535	749
535	758
535	882
535	919
535	957
536	355
536	415
536	580
536	650
536	794
536	837
536	860
536	877
536	947
537	77
537	303
537	390
537	483
537	651
537	686
537	692
537	943
537	994
538	61
538	204
538	211
538	220
538	304
538	340
538	589
538	705
538	904
539	258
539	645
539	695
539	714
539	864
539	921
539	948
539	991
539	992
540	185
540	206
540	266
540	360
540	795
540	851
540	885
540	951
540	963
541	49
541	70
541	247
541	263
541	437
541	578
541	809
541	849
541	977
542	243
542	429
542	646
542	666
542	730
542	774
542	883
542	901
542	914
543	37
543	325
543	631
543	740
543	816
543	846
543	891
543	923
543	996
544	738
544	753
544	818
544	861
544	911
544	919
544	931
544	946
544	957
545	96
545	308
545	314
545	745
545	774
545	798
545	895
545	943
545	973
546	514
546	673
546	680
546	716
546	868
546	926
546	945
546	974
546	1000
547	80
547	645
547	735
547	759
547	897
547	936
547	948
547	980
547	991
548	243
548	433
548	534
548	633
548	707
548	777
548	888
548	899
548	927
549	64
549	249
549	259
549	273
549	288
549	396
549	486
549	776
549	845
550	426
550	500
550	582
550	768
550	835
550	870
550	888
550	933
550	961
551	297
551	299
551	409
551	475
551	518
551	838
551	956
551	972
551	975
552	141
552	675
552	688
552	870
552	888
552	889
552	933
552	961
552	993
553	233
553	272
553	363
553	426
553	524
553	600
553	768
553	833
553	965
554	491
554	853
554	893
554	922
554	924
554	945
554	978
554	985
554	1000
555	237
555	248
555	371
555	626
555	662
555	684
555	694
555	802
555	929
556	96
556	384
556	454
556	528
556	779
556	871
556	874
556	895
556	971
557	6
557	265
557	597
557	599
557	628
557	706
557	866
557	886
557	969
558	218
558	326
558	460
558	654
558	658
558	711
558	825
558	860
558	877
559	78
559	567
559	596
559	663
559	691
559	743
559	896
559	898
559	999
560	9
560	200
560	436
560	467
560	506
560	617
560	648
560	724
560	822
561	383
561	656
561	789
561	800
561	812
561	824
561	918
561	959
561	979
562	653
562	821
562	857
562	922
562	924
562	954
562	968
562	978
562	988
563	98
563	703
563	757
563	760
563	794
563	823
563	855
563	869
563	942
564	52
564	215
564	528
564	675
564	701
564	835
564	848
564	870
564	933
565	285
565	417
565	587
565	640
565	702
565	765
565	778
565	785
565	955
566	78
566	86
566	135
566	162
566	281
566	349
566	843
566	862
566	881
567	179
567	412
567	535
567	559
567	581
567	712
567	882
567	911
567	931
568	94
568	433
568	698
568	699
568	707
568	777
568	888
568	899
568	964
569	147
569	397
569	609
569	747
569	760
569	805
569	892
569	975
569	983
570	213
570	221
570	696
570	746
570	772
570	776
570	802
570	929
570	942
571	24
571	183
571	212
571	585
571	611
571	739
571	897
571	907
571	964
572	286
572	384
572	496
572	678
572	679
572	871
572	874
572	971
572	973
573	187
573	524
573	591
573	602
573	729
573	754
573	812
573	902
573	965
574	440
574	647
574	682
574	825
574	833
574	850
574	967
574	993
574	998
575	682
575	753
575	788
575	882
575	919
575	938
575	946
575	947
575	985
576	155
576	169
576	465
576	526
576	656
576	800
576	812
576	918
576	979
577	45
577	661
577	665
577	674
577	832
577	844
577	854
577	909
577	941
578	263
578	485
578	493
578	541
578	742
578	809
578	835
578	849
578	977
579	53
579	305
579	322
579	732
579	754
579	762
579	814
579	834
579	930
580	7
580	346
580	373
580	404
580	490
580	502
580	536
580	582
580	688
581	77
581	412
581	567
581	758
581	763
581	882
581	911
581	919
581	946
582	356
582	404
582	550
582	580
582	679
582	688
582	701
582	888
582	889
583	316
583	627
583	671
583	836
583	894
583	900
583	958
583	965
583	968
584	229
584	368
584	796
584	811
584	827
584	912
584	976
584	982
584	997
585	236
585	519
585	521
585	571
585	642
585	897
585	907
585	964
585	994
586	406
586	533
586	731
586	783
586	814
586	834
586	904
586	952
586	986
587	333
587	416
587	565
587	640
587	702
587	765
587	778
587	785
587	864
588	29
588	305
588	858
588	936
588	941
588	948
588	980
588	991
588	992
589	48
589	61
589	73
589	204
589	220
589	340
589	396
589	538
589	705
590	33
590	135
590	158
590	591
590	736
590	836
590	861
590	940
590	970
591	427
591	573
591	590
591	627
591	644
591	654
591	876
591	965
591	970
592	827
592	839
592	878
592	890
592	899
592	912
592	976
592	982
592	997
593	286
593	655
593	750
593	807
593	856
593	871
593	945
593	971
593	1000
594	42
594	180
594	395
594	430
594	457
594	603
594	766
594	790
594	801
595	2
595	287
595	386
595	438
595	804
595	896
595	934
595	973
595	999
596	2
596	131
596	298
596	365
596	559
596	743
596	928
596	964
596	999
597	557
597	599
597	723
597	798
597	819
597	841
597	847
597	925
597	969
598	450
598	622
598	683
598	843
598	858
598	862
598	863
598	881
598	936
599	557
599	597
599	819
599	841
599	866
599	867
599	886
599	929
599	969
600	479
600	553
600	609
600	610
600	829
600	884
600	892
600	939
600	955
601	62
601	311
601	512
601	624
601	643
601	664
601	923
601	969
601	996
602	148
602	409
602	481
602	484
602	524
602	573
602	670
602	812
602	965
603	42
603	430
603	443
603	457
603	463
603	594
603	700
603	766
603	842
604	15
604	60
604	106
604	137
604	403
604	846
604	873
604	887
604	921
605	322
605	442
605	673
605	754
605	781
605	834
605	840
605	900
605	949
606	349
606	450
606	618
606	622
606	683
606	843
606	862
606	863
606	881
607	131
607	137
607	421
607	461
607	691
607	743
607	764
607	896
607	928
608	161
608	341
608	343
608	447
608	472
608	511
608	804
608	934
608	943
609	281
609	569
609	600
609	725
609	829
609	884
609	892
609	939
609	955
610	367
610	480
610	600
610	805
610	828
610	884
610	909
610	939
610	982
611	521
611	571
611	623
611	718
611	739
611	897
611	907
611	964
611	994
612	105
612	190
612	706
612	723
612	807
612	847
612	867
612	955
612	969
613	504
613	749
613	763
613	911
613	919
613	931
613	946
613	957
613	959
614	150
614	786
614	841
614	866
614	875
614	886
614	969
614	979
614	988
615	87
615	462
615	687
615	821
615	825
615	879
615	967
615	995
615	998
616	619
616	865
616	906
616	922
616	947
616	954
616	968
616	978
616	985
616	988
617	3
617	43
617	200
617	309
617	436
617	506
617	560
617	648
617	672
617	822
618	68
618	130
618	145
618	154
618	345
618	376
618	606
618	826
618	831
618	848
619	69
619	160
619	616
619	741
619	748
619	817
619	967
619	984
619	995
619	998
620	75
620	197
620	203
620	385
620	393
620	495
620	632
620	676
620	761
620	935
621	75
621	197
621	253
621	276
621	468
621	495
621	632
621	752
621	935
621	937
622	281
622	598
622	606
622	681
622	683
622	843
622	860
622	862
622	863
622	881
623	519
623	611
623	642
623	710
623	718
623	739
623	897
623	907
623	920
623	994
624	57
624	350
624	601
624	824
624	891
624	925
624	938
624	960
624	978
624	996
625	74
625	428
625	729
625	736
625	836
625	894
625	900
625	940
625	958
625	970
626	213
626	248
626	555
626	684
626	685
626	694
626	746
626	772
626	929
626	999
627	134
627	227
627	439
627	583
627	591
627	876
627	894
627	900
627	970
627	990
628	155
628	169
628	225
628	526
628	557
628	789
628	800
628	812
628	959
628	979
629	455
629	811
629	827
629	839
629	878
629	901
629	912
629	976
629	982
629	997
630	337
630	735
630	744
630	769
630	799
630	908
630	920
630	944
630	981
630	990
631	382
631	522
631	543
631	646
631	730
631	736
631	883
631	900
631	901
631	958
632	279
632	393
632	420
632	469
632	495
632	620
632	621
632	676
632	898
632	935
633	72
633	136
633	357
633	404
633	433
633	548
633	699
633	777
633	888
633	899
634	223
634	317
634	647
634	737
634	782
634	797
634	879
634	984
634	995
634	998
635	687
635	737
635	844
635	850
635	879
635	932
635	967
635	984
635	993
635	995
636	225
636	300
636	807
636	810
636	868
636	926
636	950
636	959
636	979
636	1000
637	30
637	426
637	500
637	502
637	528
637	677
637	757
637	835
637	933
637	961
638	379
638	393
638	456
638	682
638	922
638	924
638	954
638	968
638	985
638	988
639	687
639	803
639	825
639	833
639	911
639	932
639	967
639	984
639	995
639	998
640	166
640	285
640	400
640	416
640	565
640	587
640	702
640	778
640	785
640	976
641	114
641	151
641	173
641	235
641	251
641	294
641	318
641	344
641	354
641	415
642	47
642	125
642	199
642	585
642	623
642	710
642	753
642	897
642	907
642	964
643	358
643	459
643	601
643	664
643	780
643	846
643	891
643	923
643	960
643	996
644	239
644	316
644	439
644	515
644	591
644	671
644	771
644	836
644	894
644	970
645	167
645	205
645	375
645	539
645	547
645	759
645	831
645	887
645	991
645	992
646	18
646	212
646	331
646	429
646	542
646	631
646	668
646	883
646	901
646	914
647	440
647	477
647	574
647	634
647	793
647	818
647	845
647	932
647	967
647	998
648	200
648	309
648	329
648	467
648	527
648	560
648	617
648	672
648	681
648	822
649	293
649	297
649	364
649	425
649	478
649	744
649	770
649	953
649	966
649	987
650	126
650	355
650	415
650	464
650	536
650	654
650	791
650	803
650	837
650	947
651	22
651	194
651	303
651	422
651	483
651	537
651	686
651	692
651	994
651	997
652	282
652	341
652	470
652	476
652	488
652	726
652	756
652	832
652	917
652	924
653	118
653	562
653	782
653	857
653	859
653	865
653	922
653	938
653	968
653	988
654	326
654	355
654	558
654	591
654	650
654	711
654	791
654	794
654	837
654	860
655	89
655	446
655	593
655	801
655	864
655	875
655	896
655	915
655	928
655	999
656	8
656	134
656	383
656	526
656	561
656	576
656	800
656	812
656	918
656	959
657	11
657	172
657	324
657	347
657	401
657	529
657	788
657	820
657	948
657	974
658	355
658	387
658	464
658	558
658	665
658	711
658	794
658	837
658	877
658	947
659	70
659	224
659	287
659	437
659	728
659	742
659	809
659	849
659	977
659	983
660	239
660	368
660	403
660	497
660	703
660	757
660	905
660	927
660	942
660	989
661	32
661	45
661	208
661	352
661	577
661	665
661	832
661	844
661	909
661	941
662	14
662	34
662	69
662	307
662	378
662	449
662	555
662	741
662	808
662	817
663	152
663	482
663	510
663	559
663	801
663	864
663	875
663	896
663	898
663	915
664	325
664	601
664	643
664	816
664	824
664	891
664	923
664	932
664	960
664	996
665	32
665	176
665	267
665	302
665	577
665	658
665	661
665	844
665	854
665	909
666	44
666	178
666	331
666	370
666	443
666	542
666	730
666	901
666	914
666	996
667	447
667	472
667	489
667	745
667	798
667	799
667	804
667	934
667	943
667	973
668	44
668	646
668	730
668	826
668	882
668	901
668	914
668	931
668	946
668	957
669	271
669	301
669	360
669	471
669	767
669	810
669	851
669	916
669	951
669	963
670	148
670	272
670	350
670	481
670	484
670	524
670	602
670	812
670	944
670	965
671	20
671	227
671	441
671	455
671	583
671	644
671	736
671	836
671	958
671	965
672	3
672	200
672	329
672	467
672	479
672	506
672	527
672	617
672	648
672	822
673	144
673	546
673	605
673	722
673	731
673	904
673	930
673	949
673	952
673	986
674	280
674	410
674	463
674	577
674	832
674	844
674	852
674	903
674	909
674	927
675	319
675	346
675	501
675	552
675	564
675	688
675	768
675	870
675	933
675	961
676	194
676	219
676	332
676	351
676	469
676	495
676	620
676	632
676	752
676	935
677	356
677	373
677	426
677	637
677	701
677	738
677	768
677	870
677	917
677	961
678	67
678	342
678	452
678	453
678	572
678	679
678	895
678	933
678	971
678	973
679	12
679	572
679	582
679	678
679	779
679	856
679	871
679	874
679	895
679	971
680	113
680	146
680	514
680	546
680	868
680	893
680	910
680	926
680	945
680	1000
681	83
681	135
681	284
681	349
681	450
681	622
681	648
681	843
681	863
681	881
681	936
682	296
682	574
682	575
682	638
682	918
682	922
682	938
682	954
682	968
682	978
682	988
683	5
683	90
683	162
683	598
683	606
683	622
683	806
683	843
683	862
683	863
683	936
684	139
684	221
684	248
684	435
684	555
684	626
684	685
684	696
684	779
684	802
684	929
685	237
685	391
685	435
685	626
685	684
685	696
685	746
685	752
685	776
685	802
685	925
686	51
686	77
686	194
686	266
686	303
686	347
686	422
686	537
686	651
686	692
686	994
687	66
687	275
687	440
687	615
687	635
687	639
687	821
687	876
687	879
687	932
687	993
688	30
688	260
688	356
688	397
688	500
688	502
688	552
688	580
688	582
688	675
688	870
689	29
689	80
689	205
689	517
689	704
689	780
689	850
689	980
689	983
689	991
689	992
690	88
690	171
690	186
690	216
690	231
690	270
690	306
690	338
690	381
690	441
690	525
691	31
691	395
691	559
691	607
691	727
691	743
691	830
691	864
691	896
691	915
691	928
692	22
692	51
692	194
692	266
692	303
692	309
692	483
692	537
692	651
692	686
692	994
693	20
693	165
693	264
693	361
693	389
693	474
693	533
693	732
693	840
693	904
693	949
694	209
694	221
694	248
694	371
694	555
694	626
694	746
694	776
694	802
694	929
694	998
695	25
695	58
695	339
695	539
695	714
695	735
695	804
695	948
695	983
695	991
695	992
696	79
696	110
696	371
696	391
696	570
696	684
696	685
696	746
696	776
696	796
696	929
697	156
697	245
697	277
697	409
697	775
697	915
697	956
697	972
697	973
697	975
697	983
698	94
698	181
698	201
698	238
698	312
698	357
698	433
698	568
698	699
698	777
698	899
699	319
699	502
699	534
699	568
699	633
699	698
699	768
699	870
699	899
699	961
699	970
700	38
700	42
700	238
700	335
700	430
700	457
700	463
700	603
700	766
700	790
700	956
701	356
701	471
701	509
701	522
701	564
701	582
701	677
701	835
701	889
701	933
701	961
702	240
702	285
702	408
702	416
702	417
702	565
702	587
702	640
702	765
702	778
702	785
703	414
703	497
703	520
703	563
703	660
703	823
703	869
703	895
703	927
703	942
703	989
704	25
704	87
704	517
704	689
704	735
704	759
704	780
704	939
704	948
704	991
704	992
705	48
705	61
705	73
705	162
705	204
705	211
705	220
705	304
705	340
705	538
705	589
706	138
706	421
706	557
706	612
706	786
706	819
706	866
706	867
706	925
706	969
706	979
707	94
707	177
707	181
707	433
707	492
707	548
707	568
707	777
707	888
707	899
707	915
708	101
708	261
708	268
708	715
708	792
708	910
708	913
708	937
708	962
708	981
708	990
709	293
709	321
709	388
709	507
709	744
709	770
709	853
709	909
709	953
709	966
709	987
710	47
710	101
710	212
710	623
710	642
710	718
710	739
710	897
710	907
710	964
710	994
711	105
711	355
711	460
711	558
711	654
711	658
711	791
711	794
711	837
711	877
711	947
712	142
712	535
712	567
712	763
712	818
712	882
712	911
712	919
712	931
712	946
712	951
713	361
713	389
713	533
713	754
713	783
713	815
713	834
713	840
713	910
713	930
713	949
714	92
714	385
714	428
714	441
714	539
714	695
714	858
714	864
714	887
714	991
714	992
715	112
715	382
715	410
715	498
715	708
715	760
715	852
715	855
715	873
715	927
715	989
716	15
716	230
716	283
716	546
716	750
716	807
716	926
716	945
716	950
716	974
716	1000
717	103
717	107
717	222
717	316
717	409
717	755
717	775
717	872
717	956
717	972
717	975
718	199
718	269
718	471
718	521
718	611
718	623
718	710
718	897
718	907
718	967
718	994
719	130
719	154
719	159
719	291
719	376
719	444
719	501
719	826
719	831
719	848
719	941
720	81
720	85
720	257
720	343
720	352
720	432
720	513
720	745
720	883
720	934
720	943
721	133
721	321
721	327
721	380
721	388
721	744
721	770
721	834
721	953
721	966
721	987
722	264
722	275
722	322
722	464
722	533
722	673
722	754
722	814
722	834
722	952
722	986
723	289
723	466
723	597
723	612
723	786
723	819
723	868
723	886
723	925
723	955
723	969
724	560
724	755
724	838
724	869
724	873
724	942
724	956
724	972
724	975
724	977
724	989
725	71
725	255
725	320
725	480
725	503
725	609
725	751
725	828
725	829
725	892
725	909
726	10
726	40
726	65
726	110
726	341
726	470
726	488
726	531
726	652
726	756
726	832
726	917
727	31
727	131
727	446
727	494
727	691
727	743
727	764
727	801
727	864
727	928
727	967
727	999
728	247
728	287
728	328
728	406
728	437
728	458
728	485
728	493
728	659
728	742
728	849
728	977
729	56
729	428
729	573
729	625
729	736
729	771
729	876
729	900
729	942
729	958
729	959
729	970
730	129
730	250
730	358
730	504
730	542
730	631
730	666
730	668
730	774
730	883
730	901
730	914
731	39
731	55
731	113
731	165
731	322
731	394
731	533
731	586
731	673
731	761
731	952
731	986
732	456
732	474
732	487
732	579
732	693
732	762
732	815
732	878
732	904
732	930
732	952
732	986
733	232
733	236
733	295
733	478
733	767
733	795
733	814
733	851
733	885
733	916
733	951
733	963
734	12
734	97
734	115
734	242
734	399
734	454
734	856
734	871
734	874
734	895
734	902
734	971
735	258
735	506
735	547
735	630
735	695
735	704
735	759
735	858
735	941
735	948
735	980
735	991
736	441
736	446
736	590
736	625
736	631
736	671
736	729
736	771
736	876
736	902
736	938
736	959
737	634
737	635
737	797
737	803
737	833
737	845
737	932
737	982
737	984
737	993
737	995
737	998
738	23
738	278
738	412
738	448
738	490
738	544
738	677
738	753
738	758
738	882
738	911
738	946
739	125
739	471
739	521
739	571
739	611
739	623
739	710
739	897
739	907
739	949
739	964
739	994
740	127
740	290
740	311
740	543
740	816
740	822
740	824
740	846
740	891
740	923
740	960
740	996
741	34
741	69
741	307
741	317
741	355
741	378
741	449
741	619
741	662
741	748
741	808
741	817
742	263
742	287
742	437
742	458
742	493
742	578
742	659
742	728
742	809
742	815
742	849
742	977
743	438
743	444
743	559
743	596
743	607
743	691
743	727
743	837
743	864
743	875
743	928
743	999
744	63
744	158
744	413
744	630
744	649
744	709
744	721
744	908
744	920
744	957
744	962
744	987
745	313
745	314
745	343
745	545
745	667
745	720
745	798
745	804
745	880
745	934
745	943
745	971
746	79
746	139
746	435
746	570
746	626
746	685
746	694
746	696
746	776
746	802
746	929
746	955
747	222
747	229
747	397
747	475
747	569
747	755
747	775
747	872
747	930
747	956
747	972
747	975
748	14
748	34
748	69
748	160
748	307
748	317
748	378
748	449
748	619
748	741
748	808
748	817
749	418
749	490
749	535
749	613
749	753
749	882
749	911
749	919
749	931
749	946
749	957
749	965
750	26
750	146
750	228
750	334
750	411
750	593
750	716
750	926
750	945
750	950
750	974
750	1000
751	54
751	95
751	121
751	192
751	479
751	725
751	805
751	828
751	884
751	892
751	909
751	955
752	94
752	203
752	219
752	253
752	332
752	351
752	452
752	495
752	621
752	676
752	685
752	935
753	448
753	544
753	575
753	642
753	738
753	749
753	818
753	878
753	919
753	931
753	946
753	957
754	39
754	188
754	573
754	579
754	605
754	713
754	722
754	781
754	834
754	930
754	949
754	986
755	229
755	475
755	717
755	724
755	747
755	813
755	915
755	931
755	956
755	972
755	975
755	983
756	10
756	40
756	65
756	282
756	470
756	476
756	531
756	652
756	726
756	832
756	917
756	961
757	15
757	124
757	563
757	637
757	660
757	823
757	854
757	855
757	873
757	903
757	927
757	942
758	179
758	405
758	408
758	427
758	448
758	535
758	581
758	738
758	882
758	919
758	931
758	957
759	385
759	441
759	482
759	505
759	547
759	645
759	704
759	735
759	922
759	980
759	991
759	992
760	382
760	414
760	563
760	569
760	715
760	852
760	887
760	903
760	905
760	927
760	942
760	989
761	67
761	75
761	197
761	351
761	447
761	487
761	620
761	731
761	781
761	814
761	935
761	952
762	43
762	361
762	474
762	579
762	732
762	815
762	840
762	904
762	928
762	930
762	949
762	952
763	49
763	448
763	502
763	581
763	613
763	712
763	911
763	919
763	928
763	931
763	946
763	957
764	35
764	395
764	438
764	461
764	510
764	607
764	727
764	898
764	926
764	928
764	963
764	999
765	166
765	202
765	240
765	333
765	400
765	417
765	565
765	587
765	702
765	778
765	785
765	873
766	38
766	116
766	180
766	335
766	430
766	463
766	594
766	603
766	700
766	801
766	842
766	856
767	175
767	198
767	369
767	478
767	516
767	669
767	733
767	795
767	810
767	851
767	885
767	951
767	963
768	215
768	233
768	269
768	363
768	550
768	553
768	675
768	677
768	699
768	870
768	888
768	889
768	933
769	101
769	362
769	423
769	498
769	630
769	913
769	920
769	937
769	944
769	962
769	981
769	986
769	990
770	252
770	256
770	297
770	336
770	380
770	649
770	709
770	721
770	813
770	853
770	953
770	966
770	987
771	20
771	158
771	187
771	644
771	729
771	736
771	857
771	894
771	902
771	958
771	959
771	965
771	970
772	79
772	110
772	139
772	209
772	213
772	237
772	349
772	371
772	570
772	626
772	776
772	802
772	929
773	234
773	859
773	865
773	872
773	906
773	922
773	924
773	947
773	954
773	968
773	978
773	985
773	988
774	18
774	84
774	129
774	178
774	370
774	429
774	443
774	542
774	545
774	730
774	883
774	901
774	914
775	229
775	245
775	246
775	697
775	717
775	747
775	838
775	872
775	915
775	929
775	956
775	972
775	980
776	209
776	214
776	237
776	391
776	435
776	549
776	570
776	685
776	694
776	696
776	746
776	772
776	929
777	65
777	72
777	136
777	243
777	357
777	534
777	548
777	568
777	633
777	698
777	707
777	888
777	899
778	79
778	166
778	240
778	333
778	400
778	416
778	417
778	565
778	587
778	640
778	702
778	765
778	785
779	1
779	97
779	115
779	342
779	453
779	454
779	556
779	679
779	684
779	856
779	874
779	895
779	971
780	137
780	441
780	643
780	689
780	704
780	873
780	905
780	921
780	948
780	977
780	980
780	989
780	992
781	143
781	425
781	474
781	605
781	754
781	761
781	815
781	834
781	840
781	904
781	930
781	949
781	986
782	275
782	634
782	653
782	784
782	793
782	797
782	803
782	879
782	932
782	984
782	993
782	995
782	998
783	54
783	55
783	264
783	374
783	484
783	533
783	586
783	713
783	814
783	834
783	904
783	949
783	986
784	38
784	42
784	73
784	238
784	402
784	430
784	463
784	782
784	797
784	842
784	863
784	932
784	993
785	166
785	240
785	285
785	333
785	400
785	416
785	417
785	565
785	587
785	640
785	702
785	765
785	778
786	140
786	474
786	614
786	706
786	723
786	841
786	847
786	866
786	875
786	886
786	921
786	955
786	979
787	191
787	217
787	796
787	808
787	811
787	839
787	878
787	890
787	912
787	976
787	977
787	982
787	997
788	11
788	36
788	172
788	324
788	347
788	401
788	405
788	466
788	529
788	575
788	657
788	820
788	974
789	104
789	300
789	377
789	496
789	526
789	561
789	628
789	800
789	812
789	917
789	918
789	959
789	979
790	38
790	41
790	42
790	180
790	335
790	430
790	457
790	463
790	594
790	700
790	842
790	919
790	966
791	64
791	163
791	328
791	415
791	460
791	650
791	654
791	711
791	794
791	837
791	860
791	877
791	947
792	108
792	337
792	399
792	413
792	523
792	708
792	835
792	908
792	910
792	913
792	920
792	944
792	981
793	283
793	292
793	390
793	647
793	782
793	797
793	803
793	932
793	967
793	984
793	993
793	995
793	998
794	328
794	387
794	536
794	563
794	654
794	658
794	711
794	791
794	837
794	860
794	877
794	947
794	997
795	174
795	236
795	353
795	516
795	540
795	733
795	767
795	810
795	851
795	885
795	916
795	951
795	963
796	50
796	217
796	262
796	499
796	584
796	696
796	787
796	827
796	878
796	890
796	976
796	982
796	997
797	634
797	737
797	782
797	784
797	793
797	821
797	932
797	967
797	968
797	984
797	993
797	995
797	998
798	60
798	81
798	91
798	447
798	511
798	545
798	597
798	667
798	745
798	804
798	880
798	934
798	943
799	330
799	337
799	399
799	423
799	511
799	630
799	667
799	908
799	913
799	937
799	944
799	962
799	981
800	8
800	103
800	116
800	155
800	169
800	300
800	465
800	561
800	576
800	628
800	656
800	789
800	959
801	116
801	131
801	238
801	335
801	369
801	457
801	463
801	594
801	655
801	663
801	727
801	766
801	898
801	928
802	110
802	205
802	221
802	237
802	435
802	512
802	555
802	570
802	684
802	685
802	694
802	746
802	772
802	929
803	149
803	402
803	639
803	650
803	737
803	782
803	793
803	850
803	879
803	932
803	984
803	993
803	995
803	998
804	91
804	161
804	352
804	386
804	513
804	595
804	608
804	667
804	695
804	745
804	798
804	880
804	943
804	973
805	71
805	122
805	226
805	367
805	479
805	569
805	610
805	751
805	829
805	884
805	909
805	939
805	946
805	955
806	5
806	370
806	683
806	843
806	862
806	863
806	881
806	936
806	938
806	947
806	954
806	968
806	985
806	988
807	315
807	334
807	411
807	424
807	593
807	612
807	636
807	716
807	868
807	893
807	926
807	945
807	950
807	1000
808	160
808	449
808	662
808	741
808	748
808	787
808	811
808	817
808	827
808	926
808	975
808	976
808	982
808	997
809	173
809	198
809	224
809	247
809	458
809	485
809	493
809	541
809	578
809	659
809	742
809	849
809	913
809	977
810	99
810	271
810	295
810	301
810	353
810	636
810	669
810	767
810	795
810	851
810	885
810	916
810	951
810	963
811	286
811	368
811	434
811	584
811	629
811	787
811	808
811	878
811	879
811	890
811	912
811	976
811	982
811	997
812	377
812	465
812	481
812	484
812	561
812	573
812	576
812	602
812	628
812	656
812	670
812	789
812	965
812	985
813	7
813	245
813	274
813	397
813	409
813	509
813	755
813	770
813	838
813	872
813	915
813	956
813	975
813	983
814	43
814	165
814	322
814	394
814	579
814	586
814	722
814	733
814	761
814	783
814	834
814	840
814	949
814	986
815	55
815	262
815	348
815	713
815	732
815	742
815	762
815	781
815	834
815	904
815	930
815	949
815	952
815	986
816	62
816	93
816	123
816	182
816	228
816	543
816	664
816	740
816	824
816	846
816	891
816	923
816	960
816	996
817	14
817	34
817	69
817	160
817	307
817	317
817	378
817	449
817	619
817	662
817	741
817	748
817	808
817	974
818	49
818	142
818	256
818	412
818	544
818	647
818	712
818	753
818	843
818	882
818	919
818	931
818	946
818	957
819	105
819	136
819	289
819	466
819	597
819	599
819	706
819	723
819	841
819	867
819	886
819	969
819	979
819	987
820	11
820	36
820	80
820	172
820	324
820	347
820	401
820	405
820	466
820	529
820	657
820	788
820	831
820	974
821	66
821	402
821	508
821	562
821	615
821	687
821	797
821	833
821	850
821	879
821	967
821	984
821	993
821	998
822	3
822	9
822	109
822	189
822	200
822	436
822	467
822	506
822	527
822	560
822	617
822	648
822	672
822	740
823	23
823	82
823	98
823	137
823	529
823	563
823	703
823	757
823	869
823	873
823	905
823	921
823	927
823	977
824	123
824	459
824	512
824	561
824	624
824	664
824	740
824	816
824	846
824	891
824	923
824	925
824	960
824	994
824	996
825	508
825	558
825	574
825	615
825	639
825	833
825	845
825	850
825	879
825	932
825	967
825	984
825	993
825	995
825	998
826	27
826	68
826	76
826	84
826	130
826	154
826	159
826	291
826	444
826	530
826	618
826	668
826	719
826	831
826	848
827	13
827	312
827	584
827	592
827	629
827	796
827	808
827	861
827	878
827	890
827	891
827	912
827	976
827	982
827	997
828	95
828	121
828	226
828	255
828	479
828	610
828	725
828	751
828	829
828	830
828	884
828	892
828	939
828	955
828	985
829	95
829	121
829	192
829	193
829	320
829	480
829	600
829	609
829	725
829	805
829	828
829	849
829	892
829	909
829	939
830	226
830	255
830	498
830	691
830	828
830	884
830	892
830	908
830	918
830	939
830	944
830	955
830	962
830	981
830	990
831	53
831	68
831	76
831	84
831	145
831	159
831	345
831	444
831	501
831	530
831	618
831	645
831	719
831	820
831	826
832	10
832	32
832	274
832	280
832	282
832	531
832	577
832	652
832	661
832	674
832	726
832	756
832	844
832	917
832	941
833	66
833	366
833	508
833	553
833	574
833	639
833	737
833	821
833	825
833	850
833	879
833	967
833	984
833	993
833	998
834	374
834	394
834	442
834	579
834	586
834	605
834	713
834	721
834	722
834	754
834	781
834	783
834	814
834	815
834	949
835	52
835	141
835	195
835	346
835	528
835	550
835	564
835	578
835	637
835	701
835	792
835	888
835	889
835	933
835	961
836	323
836	359
836	420
836	583
836	590
836	625
836	644
836	671
836	887
836	894
836	900
836	902
836	940
836	958
836	970
837	326
837	328
837	464
837	536
837	650
837	654
837	658
837	711
837	743
837	791
837	794
837	860
837	877
837	947
837	963
838	299
838	409
838	518
838	551
838	724
838	775
838	813
838	872
838	908
838	915
838	956
838	967
838	972
838	975
838	983
839	13
839	204
839	434
839	499
839	592
839	629
839	787
839	852
839	861
839	878
839	890
839	912
839	976
839	982
839	997
840	322
840	442
840	464
840	605
840	693
840	713
840	762
840	781
840	814
840	861
840	874
840	904
840	949
840	952
840	986
841	6
841	136
841	140
841	265
841	372
841	597
841	599
841	614
841	786
841	819
841	847
841	866
841	875
841	886
841	969
842	156
842	179
842	180
842	238
842	246
842	299
842	430
842	438
842	518
842	603
842	766
842	784
842	790
842	956
842	972
842	975
843	5
843	86
843	162
843	566
843	598
843	606
843	622
843	681
843	683
843	806
843	818
843	862
843	863
843	881
843	895
843	936
844	32
844	45
844	176
844	208
844	267
844	280
844	302
844	487
844	577
844	635
844	661
844	665
844	674
844	832
844	854
844	941
845	64
845	249
845	259
845	273
845	392
845	396
845	486
845	549
845	647
845	737
845	825
845	867
845	984
845	993
845	995
845	998
846	224
846	290
846	325
846	459
846	512
846	543
846	604
846	643
846	740
846	816
846	824
846	891
846	923
846	925
846	960
846	996
847	102
847	138
847	190
847	371
847	390
847	456
847	466
847	597
847	612
847	786
847	841
847	867
847	925
847	955
847	969
847	979
848	27
848	53
848	76
848	130
848	145
848	159
848	291
848	345
848	376
848	444
848	501
848	530
848	564
848	618
848	719
848	826
849	70
849	247
849	263
849	287
849	406
849	437
849	493
849	541
849	578
849	659
849	728
849	742
849	809
849	829
849	977
849	980
850	149
850	292
850	402
850	477
850	574
850	635
850	689
850	803
850	821
850	825
850	833
850	932
850	967
850	984
850	993
850	995
851	232
851	295
851	301
851	353
851	432
851	478
851	540
851	669
851	733
851	767
851	795
851	810
851	885
851	916
851	951
851	963
852	16
852	239
852	451
852	497
852	498
852	674
852	715
852	760
852	839
852	855
852	869
852	921
852	927
852	942
852	977
852	989
853	17
853	133
853	168
853	260
853	293
853	321
853	380
853	388
853	425
853	507
853	554
853	709
853	770
853	953
853	966
853	987
854	16
854	208
854	267
854	280
854	302
854	451
854	488
854	577
854	665
854	757
854	844
854	903
854	921
854	927
854	941
854	989
855	15
855	16
855	82
855	254
855	403
855	497
855	563
855	715
855	757
855	852
855	873
855	903
855	921
855	956
855	977
855	989
856	67
856	115
856	286
856	342
856	452
856	593
856	679
856	734
856	766
856	779
856	871
856	874
856	895
856	971
856	973
856	984
857	234
857	379
857	562
857	653
857	771
857	865
857	906
857	918
857	922
857	938
857	947
857	954
857	968
857	978
857	985
857	988
858	58
858	339
858	385
858	465
858	482
858	517
858	588
858	598
858	714
858	735
858	887
858	936
858	941
858	948
858	991
858	992
859	284
859	424
859	532
859	653
859	773
859	865
859	906
859	922
859	924
859	938
859	947
859	954
859	968
859	978
859	985
859	988
860	41
860	163
860	328
860	387
860	415
860	460
860	536
860	558
860	622
860	654
860	791
860	794
860	837
860	877
860	947
860	962
861	515
861	544
861	590
861	827
861	839
861	840
861	876
861	890
861	902
861	912
861	940
861	965
861	970
861	976
861	982
861	997
862	46
862	83
862	135
862	162
862	349
862	450
862	566
862	598
862	606
862	622
862	683
862	806
862	843
862	863
862	881
862	936
863	5
863	86
863	281
863	349
863	598
863	606
863	622
863	681
863	683
863	784
863	806
863	843
863	862
863	881
863	936
863	951
864	170
864	310
864	505
864	539
864	587
864	655
864	663
864	691
864	714
864	727
864	743
864	898
864	948
864	980
864	991
864	999
865	532
865	616
865	653
865	773
865	857
865	859
865	866
865	892
865	906
865	922
865	924
865	938
865	954
865	968
865	978
865	985
865	988
866	6
866	210
866	419
866	466
866	557
866	599
866	614
866	706
866	786
866	841
866	865
866	867
866	875
866	886
866	955
866	979
866	1000
867	40
867	102
867	105
867	150
867	599
867	612
867	706
867	819
867	845
867	847
867	866
867	875
867	886
867	925
867	955
867	969
867	979
868	230
868	244
868	315
868	398
868	424
868	491
868	514
868	546
868	636
868	680
868	723
868	807
868	893
868	945
868	950
868	974
868	1000
869	109
869	111
869	403
869	414
869	497
869	520
869	563
869	703
869	724
869	823
869	852
869	903
869	905
869	913
869	927
869	942
869	989
870	7
870	30
870	215
870	319
870	522
870	550
870	552
870	564
870	675
870	677
870	688
870	699
870	768
870	889
870	917
870	925
870	961
871	12
871	97
871	115
871	242
871	453
871	454
871	556
871	572
871	593
871	679
871	734
871	856
871	874
871	895
871	971
871	973
871	978
872	156
872	222
872	246
872	274
872	277
872	717
872	747
872	773
872	775
872	813
872	838
872	893
872	956
872	972
872	975
872	983
872	987
873	254
873	410
873	520
873	604
873	715
873	724
873	757
873	765
873	780
873	823
873	855
873	887
873	903
873	921
873	927
873	942
873	989
874	242
874	308
874	342
874	384
874	453
874	454
874	556
874	572
874	679
874	734
874	779
874	840
874	856
874	871
874	895
874	971
874	973
875	151
875	265
875	395
875	461
875	614
875	655
875	663
875	743
875	786
875	841
875	866
875	867
875	880
875	886
875	896
875	928
875	969
876	33
876	164
876	227
876	316
876	334
876	420
876	591
876	627
876	687
876	729
876	736
876	861
876	894
876	900
876	940
876	958
876	965
877	41
877	126
877	163
877	218
877	326
877	387
877	460
877	464
877	536
877	558
877	658
877	711
877	791
877	794
877	837
877	860
877	896
878	50
878	407
878	434
878	499
878	592
878	629
878	732
878	753
878	787
878	796
878	811
878	827
878	839
878	890
878	912
878	976
878	982
878	997
879	366
879	462
879	477
879	615
879	634
879	635
879	687
879	782
879	803
879	811
879	821
879	825
879	833
879	967
879	981
879	984
879	993
879	995
880	85
880	91
880	313
880	314
880	348
880	386
880	432
880	472
880	489
880	511
880	513
880	745
880	798
880	804
880	875
880	884
880	934
880	943
881	5
881	83
881	86
881	120
881	135
881	281
881	349
881	450
881	485
881	566
881	598
881	606
881	622
881	681
881	806
881	843
881	862
881	863
882	49
882	181
882	278
882	408
882	418
882	535
882	567
882	575
882	581
882	668
882	712
882	738
882	749
882	758
882	818
882	919
882	946
882	957
883	44
883	129
883	178
883	250
883	331
883	370
883	372
883	429
883	443
883	504
883	542
883	631
883	646
883	720
883	730
883	774
883	901
883	914
884	122
884	193
884	226
884	320
884	367
884	479
884	480
884	600
884	609
884	610
884	751
884	805
884	828
884	830
884	880
884	892
884	939
884	955
885	99
885	206
885	271
885	295
885	360
885	369
885	478
885	515
885	540
885	733
885	767
885	795
885	810
885	851
885	916
885	951
885	963
885	969
886	102
886	190
886	210
886	419
886	456
886	557
886	599
886	614
886	723
886	786
886	819
886	841
886	866
886	867
886	875
886	905
886	979
886	988
887	16
887	60
887	482
887	604
887	645
887	714
887	760
887	836
887	858
887	873
887	927
887	942
887	948
887	980
887	989
887	991
887	992
887	998
888	243
888	356
888	363
888	492
888	548
888	550
888	552
888	568
888	582
888	633
888	707
888	768
888	777
888	835
888	899
888	933
888	970
888	991
889	7
889	52
889	141
889	195
889	215
889	260
889	363
889	404
889	426
889	502
889	509
889	552
889	582
889	701
889	768
889	835
889	870
889	964
890	6
890	100
890	262
890	407
890	455
890	499
890	592
890	787
890	796
890	811
890	827
890	839
890	861
890	878
890	912
890	976
890	982
890	997
891	127
891	207
891	241
891	290
891	358
891	512
891	543
891	624
891	643
891	664
891	740
891	816
891	824
891	827
891	846
891	923
891	960
891	989
891	996
892	95
892	121
892	320
892	367
892	479
892	480
892	569
892	600
892	609
892	725
892	751
892	828
892	829
892	830
892	865
892	884
892	909
892	939
892	955
893	25
893	113
893	120
893	146
893	230
893	315
893	334
893	398
893	411
893	424
893	554
893	680
893	807
893	868
893	872
893	926
893	945
893	950
893	1000
894	359
894	375
894	428
894	446
894	515
894	583
894	625
894	627
894	644
894	771
894	836
894	876
894	900
894	902
894	937
894	940
894	958
894	959
894	965
895	1
895	97
895	342
895	384
895	452
895	453
895	545
895	556
895	678
895	679
895	703
895	734
895	779
895	843
895	856
895	871
895	874
895	971
895	973
896	2
896	21
896	31
896	157
896	206
896	327
896	365
896	382
896	494
896	510
896	559
896	595
896	607
896	655
896	663
896	691
896	875
896	877
896	898
897	47
897	133
897	201
897	202
897	212
897	471
897	503
897	519
897	547
897	571
897	585
897	611
897	623
897	642
897	710
897	718
897	739
897	964
897	994
898	35
898	131
898	152
898	157
898	327
898	365
898	395
898	445
898	510
898	559
898	632
898	663
898	764
898	801
898	864
898	896
898	915
898	928
898	999
899	72
899	94
899	136
899	181
899	243
899	312
899	357
899	433
899	531
899	534
899	548
899	568
899	592
899	633
899	698
899	699
899	707
899	777
899	888
900	56
900	147
900	187
900	428
900	515
900	583
900	605
900	625
900	627
900	631
900	729
900	836
900	876
900	894
900	902
900	940
900	959
900	970
900	982
901	18
901	44
901	178
901	250
901	331
901	370
901	372
901	416
901	429
901	443
901	542
901	629
901	631
901	646
901	666
901	668
901	730
901	774
901	883
901	914
902	20
902	33
902	187
902	316
902	427
902	428
902	439
902	522
902	573
902	734
902	736
902	771
902	836
902	861
902	894
902	900
902	915
902	958
902	959
902	970
903	60
903	112
903	147
903	193
903	410
903	520
903	674
903	757
903	760
903	854
903	855
903	869
903	873
903	905
903	921
903	927
903	942
903	947
903	977
903	989
904	348
904	361
904	394
904	462
904	533
904	538
904	586
904	673
904	693
904	732
904	762
904	781
904	783
904	815
904	840
904	930
904	949
904	952
904	961
904	986
905	16
905	48
905	60
905	82
905	106
905	111
905	112
905	403
905	410
905	497
905	660
905	760
905	780
905	823
905	869
905	886
905	903
905	927
905	942
905	989
906	177
906	284
906	379
906	532
906	616
906	773
906	857
906	859
906	865
906	918
906	922
906	924
906	938
906	947
906	954
906	966
906	977
906	978
906	985
906	988
907	26
907	47
907	59
907	125
907	199
907	201
907	503
907	519
907	521
907	571
907	585
907	611
907	623
907	642
907	710
907	718
907	739
907	964
907	994
907	996
908	108
908	153
908	184
908	261
908	337
908	362
908	386
908	630
908	744
908	792
908	799
908	830
908	838
908	910
908	920
908	937
908	944
908	962
908	981
908	990
909	45
909	198
909	208
909	240
909	280
909	367
909	480
909	577
909	610
909	661
909	665
909	674
909	709
909	725
909	751
909	805
909	829
909	892
909	939
909	941
910	59
910	108
910	184
910	268
910	399
910	413
910	423
910	431
910	680
910	708
910	713
910	792
910	908
910	913
910	920
910	937
910	944
910	962
910	981
910	990
911	26
911	179
911	256
911	278
911	408
911	418
911	431
911	448
911	544
911	567
911	581
911	613
911	639
911	712
911	738
911	749
911	763
911	919
911	931
911	957
912	217
912	262
912	407
912	455
912	499
912	584
912	592
912	629
912	787
912	811
912	827
912	839
912	861
912	878
912	890
912	914
912	954
912	976
912	982
912	997
913	170
913	330
913	362
913	413
913	423
913	473
913	523
913	708
913	769
913	792
913	799
913	809
913	869
913	910
913	920
913	937
913	944
913	962
913	981
913	990
914	18
914	44
914	84
914	129
914	139
914	250
914	331
914	372
914	429
914	443
914	504
914	542
914	646
914	666
914	668
914	730
914	774
914	883
914	901
914	912
915	214
915	395
915	397
915	421
915	494
915	518
915	655
915	663
915	691
915	697
915	707
915	755
915	775
915	813
915	838
915	898
915	902
915	928
915	972
915	975
915	999
916	99
916	175
916	206
916	232
916	295
916	301
916	353
916	360
916	459
916	468
916	478
916	492
916	516
916	669
916	733
916	795
916	810
916	851
916	885
916	951
916	963
917	17
917	40
917	141
917	215
917	282
917	341
917	346
917	356
917	404
917	470
917	531
917	652
917	677
917	726
917	756
917	789
917	832
917	870
917	933
917	961
917	991
918	155
918	377
918	379
918	383
918	398
918	496
918	561
918	576
918	656
918	682
918	789
918	830
918	857
918	906
918	924
918	938
918	954
918	957
918	978
918	979
918	985
919	408
919	412
919	504
919	535
919	544
919	575
919	581
919	613
919	712
919	749
919	753
919	758
919	763
919	790
919	818
919	882
919	911
919	926
919	931
919	946
919	957
920	4
920	46
920	101
920	128
920	268
920	330
920	362
920	445
920	623
920	630
920	744
920	769
920	792
920	908
920	910
920	913
920	942
920	944
920	962
920	981
920	990
921	82
921	112
921	254
921	382
921	403
921	410
921	451
921	497
921	520
921	539
921	604
921	780
921	786
921	823
921	852
921	854
921	855
921	873
921	903
921	977
921	989
922	196
922	272
922	296
922	554
922	562
922	616
922	638
922	653
922	682
922	759
922	773
922	857
922	859
922	865
922	906
922	938
922	954
922	968
922	978
922	985
922	988
923	62
923	93
923	142
923	182
923	241
923	290
923	325
923	358
923	543
923	601
923	643
923	664
923	740
923	816
923	824
923	846
923	891
923	925
923	960
923	991
923	996
924	85
924	118
924	234
924	379
924	532
924	554
924	562
924	638
924	652
924	773
924	859
924	865
924	906
924	918
924	938
924	947
924	954
924	968
924	978
924	985
924	988
925	24
925	62
925	150
925	207
925	265
925	311
925	459
925	597
925	624
925	685
925	706
925	723
925	824
925	846
925	847
925	867
925	870
925	923
925	960
925	979
925	996
926	19
926	113
926	230
926	283
926	411
926	491
926	514
926	546
926	636
926	680
926	716
926	750
926	764
926	807
926	808
926	893
926	919
926	945
926	950
926	974
926	1000
927	98
927	106
927	203
927	254
927	451
927	548
927	660
927	674
927	703
927	715
927	757
927	760
927	823
927	852
927	854
927	869
927	873
927	887
927	903
927	905
927	986
928	78
928	89
928	363
928	382
928	421
928	446
928	461
928	494
928	596
928	607
928	655
928	691
928	727
928	743
928	762
928	763
928	764
928	801
928	875
928	898
928	915
928	999
929	79
929	110
929	139
929	184
929	209
929	213
929	221
929	237
929	248
929	371
929	555
929	570
929	599
929	626
929	684
929	694
929	696
929	746
929	772
929	775
929	776
929	802
930	39
930	55
930	292
930	305
930	361
930	374
930	389
930	474
930	579
930	673
930	713
930	732
930	747
930	754
930	762
930	781
930	815
930	904
930	931
930	952
930	959
930	986
931	23
931	142
931	179
931	278
931	412
931	418
931	544
931	567
931	613
931	668
931	712
931	749
931	753
931	755
931	758
931	763
931	818
931	911
931	919
931	930
931	946
931	981
932	223
932	366
932	462
932	635
932	639
932	647
932	664
932	687
932	737
932	782
932	784
932	793
932	797
932	803
932	825
932	850
932	934
932	967
932	984
932	993
932	995
932	998
933	28
933	30
933	100
933	215
933	233
933	356
933	500
933	502
933	527
933	528
933	550
933	552
933	564
933	637
933	675
933	678
933	701
933	768
933	835
933	888
933	917
933	961
934	81
934	85
934	91
934	116
934	313
934	314
934	343
934	386
934	432
934	447
934	472
934	511
934	513
934	595
934	608
934	667
934	720
934	745
934	798
934	880
934	932
934	943
935	37
935	132
935	203
935	219
935	253
935	276
935	279
935	332
935	351
935	393
935	420
935	452
935	468
935	495
935	620
935	621
935	632
935	676
935	752
935	761
935	974
935	999
936	83
936	86
936	167
936	213
936	350
936	450
936	505
936	547
936	588
936	598
936	681
936	683
936	806
936	843
936	858
936	862
936	863
936	941
936	948
936	980
936	991
936	992
937	4
937	101
937	124
937	170
937	268
937	330
937	413
937	431
937	473
937	523
937	621
937	708
937	769
937	799
937	894
937	908
937	910
937	913
937	944
937	962
937	981
937	990
938	57
938	118
938	177
938	196
938	296
938	298
938	575
938	624
938	653
938	682
938	736
938	806
938	857
938	859
938	865
938	906
938	918
938	922
938	924
938	945
938	954
938	978
938	988
939	71
939	121
939	122
939	147
939	192
939	193
939	226
939	367
939	479
939	480
939	600
939	609
939	610
939	704
939	805
939	828
939	829
939	830
939	884
939	892
939	909
939	955
939	972
940	20
940	134
940	147
940	164
940	316
940	359
940	420
940	427
940	441
940	493
940	515
940	523
940	590
940	625
940	836
940	861
940	876
940	894
940	900
940	958
940	959
940	965
940	970
941	87
941	176
941	198
941	267
941	294
941	302
941	441
941	517
941	577
941	588
941	661
941	719
941	735
941	832
941	844
941	854
941	858
941	909
941	936
941	983
941	987
941	991
941	992
942	15
942	82
942	111
942	410
942	451
942	498
942	563
942	570
942	660
942	703
942	724
942	729
942	757
942	760
942	852
942	869
942	873
942	887
942	903
942	905
942	920
942	977
942	989
943	91
943	161
943	183
943	232
943	257
943	313
943	343
943	352
943	386
943	432
943	472
943	489
943	537
943	545
943	608
943	667
943	720
943	745
943	798
943	804
943	880
943	934
943	973
944	4
944	108
944	124
944	128
944	153
944	337
944	362
944	445
944	473
944	630
944	670
944	769
944	792
944	799
944	830
944	908
944	910
944	913
944	920
944	937
944	962
944	979
944	981
945	19
945	146
945	228
945	244
945	283
945	389
945	398
945	491
945	514
945	546
945	554
945	593
945	680
945	716
945	750
945	807
945	868
945	893
945	926
945	938
945	950
945	974
945	1000
946	49
946	256
946	278
946	408
946	418
946	490
946	544
946	575
946	581
946	613
946	668
946	712
946	738
946	749
946	753
946	763
946	805
946	818
946	882
946	919
946	931
946	957
946	985
947	163
947	218
947	387
947	517
947	536
947	575
947	616
947	650
947	658
947	711
947	773
947	791
947	794
947	806
947	837
947	857
947	859
947	860
947	903
947	906
947	924
947	985
947	988
948	25
948	87
948	167
948	375
948	482
948	505
948	539
948	547
948	588
948	657
948	695
948	704
948	735
948	780
948	858
948	864
948	887
948	936
948	953
948	980
948	983
948	991
948	992
949	54
949	174
949	264
949	374
949	442
949	487
949	533
949	605
949	673
949	693
949	713
949	739
949	754
949	762
949	781
949	783
949	814
949	815
949	834
949	840
949	904
949	959
949	986
950	19
950	68
950	120
950	146
950	228
950	244
950	264
950	315
950	334
950	398
950	411
950	491
950	514
950	636
950	716
950	750
950	807
950	868
950	893
950	926
950	945
950	974
950	1000
951	175
951	185
951	232
951	236
951	271
951	353
951	360
951	369
951	478
951	492
951	516
951	540
951	669
951	712
951	733
951	767
951	795
951	810
951	851
951	863
951	885
951	916
951	963
952	39
952	144
952	174
952	188
952	305
952	361
952	374
952	389
952	462
952	487
952	534
952	586
952	673
952	722
952	731
952	732
952	761
952	762
952	815
952	840
952	904
952	930
952	976
952	986
953	17
953	63
953	90
953	133
953	143
953	256
953	297
953	321
953	327
953	364
953	380
953	388
953	425
953	476
953	507
953	649
953	709
953	721
953	770
953	853
953	948
953	966
953	987
953	994
954	279
954	298
954	379
954	456
954	532
954	562
954	616
954	638
954	682
954	773
954	806
954	857
954	859
954	865
954	906
954	912
954	918
954	922
954	924
954	938
954	968
954	978
954	985
954	988
955	6
955	122
955	140
955	210
955	218
955	289
955	367
955	565
955	600
955	609
955	612
955	723
955	746
955	751
955	786
955	805
955	828
955	830
955	847
955	866
955	867
955	884
955	892
955	939
956	103
956	119
956	156
956	229
956	246
956	277
956	299
956	475
956	518
956	551
956	697
956	700
956	717
956	724
956	747
956	755
956	775
956	813
956	838
956	842
956	855
956	872
956	972
956	975
957	23
957	142
957	278
957	408
957	412
957	448
957	490
957	504
957	535
957	544
957	613
957	668
957	744
957	749
957	753
957	758
957	763
957	818
957	882
957	911
957	918
957	919
957	946
957	986
958	33
958	56
958	134
958	427
958	439
958	446
958	486
958	522
958	583
958	625
958	631
958	671
958	729
958	771
958	836
958	876
958	894
958	902
958	940
958	959
958	965
958	970
958	971
958	978
959	164
959	225
959	377
959	439
959	465
959	526
959	561
959	613
959	628
959	636
959	656
959	729
959	736
959	771
959	789
959	800
959	894
959	900
959	902
959	930
959	940
959	949
959	958
959	970
959	979
960	93
960	123
960	127
960	207
960	241
960	290
960	311
960	325
960	358
960	459
960	494
960	510
960	512
960	532
960	624
960	643
960	664
960	740
960	816
960	824
960	846
960	891
960	923
960	925
960	996
961	100
961	117
961	191
961	195
961	233
961	319
961	346
961	363
961	404
961	490
961	509
961	522
961	550
961	552
961	637
961	675
961	677
961	699
961	701
961	756
961	835
961	870
961	904
961	917
961	933
962	46
962	128
962	184
962	268
962	330
962	362
962	399
962	431
962	498
962	708
962	744
962	769
962	799
962	830
962	860
962	908
962	910
962	913
962	920
962	937
962	944
962	968
962	981
962	990
962	1000
963	175
963	185
963	206
963	232
963	236
963	271
963	295
963	301
963	353
963	369
963	478
963	492
963	516
963	540
963	669
963	733
963	764
963	767
963	795
963	810
963	837
963	851
963	885
963	916
963	951
964	26
964	47
964	125
964	183
964	199
964	201
964	202
964	212
964	269
964	471
964	503
964	519
964	521
964	568
964	571
964	585
964	596
964	611
964	642
964	710
964	739
964	889
964	897
964	907
964	994
965	148
965	164
965	192
965	223
965	268
965	272
965	350
965	359
965	481
965	484
965	524
965	553
965	573
965	583
965	591
965	602
965	670
965	671
965	749
965	771
965	812
965	861
965	876
965	894
965	940
965	958
966	17
966	48
966	63
966	90
966	143
966	168
966	252
966	255
966	260
966	293
966	303
966	336
966	364
966	388
966	425
966	476
966	507
966	649
966	709
966	721
966	770
966	790
966	853
966	906
966	953
966	987
967	66
967	149
967	440
967	477
967	508
967	574
967	615
967	619
967	635
967	639
967	647
967	718
967	727
967	793
967	797
967	821
967	825
967	833
967	838
967	850
967	879
967	932
967	984
967	993
967	995
967	998
968	57
968	118
968	177
968	196
968	284
968	296
968	350
968	562
968	583
968	616
968	638
968	653
968	682
968	773
968	797
968	806
968	857
968	859
968	865
968	922
968	924
968	954
968	962
968	978
968	985
968	988
969	24
969	102
969	105
969	150
969	190
969	210
969	218
969	265
969	289
969	419
969	456
969	557
969	597
969	599
969	601
969	612
969	614
969	706
969	723
969	819
969	841
969	847
969	867
969	875
969	885
969	979
970	56
970	134
970	158
970	227
970	323
970	394
970	427
970	428
970	439
970	515
970	590
970	591
970	625
970	627
970	644
970	699
970	729
970	771
970	836
970	861
970	888
970	900
970	902
970	940
970	958
970	959
971	1
971	12
971	67
971	96
971	97
971	115
971	242
971	286
971	308
971	384
971	452
971	454
971	556
971	572
971	593
971	678
971	679
971	734
971	745
971	779
971	856
971	871
971	874
971	895
971	958
971	973
972	103
972	107
972	119
972	222
972	245
972	246
972	274
972	299
972	400
972	409
972	475
972	551
972	697
972	717
972	724
972	747
972	755
972	775
972	838
972	842
972	872
972	915
972	939
972	956
972	975
972	983
973	12
973	38
973	96
973	183
973	191
973	242
973	257
973	313
973	342
973	343
973	348
973	352
973	453
973	511
973	545
973	572
973	595
973	667
973	678
973	697
973	804
973	856
973	871
973	874
973	895
973	943
973	971
974	11
974	36
974	120
974	172
974	283
974	315
974	324
974	347
974	401
974	405
974	424
974	446
974	466
974	529
974	546
974	657
974	716
974	750
974	788
974	817
974	820
974	868
974	926
974	935
974	945
974	950
974	1000
975	107
975	119
975	222
975	229
975	274
975	277
975	397
975	475
975	509
975	518
975	551
975	569
975	697
975	717
975	724
975	747
975	755
975	808
975	813
975	838
975	842
975	872
975	915
975	956
975	972
975	979
975	983
976	13
976	50
976	217
976	293
976	312
976	368
976	407
976	434
976	455
976	496
976	584
976	592
976	629
976	640
976	787
976	796
976	808
976	811
976	827
976	839
976	861
976	878
976	890
976	912
976	952
976	982
976	997
977	70
977	111
977	124
977	198
977	247
977	406
977	451
977	493
977	520
977	541
977	578
977	659
977	724
977	728
977	742
977	780
977	787
977	809
977	823
977	849
977	852
977	855
977	903
977	906
977	921
977	942
977	989
978	189
978	196
978	234
978	296
978	350
978	509
978	532
978	554
978	562
978	616
978	624
978	682
978	773
978	857
978	859
978	865
978	871
978	906
978	918
978	922
978	924
978	938
978	954
978	958
978	968
978	985
978	988
979	24
979	138
979	169
979	225
979	383
979	435
979	465
979	496
979	561
979	576
979	614
979	628
979	636
979	706
979	786
979	789
979	819
979	847
979	866
979	867
979	886
979	918
979	925
979	944
979	959
979	969
979	975
980	80
980	87
980	167
980	205
980	310
980	339
980	375
980	385
980	466
980	482
980	505
980	517
980	547
980	588
980	689
980	735
980	759
980	775
980	780
980	849
980	864
980	887
980	936
980	948
980	983
980	991
980	992
981	59
981	92
981	128
981	170
981	261
981	399
981	413
981	423
981	431
981	473
981	523
981	630
981	708
981	769
981	792
981	799
981	830
981	879
981	908
981	910
981	913
981	920
981	931
981	937
981	944
981	962
981	990
982	13
982	50
982	217
982	262
982	368
982	407
982	434
982	455
982	496
982	499
982	584
982	592
982	610
982	629
982	737
982	787
982	796
982	808
982	811
982	827
982	839
982	861
982	878
982	890
982	900
982	912
982	976
982	997
983	92
983	103
983	205
983	258
983	277
983	299
983	310
983	385
983	397
983	437
983	509
983	517
983	569
983	659
983	689
983	695
983	697
983	755
983	813
983	838
983	872
983	941
983	948
983	972
983	975
983	980
983	991
983	992
984	25
984	117
984	130
984	223
984	390
984	402
984	440
984	508
984	619
984	634
984	635
984	639
984	737
984	782
984	793
984	797
984	803
984	821
984	825
984	833
984	845
984	850
984	856
984	879
984	932
984	967
984	993
984	998
985	57
985	118
985	177
985	189
985	196
985	234
985	532
985	554
985	575
985	616
985	638
985	773
985	806
985	812
985	828
985	857
985	859
985	865
985	906
985	918
985	922
985	924
985	946
985	947
985	954
985	968
985	978
985	988
986	39
986	54
986	55
986	174
986	264
986	305
986	348
986	394
986	442
986	533
986	586
986	673
986	722
986	731
986	732
986	754
986	769
986	781
986	783
986	814
986	815
986	840
986	904
986	927
986	930
986	949
986	952
986	957
987	17
987	63
987	90
987	133
987	143
987	168
987	252
987	256
987	293
987	297
987	321
987	336
987	364
987	380
987	388
987	476
987	507
987	649
987	709
987	721
987	744
987	770
987	819
987	853
987	872
987	941
987	953
987	966
988	57
988	154
988	234
988	284
988	298
988	456
988	532
988	562
988	614
988	616
988	638
988	653
988	682
988	773
988	806
988	857
988	859
988	865
988	886
988	906
988	922
988	924
988	938
988	947
988	954
988	968
988	978
988	985
989	92
989	98
989	178
989	193
989	239
989	414
989	451
989	497
989	514
989	520
989	660
989	703
989	715
989	724
989	760
989	780
989	852
989	854
989	855
989	869
989	873
989	887
989	891
989	903
989	905
989	921
989	942
989	977
990	4
990	46
990	59
990	108
990	153
990	170
990	184
990	261
990	300
990	337
990	399
990	413
990	431
990	445
990	473
990	523
990	627
990	630
990	708
990	769
990	830
990	908
990	910
990	913
990	920
990	937
990	962
990	981
990	994
991	58
991	167
991	205
991	258
991	310
991	339
991	375
991	482
991	539
991	547
991	588
991	645
991	689
991	695
991	704
991	714
991	735
991	759
991	858
991	864
991	887
991	888
991	917
991	923
991	936
991	941
991	948
991	980
991	983
992	29
992	58
992	80
992	168
992	221
992	258
992	310
992	339
992	385
992	450
992	482
992	505
992	517
992	539
992	588
992	645
992	689
992	695
992	704
992	714
992	759
992	780
992	858
992	887
992	936
992	941
992	948
992	980
992	983
993	196
993	223
993	259
993	275
993	366
993	390
993	440
993	508
993	552
993	574
993	635
993	687
993	737
993	782
993	784
993	793
993	797
993	803
993	821
993	825
993	833
993	845
993	850
993	879
993	932
993	967
993	984
993	995
993	998
994	22
994	51
994	77
994	125
994	183
994	194
994	199
994	202
994	266
994	303
994	390
994	422
994	483
994	537
994	585
994	611
994	623
994	651
994	686
994	692
994	710
994	718
994	739
994	824
994	897
994	907
994	953
994	964
994	990
995	117
995	127
995	149
995	275
995	292
995	402
995	440
995	445
995	477
995	490
995	508
995	615
995	619
995	634
995	635
995	639
995	737
995	782
995	793
995	797
995	803
995	825
995	845
995	850
995	879
995	932
995	967
995	993
995	998
996	37
996	62
996	93
996	123
996	127
996	141
996	207
996	241
996	290
996	311
996	325
996	358
996	459
996	512
996	543
996	601
996	624
996	643
996	664
996	666
996	740
996	816
996	824
996	846
996	891
996	907
996	923
996	925
996	960
997	13
997	50
997	191
997	217
997	262
997	312
997	368
997	407
997	434
997	455
997	496
997	499
997	500
997	584
997	592
997	629
997	651
997	787
997	794
997	796
997	808
997	811
997	827
997	839
997	861
997	878
997	890
997	912
997	976
997	982
998	66
998	149
998	223
998	366
998	429
998	440
998	477
998	508
998	574
998	615
998	619
998	634
998	639
998	647
998	694
998	737
998	782
998	793
998	797
998	803
998	821
998	825
998	833
998	845
998	887
998	932
998	967
998	984
998	993
998	995
999	21
999	31
999	78
999	104
999	157
999	207
999	214
999	327
999	365
999	395
999	421
999	438
999	445
999	446
999	461
999	494
999	510
999	559
999	595
999	596
999	626
999	655
999	727
999	743
999	764
999	864
999	898
999	915
999	928
999	935
1000	19
1000	113
1000	120
1000	228
1000	230
1000	244
1000	283
1000	315
1000	334
1000	398
1000	411
1000	424
1000	491
1000	514
1000	546
1000	554
1000	593
1000	636
1000	680
1000	716
1000	750
1000	807
1000	866
1000	868
1000	893
1000	926
1000	945
1000	950
1000	962
1000	974
