1	128
1	531
1	862
1	963
1	999
2	152
2	414
2	709
2	835
2	849
3	486
3	593
3	864
3	867
3	931
4	52
4	594
4	919
4	968
4	987
5	636
5	676
5	784
5	884
5	911
6	280
6	445
6	783
6	929
6	982
7	575
7	643
7	956
7	963
7	965
8	247
8	455
8	502
8	932
8	971
9	287
9	787
9	814
9	880
9	955
10	760
10	815
10	925
10	950
10	961
11	353
11	455
11	651
11	932
11	984
12	409
12	691
12	726
12	735
12	939
13	170
13	463
13	717
13	896
13	978
14	172
14	630
14	725
14	788
14	984
15	735
15	894
15	934
15	952
15	991
16	539
16	789
16	892
16	960
16	967
17	153
17	433
17	705
17	956
17	959
18	68
18	299
18	866
18	927
18	953
19	201
19	206
19	442
19	832
19	984
20	726
20	879
20	899
20	920
20	994
21	662
21	836
21	892
21	919
21	989
22	205
22	212
22	318
22	513
22	541
23	218
23	833
23	933
23	953
23	978
24	357
24	663
24	765
24	883
24	988
25	202
25	707
25	851
25	854
25	999
26	356
26	801
26	959
26	962
26	965
27	545
27	953
27	957
27	963
27	978
28	248
28	335
28	541
28	847
28	934
29	866
29	894
29	980
29	992
29	994
30	253
30	263
30	455
30	786
30	932
31	859
31	894
31	963
31	974
31	994
32	43
32	351
32	903
32	922
32	986
33	253
33	291
33	732
33	829
33	912
34	415
34	425
34	860
34	985
34	999
35	744
35	840
35	908
35	917
35	989
36	94
36	591
36	603
36	686
36	945
37	346
37	535
37	776
37	936
37	941
38	377
38	522
38	637
38	720
38	743
39	779
39	914
39	933
39	953
39	976
40	226
40	509
40	764
40	961
40	988
41	160
41	438
41	439
41	805
41	994
42	199
42	772
42	883
42	914
42	971
43	32
43	377
43	383
43	718
43	968
44	228
44	529
44	682
44	834
44	970
45	590
45	688
45	709
45	769
45	920
46	162
46	689
46	693
46	873
46	999
47	468
47	473
47	508
47	829
47	952
48	303
48	326
48	347
48	698
48	928
49	555
49	568
49	701
49	901
49	993
50	160
50	525
50	848
50	947
50	993
51	281
51	440
51	837
51	863
51	954
52	4
52	644
52	858
52	866
52	930
53	398
53	844
53	845
53	907
53	915
54	557
54	807
54	829
54	958
54	995
55	397
55	555
55	867
55	958
55	995
56	401
56	629
56	869
56	914
56	949
57	200
57	601
57	614
57	627
57	850
58	320
58	696
58	822
58	856
58	911
59	260
59	738
59	770
59	780
59	872
60	469
60	751
60	752
60	884
60	946
61	249
61	733
61	743
61	817
61	941
62	293
62	456
62	545
62	664
62	795
63	206
63	834
63	953
63	970
63	981
64	715
64	835
64	849
64	906
64	941
65	74
65	527
65	810
65	898
65	958
66	501
66	740
66	842
66	866
66	913
67	352
67	490
67	656
67	951
67	964
68	18
68	136
68	762
68	919
68	973
69	579
69	830
69	927
69	929
69	976
70	161
70	618
70	682
70	917
70	989
71	794
71	798
71	877
71	902
71	918
72	97
72	196
72	306
72	934
72	952
73	189
73	760
73	866
73	897
73	921
74	65
74	565
74	588
74	604
74	958
75	156
75	613
75	781
75	884
75	989
76	88
76	158
76	780
76	821
76	879
77	98
77	308
77	715
77	814
77	876
78	477
78	497
78	681
78	839
78	897
79	163
79	495
79	640
79	645
79	932
80	98
80	337
80	534
80	876
80	974
81	384
81	548
81	593
81	635
81	970
82	84
82	780
82	882
82	896
82	938
83	370
83	738
83	810
83	888
83	954
84	82
84	490
84	841
84	973
84	987
85	163
85	334
85	372
85	502
85	932
86	181
86	342
86	411
86	790
86	838
87	148
87	279
87	425
87	757
87	997
88	76
88	463
88	505
88	780
88	988
89	156
89	394
89	526
89	778
89	952
90	145
90	296
90	392
90	927
90	973
91	776
91	925
91	932
91	939
91	983
92	276
92	563
92	740
92	805
92	959
93	764
93	892
93	916
93	946
93	967
94	36
94	115
94	851
94	855
94	860
95	225
95	464
95	510
95	688
95	993
96	229
96	744
96	814
96	921
96	940
97	72
97	661
97	671
97	711
97	952
98	77
98	80
98	372
98	715
98	980
99	828
99	844
99	916
99	960
99	967
100	681
100	839
100	903
100	915
100	986
101	195
101	518
101	609
101	754
101	982
102	647
102	658
102	825
102	838
102	954
103	408
103	596
103	726
103	934
103	988
104	416
104	492
104	622
104	797
104	911
105	602
105	698
105	757
105	873
105	904
106	203
106	415
106	795
106	821
106	852
107	396
107	482
107	927
107	953
107	976
108	245
108	585
108	637
108	743
108	817
109	157
109	728
109	765
109	870
109	971
110	614
110	642
110	819
110	882
110	913
111	540
111	593
111	864
111	867
111	951
112	302
112	365
112	860
112	997
112	999
113	426
113	655
113	692
113	991
113	997
114	755
114	800
114	835
114	943
114	988
115	94
115	823
115	854
115	966
115	999
116	190
116	642
116	819
116	850
116	959
117	329
117	499
117	926
117	937
117	997
118	742
118	875
118	884
118	895
118	910
119	211
119	854
119	862
119	966
119	999
120	564
120	608
120	783
120	912
120	997
121	468
121	523
121	606
121	946
121	983
122	144
122	214
122	812
122	897
122	917
123	492
123	515
123	622
123	784
123	911
124	694
124	857
124	917
124	940
124	989
125	211
125	694
125	908
125	981
125	984
126	221
126	777
126	793
126	813
126	905
127	547
127	687
127	747
127	764
127	925
128	1
128	343
128	666
128	689
128	999
129	458
129	655
129	832
129	982
129	985
130	298
130	423
130	652
130	737
130	787
131	717
131	848
131	878
131	896
131	938
132	516
132	646
132	794
132	822
132	902
133	550
133	624
133	832
133	878
133	938
134	335
134	486
134	522
134	698
134	955
135	367
135	371
135	642
135	830
135	922
136	68
136	568
136	869
136	879
136	949
137	383
137	384
137	621
137	727
137	987
138	649
138	668
138	846
138	933
138	953
139	464
139	634
139	839
139	955
139	969
140	318
140	392
140	622
140	793
140	911
141	159
141	733
141	921
141	964
141	993
142	521
142	939
142	950
142	961
142	983
143	338
143	408
143	811
143	889
143	962
144	122
144	601
144	667
144	757
144	979
145	90
145	762
145	789
145	919
145	987
146	359
146	554
146	874
146	931
146	970
147	373
147	474
147	492
147	935
147	998
148	87
148	178
148	379
148	494
148	994
149	775
149	809
149	963
149	980
149	990
150	442
150	853
150	903
150	925
150	971
151	163
151	353
151	640
151	822
151	932
152	2
152	252
152	436
152	802
152	906
153	17
153	421
153	798
153	877
153	919
154	716
154	865
154	879
154	915
154	926
155	451
155	677
155	877
155	902
155	976
156	75
156	89
156	763
156	781
156	989
157	109
157	199
157	625
157	719
157	881
158	76
158	736
158	766
158	834
158	861
159	141
159	225
159	794
159	993
159	998
160	41
160	50
160	406
160	881
160	909
161	70
161	364
161	639
161	678
161	852
162	46
162	498
162	715
162	859
162	963
163	79
163	85
163	151
163	701
163	932
164	663
164	743
164	750
164	817
164	921
165	577
165	719
165	918
165	936
165	971
166	284
166	477
166	595
166	743
166	995
167	239
167	589
167	625
167	765
167	840
168	192
168	550
168	717
168	882
168	984
169	895
169	905
169	946
169	955
169	992
170	13
170	878
170	882
170	938
170	974
171	186
171	206
171	637
171	831
171	951
172	14
172	211
172	352
172	505
172	636
173	192
173	452
173	691
173	753
173	899
174	340
174	505
174	988
174	992
174	994
175	470
175	754
175	804
175	907
175	915
176	346
176	424
176	471
176	903
176	920
177	439
177	701
177	731
177	852
177	855
178	148
178	271
178	511
178	803
178	994
179	301
179	695
179	786
179	787
179	987
180	437
180	633
180	831
180	911
180	982
181	86
181	666
181	790
181	825
181	838
182	313
182	484
182	909
182	957
182	991
183	605
183	749
183	948
183	967
183	976
184	630
184	723
184	834
184	861
184	981
185	352
185	725
185	913
185	922
185	984
186	171
186	553
186	734
186	785
186	951
187	635
187	713
187	721
187	843
187	923
188	189
188	256
188	350
188	839
188	885
188	903
189	73
189	188
189	863
189	874
189	885
189	911
190	116
190	700
190	744
190	814
190	921
190	958
191	471
191	707
191	776
191	782
191	810
191	911
192	168
192	173
192	242
192	463
192	816
192	882
193	254
193	597
193	945
193	977
193	986
193	996
194	458
194	639
194	898
194	940
194	958
194	996
195	101
195	811
195	906
195	956
195	959
195	965
196	72
196	331
196	492
196	626
196	784
196	911
197	429
197	831
197	855
197	929
197	944
197	979
198	532
198	811
198	949
198	959
198	962
198	965
199	42
199	157
199	476
199	485
199	569
199	936
200	57
200	389
200	780
200	810
200	850
200	900
201	19
201	631
201	770
201	820
201	951
201	964
202	25
202	363
202	689
202	851
202	862
202	966
203	106
203	482
203	509
203	797
203	852
203	965
204	235
204	581
204	693
204	860
204	966
204	999
205	22
205	346
205	657
205	669
205	943
205	952
206	19
206	63
206	171
206	694
206	788
206	964
207	420
207	592
207	612
207	624
207	797
207	867
208	319
208	609
208	754
208	779
208	846
208	987
209	523
209	542
209	684
209	773
209	979
209	996
210	642
210	681
210	780
210	819
210	850
210	963
211	119
211	125
211	172
211	343
211	807
211	820
212	22
212	259
212	318
212	583
212	671
212	984
213	215
213	730
213	945
213	946
213	979
213	996
214	122
214	681
214	874
214	925
214	974
214	986
215	213
215	533
215	699
215	741
215	776
215	888
216	570
216	625
216	765
216	772
216	936
216	968
217	561
217	717
217	875
217	882
217	896
217	938
218	23
218	283
218	396
218	649
218	893
218	927
219	289
219	543
219	585
219	599
219	720
219	734
220	261
220	330
220	514
220	780
220	879
220	901
221	126
221	326
221	708
221	724
221	928
221	968
222	313
222	447
222	873
222	904
222	928
222	1000
223	716
223	758
223	865
223	871
223	907
223	915
224	562
224	672
224	714
224	833
224	891
224	910
225	95
225	159
225	317
225	545
225	914
225	993
226	40
226	629
226	786
226	792
226	893
226	939
227	570
227	654
227	819
227	838
227	850
227	903
228	44
228	295
228	702
228	834
228	863
228	995
229	96
229	560
229	827
229	924
229	958
229	970
230	498
230	679
230	804
230	974
230	980
230	991
231	332
231	709
231	733
231	758
231	832
231	949
232	369
232	518
232	781
232	836
232	917
232	989
233	246
233	392
233	444
233	841
233	927
233	987
234	721
234	756
234	868
234	925
234	950
234	983
235	204
235	851
235	854
235	860
235	934
235	966
236	717
236	718
236	727
236	960
236	967
236	968
237	486
237	564
237	839
237	961
237	983
237	987
238	569
238	684
238	820
238	951
238	961
238	984
239	167
239	288
239	479
239	863
239	913
239	971
240	465
240	698
240	793
240	813
240	889
240	905
241	474
241	703
241	705
241	959
241	962
241	965
242	192
242	265
242	561
242	752
242	761
242	998
243	656
243	741
243	792
243	803
243	805
243	833
244	472
244	653
244	721
244	749
244	795
244	976
245	108
245	702
245	826
245	926
245	929
245	971
246	233
246	275
246	659
246	919
246	973
246	987
247	8
247	274
247	403
247	727
247	782
247	875
248	28
248	601
248	772
248	853
248	936
248	980
249	61
249	543
249	775
249	785
249	968
249	975
250	314
250	465
250	700
250	722
250	814
250	921
251	321
251	551
251	703
251	807
251	830
251	924
252	152
252	424
252	485
252	644
252	769
252	943
253	30
253	33
253	608
253	787
253	972
253	992
254	193
254	308
254	348
254	542
254	623
254	979
255	373
255	562
255	592
255	791
255	977
255	996
256	188
256	400
256	770
256	785
256	820
256	964
257	334
257	784
257	868
257	932
257	943
257	997
258	402
258	584
258	742
258	768
258	974
258	990
259	212
259	300
259	343
259	359
259	411
259	785
260	59
260	583
260	738
260	872
260	888
260	981
261	220
261	723
261	737
261	753
261	988
261	994
262	341
262	511
262	546
262	896
262	921
262	994
263	30
263	334
263	353
263	502
263	932
263	967
264	481
264	493
264	722
264	744
264	769
264	814
265	242
265	410
265	654
265	793
265	813
265	905
266	709
266	755
266	849
266	850
266	906
266	943
267	468
267	778
267	842
267	857
267	902
267	934
268	607
268	699
268	796
268	912
268	992
268	999
269	656
269	714
269	803
269	891
269	894
269	922
270	359
270	583
270	934
270	952
270	958
270	1000
271	178
271	494
271	532
271	546
271	992
271	994
272	787
272	802
272	858
272	961
272	974
272	990
273	282
273	358
273	885
273	922
273	980
273	986
274	247
274	523
274	669
274	778
274	842
274	934
275	246
275	687
275	786
275	839
275	961
275	983
276	92
276	304
276	501
276	664
276	731
276	984
277	409
277	910
277	918
277	937
277	957
277	979
278	500
278	555
278	864
278	867
278	931
278	985
279	87
279	547
279	694
279	944
279	982
279	997
280	6
280	495
280	815
280	902
280	950
280	969
281	51
281	908
281	926
281	930
281	970
281	989
282	273
282	495
282	654
282	806
282	895
282	969
283	218
283	488
283	574
283	686
283	698
283	918
284	166
284	604
284	737
284	824
284	920
284	995
285	403
285	616
285	674
285	688
285	920
285	1000
286	480
286	522
286	631
286	873
286	904
286	942
287	9
287	776
287	829
287	872
287	880
287	955
288	239
288	445
288	625
288	667
288	742
288	902
289	219
289	603
289	637
289	720
289	817
289	900
290	360
290	382
290	454
290	767
290	964
290	981
291	33
291	317
291	644
291	737
291	949
291	993
292	358
292	457
292	583
292	657
292	711
292	990
293	62
293	883
293	909
293	918
293	937
293	1000
294	340
294	689
294	702
294	868
294	982
294	985
295	228
295	379
295	782
295	815
295	970
295	981
296	90
296	636
296	637
296	690
296	706
296	935
297	729
297	853
297	877
297	951
297	954
297	971
298	130
298	458
298	866
298	936
298	940
298	990
299	18
299	627
299	846
299	884
299	910
299	983
300	259
300	423
300	633
300	694
300	820
300	951
301	179
301	326
301	698
301	873
301	890
301	928
302	112
302	363
302	412
302	757
302	966
302	999
303	48
303	619
303	816
303	882
303	896
303	938
304	276
304	700
304	771
304	792
304	833
304	857
305	569
305	734
305	769
305	785
305	903
305	964
306	72
306	390
306	420
306	473
306	735
306	842
307	471
307	755
307	868
307	879
307	982
307	997
308	77
308	254
308	679
308	845
308	980
308	990
309	773
309	847
309	886
309	897
309	945
309	979
310	509
310	563
310	691
310	899
310	988
310	994
311	622
311	658
311	790
311	804
311	825
311	838
312	397
312	619
312	686
312	864
312	952
312	986
313	182
313	222
313	492
313	627
313	708
313	972
314	250
314	434
314	651
314	725
314	731
314	823
315	668
315	878
315	880
315	881
315	938
315	973
316	447
316	616
316	787
316	842
316	865
316	880
317	225
317	291
317	370
317	801
317	901
317	949
318	22
318	140
318	212
318	473
318	735
318	778
319	208
319	417
319	572
319	844
319	907
319	915
320	58
320	649
320	862
320	886
320	890
320	904
321	251
321	617
321	741
321	829
321	885
321	992
322	448
322	476
322	484
322	603
322	728
322	978
323	527
323	809
323	883
323	958
323	974
323	988
324	464
324	603
324	701
324	739
324	804
324	957
325	361
325	694
325	788
325	868
325	982
325	985
326	48
326	221
326	301
326	581
326	873
326	905
327	375
327	828
327	889
327	956
327	962
327	965
328	697
328	700
328	722
328	744
328	814
328	929
329	117
329	399
329	832
329	847
329	855
329	985
330	220
330	792
330	833
330	857
330	864
330	891
331	196
331	652
331	676
331	784
331	876
331	911
332	231
332	869
332	914
332	923
332	924
332	993
333	341
333	400
333	577
333	848
333	937
333	947
333	962
334	85
334	257
334	263
334	454
334	730
334	932
334	993
335	28
335	134
335	473
335	822
335	904
335	948
335	989
336	461
336	472
336	582
336	768
336	915
336	942
336	948
337	80
337	624
337	705
337	767
337	956
337	959
337	962
338	143
338	667
338	801
338	814
338	889
338	956
338	959
339	414
339	453
339	695
339	808
339	820
339	913
339	964
340	174
340	294
340	416
340	626
340	784
340	816
340	911
341	262
341	333
341	379
341	511
341	546
341	851
341	994
342	86
342	535
342	629
342	658
342	790
342	838
342	891
343	128
343	211
343	259
343	788
343	803
343	808
343	964
344	577
344	606
344	650
344	677
344	951
344	957
344	978
345	487
345	623
345	745
345	780
345	822
345	856
345	889
346	37
346	176
346	205
346	769
346	835
346	877
346	941
347	48
347	355
347	558
347	675
347	834
347	873
347	886
348	254
348	472
348	749
348	909
348	942
348	953
348	976
349	487
349	496
349	784
349	869
349	911
349	979
349	989
350	188
350	530
350	732
350	874
350	903
350	957
350	986
351	32
351	467
351	633
351	732
351	739
351	806
351	823
352	67
352	172
352	185
352	569
352	745
352	888
352	984
353	11
353	151
353	263
353	548
353	640
353	744
353	932
354	438
354	479
354	584
354	700
354	901
354	914
354	949
355	347
355	691
355	726
355	753
355	785
355	988
355	994
356	26
356	406
356	487
356	493
356	514
356	822
356	856
357	24
357	397
357	781
357	836
357	940
357	956
357	989
358	273
358	292
358	839
358	874
358	885
358	956
358	986
359	146
359	259
359	270
359	757
359	790
359	934
359	986
360	290
360	584
360	721
360	782
360	825
360	837
360	989
361	325
361	379
361	441
361	831
361	855
361	887
361	952
362	401
362	753
362	763
362	836
362	917
362	939
362	989
363	202
363	302
363	477
363	854
363	929
363	966
363	999
364	161
364	638
364	727
364	750
364	821
364	852
364	862
365	112
365	462
365	634
365	741
365	796
365	912
365	972
366	782
366	824
366	871
366	875
366	884
366	910
366	941
367	135
367	682
367	712
367	942
367	948
367	960
367	976
368	438
368	459
368	644
368	802
368	913
368	949
368	993
369	232
369	451
369	798
369	804
369	844
369	907
369	954
370	83
370	317
370	879
370	899
370	961
370	988
370	994
371	135
371	433
371	538
371	632
371	737
371	784
371	995
372	85
372	98
372	822
372	856
372	868
372	949
372	993
373	147
373	255
373	650
373	751
373	762
373	977
373	979
374	607
374	717
374	816
374	853
374	882
374	896
374	938
375	327
375	428
375	662
375	913
375	917
375	948
375	989
376	443
376	619
376	641
376	742
376	801
376	889
376	962
377	38
377	43
377	718
377	841
377	919
377	931
377	968
378	556
378	698
378	759
378	802
378	866
378	898
378	991
379	148
379	295
379	341
379	361
379	511
379	546
379	994
380	604
380	736
380	808
380	898
380	924
380	940
380	995
381	648
381	687
381	815
381	874
381	950
381	961
381	983
382	290
382	479
382	618
382	837
382	843
382	863
382	970
383	43
383	137
383	486
383	659
383	668
383	746
383	973
384	81
384	137
384	789
384	892
384	916
384	960
384	967
385	702
385	705
385	904
385	962
385	965
385	966
385	999
386	563
386	564
386	664
386	736
386	740
386	805
386	915
387	516
387	816
387	878
387	882
387	896
387	938
387	977
388	593
388	801
388	811
388	939
388	960
388	962
388	967
389	200
389	422
389	614
389	640
389	819
389	850
389	934
390	306
390	397
390	462
390	749
390	864
390	867
390	931
391	824
391	871
391	875
391	884
391	910
391	923
391	927
392	90
392	140
392	233
392	429
392	604
392	968
392	987
393	617
393	732
393	912
393	943
393	947
393	969
393	992
394	89
394	404
394	457
394	473
394	484
394	712
394	934
395	459
395	464
395	733
395	885
395	893
395	901
395	993
396	107
396	218
396	469
396	600
396	661
396	779
396	846
397	55
397	312
397	357
397	390
397	864
397	867
397	961
398	53
398	546
398	716
398	844
398	907
398	915
398	980
399	329
399	514
399	753
399	780
399	858
399	988
399	994
400	256
400	333
400	731
400	739
400	918
400	927
400	947
401	56
401	362
401	428
401	741
401	836
401	917
401	940
402	258
402	766
402	789
402	828
402	916
402	960
402	967
403	247
403	285
403	484
403	580
403	797
403	821
403	852
404	394
404	446
404	587
404	657
404	671
404	864
404	867
405	533
405	606
405	610
405	754
405	888
405	921
405	933
406	160
406	356
406	537
406	745
406	822
406	856
406	876
407	429
407	629
407	715
407	758
407	869
407	901
407	914
408	103
408	143
408	524
408	596
408	726
408	899
408	988
409	12
409	277
409	731
409	739
409	748
409	848
409	851
410	265
410	602
410	654
410	710
410	777
410	793
410	839
411	86
411	259
411	620
411	808
411	893
411	913
411	964
412	302
412	840
412	843
412	863
412	923
412	970
412	994
413	633
413	683
413	741
413	823
413	887
413	972
413	992
414	2
414	339
414	683
414	725
414	770
414	932
414	951
415	34
415	106
415	859
415	866
415	876
415	930
415	980
416	104
416	340
416	626
416	674
416	756
416	784
416	911
417	319
417	504
417	665
417	779
417	846
417	849
417	933
418	510
418	750
418	845
418	892
418	916
418	960
418	967
419	613
419	648
419	714
419	763
419	836
419	948
419	989
420	207
420	306
420	506
420	612
420	797
420	880
420	973
421	153
421	516
421	677
421	794
421	877
421	910
421	955
422	389
422	642
422	650
422	819
422	850
422	890
422	987
423	130
423	300
423	703
423	709
423	835
423	905
423	943
424	176
424	252
424	467
424	623
424	688
424	860
424	943
425	34
425	87
425	605
425	702
425	826
425	867
425	944
426	113
426	625
426	736
426	834
426	900
426	954
426	970
427	584
427	665
427	846
427	893
427	925
427	933
427	953
428	375
428	401
428	475
428	603
428	648
428	703
428	989
429	197
429	392
429	407
429	602
429	881
429	966
429	999
430	681
430	839
430	874
430	885
430	903
430	926
430	986
431	615
431	648
431	828
431	916
431	960
431	967
431	974
432	494
432	819
432	850
432	853
432	936
432	971
432	972
433	17
433	371
433	458
433	527
433	825
433	924
433	995
434	314
434	635
434	636
434	734
434	770
434	785
434	962
435	475
435	518
435	527
435	831
435	855
435	879
435	887
436	152
436	471
436	573
436	906
436	941
436	945
436	966
437	180
437	676
437	723
437	868
437	926
437	973
437	982
438	41
438	354
438	368
438	694
438	914
438	949
438	993
439	41
439	177
439	484
439	716
439	820
439	957
439	1000
440	51
440	443
440	571
440	826
440	926
440	982
440	997
441	361
441	646
441	697
441	729
441	868
441	944
441	997
442	19
442	150
442	479
442	567
442	870
442	883
442	936
443	376
443	440
443	800
443	889
443	956
443	965
443	995
444	233
444	469
444	658
444	679
444	790
444	838
444	999
445	6
445	288
445	540
445	663
445	765
445	772
445	949
446	404
446	761
446	847
446	924
446	935
446	977
446	979
446	998
447	222
447	316
447	506
447	612
447	616
447	817
447	869
447	880
448	322
448	499
448	620
448	641
448	820
448	951
448	954
448	964
449	523
449	560
449	804
449	839
449	874
449	897
449	953
449	986
450	497
450	681
450	765
450	812
450	847
450	897
450	922
450	950
451	155
451	369
451	586
451	615
451	794
451	798
451	877
451	902
452	173
452	594
452	704
452	834
452	840
452	861
452	863
452	953
453	339
453	635
453	652
453	721
453	767
453	861
453	863
453	901
454	290
454	334
454	640
454	661
454	665
454	904
454	927
454	932
455	8
455	11
455	30
455	502
455	640
455	861
455	932
455	982
456	62
456	490
456	621
456	881
456	919
456	962
456	973
456	987
457	292
457	394
457	671
457	682
457	711
457	735
457	778
457	809
458	129
458	194
458	298
458	433
458	830
458	895
458	958
458	995
459	368
459	395
459	644
459	669
459	826
459	914
459	949
459	976
460	503
460	658
460	764
460	790
460	827
460	838
460	939
460	983
461	336
461	513
461	634
461	942
461	948
461	952
461	957
461	976
462	365
462	390
462	508
462	657
462	662
462	864
462	867
462	934
463	13
463	88
463	192
463	865
463	878
463	896
463	932
463	938
464	95
464	139
464	324
464	395
464	470
464	869
464	901
464	993
465	240
465	250
465	489
465	710
465	716
465	777
465	793
465	813
466	477
466	523
466	703
466	724
466	922
466	924
466	995
466	998
467	351
467	424
467	526
467	608
467	895
467	912
467	955
467	981
468	47
468	121
468	267
468	508
468	669
468	842
468	934
468	948
469	60
469	396
469	444
469	618
469	647
469	658
469	790
469	838
470	175
470	464
470	475
470	572
470	663
470	844
470	907
470	915
471	176
471	191
471	307
471	436
471	535
471	660
471	941
471	988
472	244
472	336
472	348
472	532
472	781
472	873
472	942
472	948
473	47
473	306
473	318
473	335
473	394
473	735
473	908
473	966
474	147
474	241
474	542
474	710
474	935
474	946
474	992
474	998
475	428
475	435
475	470
475	648
475	662
475	763
475	836
475	917
476	199
476	322
476	515
476	556
476	650
476	739
476	933
476	937
477	78
477	166
477	363
477	466
477	607
477	807
477	980
477	995
478	526
478	627
478	743
478	796
478	912
478	952
478	969
478	972
479	239
479	354
479	382
479	442
479	567
479	936
479	954
479	971
480	286
480	563
480	587
480	598
480	740
480	805
480	937
480	958
481	264
481	700
481	722
481	744
481	814
481	855
481	862
481	921
482	107
482	203
482	754
482	846
482	927
482	933
482	953
482	983
483	569
483	763
483	824
483	871
483	875
483	884
483	885
483	910
484	182
484	322
484	394
484	403
484	439
484	848
484	973
484	1000
485	199
485	252
485	567
485	601
485	819
485	845
485	883
485	971
486	3
486	134
486	237
486	383
486	595
486	841
486	881
486	973
487	345
487	349
487	356
487	507
487	745
487	822
487	834
487	856
488	283
488	515
488	537
488	909
488	918
488	957
488	971
488	978
489	465
489	539
489	570
489	710
489	777
489	813
489	883
489	958
490	67
490	84
490	456
490	578
490	660
490	968
490	973
490	987
491	591
491	782
491	789
491	828
491	892
491	916
491	960
491	967
492	104
492	123
492	147
492	196
492	313
492	626
492	676
492	911
493	264
493	356
493	507
493	537
493	645
493	745
493	822
493	856
494	148
494	271
494	432
494	511
494	546
494	841
494	900
494	994
495	79
495	280
495	282
495	598
495	634
495	806
495	908
495	972
496	349
496	645
496	724
496	751
496	761
496	773
496	791
496	948
497	78
497	450
497	588
497	885
497	903
497	931
497	936
497	986
498	162
498	230
498	544
498	673
498	692
498	845
498	962
498	977
499	117
499	448
499	529
499	533
499	699
499	810
499	872
499	888
500	278
500	555
500	593
500	781
500	790
500	864
500	867
500	931
501	66
501	276
501	620
501	760
501	788
501	808
501	880
501	963
502	8
502	85
502	263
502	455
502	640
502	932
502	949
502	956
503	460
503	799
503	824
503	858
503	871
503	875
503	884
503	910
504	417
504	661
504	893
504	927
504	933
504	953
504	970
504	996
505	88
505	172
505	174
505	774
505	879
505	899
505	988
505	994
506	420
506	447
506	616
506	695
506	787
506	880
506	918
506	955
507	487
507	493
507	537
507	745
507	829
507	835
507	856
507	935
508	47
508	462
508	468
508	733
508	778
508	837
508	842
508	952
509	40
509	203
509	310
509	671
509	727
509	795
509	821
509	852
510	95
510	418
510	564
510	587
510	805
510	914
510	945
510	993
511	178
511	262
511	341
511	379
511	494
511	716
511	874
511	994
512	568
512	660
512	674
512	688
512	691
512	812
512	849
512	920
513	22
513	461
513	725
513	788
513	942
513	948
513	964
513	975
514	220
514	356
514	399
514	596
514	691
514	708
514	899
514	988
515	123
515	476
515	488
515	591
515	878
515	909
515	937
515	978
516	132
516	387
516	421
516	552
516	598
516	724
516	877
516	902
517	536
517	736
517	886
517	890
517	904
517	928
517	971
517	990
518	101
518	232
518	435
518	609
518	729
518	751
518	779
518	953
519	520
519	598
519	703
519	793
519	805
519	813
519	933
519	998
520	519
520	564
520	587
520	598
520	635
520	657
520	732
520	805
521	142
521	552
521	677
521	794
521	877
521	902
521	904
521	981
522	38
522	134
522	286
522	536
522	538
522	873
522	928
522	943
523	121
523	209
523	274
523	449
523	466
523	908
523	977
523	979
524	408
524	725
524	771
524	792
524	803
524	833
524	857
524	891
525	50
525	574
525	592
525	606
525	664
525	812
525	843
525	1000
526	89
526	467
526	478
526	617
526	895
526	928
526	969
526	972
527	65
527	323
527	433
527	435
527	797
527	827
527	924
527	995
528	666
528	717
528	799
528	840
528	853
528	966
528	970
528	975
529	44
529	499
529	533
529	699
529	810
529	888
529	921
529	958
530	350
530	681
530	764
530	815
530	820
530	854
530	922
530	950
530	983
531	1
531	580
531	835
531	851
531	854
531	860
531	897
531	966
531	999
532	198
532	271
532	472
532	557
532	653
532	712
532	749
532	942
532	976
533	215
533	405
533	499
533	529
533	789
533	872
533	888
533	983
533	995
534	80
534	652
534	699
534	772
534	775
534	782
534	818
534	863
534	900
535	37
535	342
535	471
535	674
535	769
535	774
535	941
535	943
535	1000
536	517
536	522
536	558
536	585
536	588
536	708
536	845
536	890
536	928
537	406
537	488
537	493
537	507
537	745
537	822
537	856
537	973
537	988
538	371
538	522
538	558
538	666
538	717
538	830
538	874
538	904
538	995
539	16
539	489
539	559
539	742
539	858
539	876
539	930
539	974
539	990
540	111
540	445
540	667
540	719
540	772
540	870
540	936
540	950
540	971
541	22
541	28
541	657
541	669
541	711
541	732
541	842
541	902
541	952
542	209
542	254
542	474
542	568
542	945
542	946
542	977
542	989
542	996
543	219
543	249
543	586
543	637
543	646
543	718
543	720
543	743
543	817
544	498
544	620
544	679
544	745
544	795
544	894
544	974
544	980
544	990
545	27
545	62
545	225
545	554
545	659
545	686
545	855
545	985
545	997
546	262
546	271
546	341
546	379
546	398
546	494
546	566
546	813
546	994
547	127
547	279
547	613
547	687
547	917
547	925
547	939
547	950
547	961
548	81
548	353
548	767
548	900
548	905
548	923
548	953
548	954
548	975
549	630
549	820
549	826
549	851
549	854
549	862
549	863
549	954
549	963
550	133
550	168
550	609
550	816
550	878
550	896
550	897
550	938
550	966
551	251
551	604
551	807
551	827
551	830
551	964
551	993
551	995
551	997
552	516
552	521
552	626
552	646
552	677
552	794
552	798
552	834
552	902
553	186
553	560
553	796
553	798
553	877
553	902
553	940
553	958
553	975
554	146
554	545
554	756
554	812
554	851
554	897
554	903
554	931
554	986
555	49
555	55
555	278
555	500
555	802
555	864
555	867
555	931
555	969
556	378
556	476
556	621
556	685
556	728
556	730
556	937
556	947
556	978
557	54
557	532
557	580
557	605
557	653
557	696
557	749
557	948
557	976
558	347
558	536
558	538
558	631
558	708
558	822
558	890
558	904
558	977
559	539
559	687
559	786
559	815
559	852
559	925
559	950
559	961
559	983
560	229
560	449
560	553
560	585
560	651
560	807
560	827
560	924
560	995
561	217
561	242
561	774
561	899
561	935
561	946
561	972
561	996
561	998
562	224
562	255
562	645
562	874
562	945
562	946
562	949
562	996
562	998
563	92
563	310
563	386
563	480
563	564
563	598
563	705
563	740
563	805
564	120
564	237
564	386
564	510
564	520
564	563
564	740
564	805
564	938
565	74
565	586
565	737
565	807
565	823
565	830
565	846
565	922
565	924
566	546
566	615
566	789
566	828
566	892
566	916
566	942
566	960
566	967
567	442
567	479
567	485
567	616
567	746
567	763
567	870
567	971
567	996
568	49
568	136
568	512
568	542
568	629
568	749
568	758
568	901
568	949
569	199
569	238
569	305
569	352
569	483
569	874
569	951
569	954
569	984
570	216
570	227
570	489
570	777
570	793
570	813
570	836
570	850
570	905
571	440
571	702
571	723
571	819
571	823
571	831
571	887
571	906
571	997
572	319
572	470
572	844
572	865
572	881
572	907
572	915
572	938
572	978
573	436
573	581
573	696
573	835
573	879
573	906
573	920
573	950
573	978
574	283
574	525
574	650
574	655
574	664
574	686
574	715
574	957
574	978
575	7
575	624
575	651
575	684
575	747
575	889
575	923
575	959
575	965
576	658
576	672
576	856
576	857
576	862
576	875
576	884
576	891
576	910
577	165
577	333
577	344
577	728
577	731
577	739
577	939
577	969
577	978
578	490
578	594
578	841
578	881
578	916
578	960
578	968
578	973
578	987
579	69
579	649
579	665
579	754
579	779
579	837
579	926
579	933
579	953
580	403
580	531
580	557
580	639
580	727
580	795
580	805
580	821
580	852
581	204
581	326
581	573
581	622
581	704
581	769
581	818
581	861
581	996
582	336
582	685
582	719
582	854
582	859
582	886
582	942
582	948
582	976
583	212
583	260
583	270
583	292
583	735
583	842
583	866
583	934
583	952
584	258
584	354
584	360
584	427
584	632
584	766
584	767
584	843
584	861
585	108
585	219
585	536
585	560
585	586
585	611
585	685
585	743
585	817
586	451
586	543
586	565
586	585
586	599
586	611
586	720
586	743
586	817
587	404
587	480
587	510
587	520
587	598
587	740
587	805
587	945
587	994
588	74
588	497
588	536
588	631
588	675
588	708
588	890
588	928
588	958
589	167
589	625
589	746
589	757
589	770
589	870
589	883
589	916
589	940
590	45
590	633
590	823
590	880
590	895
590	901
590	955
590	972
590	992
591	36
591	491
591	515
591	730
591	812
591	918
591	937
591	947
591	985
592	207
592	255
592	525
592	612
592	616
592	662
592	782
592	917
592	940
593	3
593	81
593	111
593	388
593	500
593	795
593	864
593	867
593	931
594	4
594	452
594	578
594	595
594	631
594	906
594	919
594	968
594	973
595	166
595	486
595	594
595	611
595	621
595	841
595	968
595	973
595	993
596	103
596	408
596	514
596	679
596	726
596	745
596	753
596	899
596	988
597	193
597	670
597	774
597	791
597	860
597	932
597	977
597	979
597	989
598	480
598	495
598	516
598	519
598	520
598	563
598	587
598	740
598	805
599	219
599	586
599	611
599	637
599	662
599	720
599	743
599	817
599	939
600	396
600	666
600	708
600	802
600	845
600	876
600	894
600	974
600	991
601	57
601	144
601	248
601	485
601	743
601	772
601	853
601	861
601	936
602	105
602	410
602	429
602	689
602	851
602	860
602	926
602	966
602	999
603	36
603	289
603	322
603	324
603	428
603	686
603	768
603	848
603	918
603	1000
604	74
604	284
604	380
604	392
604	551
604	703
604	794
604	830
604	893
604	898
605	183
605	425
605	557
605	643
605	682
605	738
605	886
605	928
605	948
605	976
606	121
606	344
606	405
606	525
606	739
606	777
606	872
606	888
606	944
606	957
607	268
607	374
607	477
607	823
607	924
607	947
607	951
607	958
607	969
607	992
608	120
608	253
608	467
608	669
608	720
608	732
608	895
608	972
608	983
608	992
609	101
609	208
609	518
609	550
609	661
609	783
609	846
609	927
609	933
609	985
610	405
610	638
610	684
610	693
610	772
610	821
610	852
610	872
610	921
610	969
611	585
611	586
611	595
611	599
611	720
611	743
611	750
611	779
611	792
611	817
612	207
612	420
612	447
612	592
612	616
612	667
612	787
612	797
612	907
612	946
613	75
613	419
613	547
613	648
613	763
613	781
613	823
613	940
613	962
613	989
614	57
614	110
614	389
614	642
614	770
614	774
614	780
614	819
614	850
614	970
615	431
615	451
615	566
615	789
615	828
615	829
615	892
615	960
615	967
615	988
616	285
616	316
616	447
616	506
616	567
616	592
616	612
616	797
616	808
616	880
617	321
617	393
617	526
617	796
617	823
617	857
617	867
617	917
617	972
617	992
618	70
618	382
618	469
618	653
618	712
618	886
618	942
618	948
618	974
618	976
619	303
619	312
619	376
619	697
619	751
619	808
619	812
619	903
619	913
619	951
620	411
620	448
620	501
620	544
620	646
620	734
620	785
620	808
620	940
620	986
621	137
621	456
621	556
621	595
621	659
621	718
621	762
621	881
621	900
621	995
622	104
622	123
622	140
622	311
622	581
622	626
622	676
622	784
622	911
622	990
623	254
623	345
623	424
623	697
623	745
623	822
623	856
623	946
623	977
623	982
624	133
624	207
624	337
624	575
624	641
624	747
624	811
624	956
624	959
624	998
625	157
625	167
625	216
625	288
625	426
625	589
625	757
625	778
625	883
625	945
626	196
626	340
626	416
626	492
626	552
626	622
626	676
626	791
626	911
626	997
627	57
627	299
627	313
627	478
627	634
627	741
627	893
627	953
627	972
627	973
628	799
628	824
628	856
628	871
628	875
628	884
628	910
628	965
628	991
628	1000
629	56
629	226
629	342
629	407
629	568
629	690
629	869
629	901
629	914
629	993
630	14
630	184
630	549
630	704
630	766
630	775
630	840
630	912
630	958
630	975
631	201
631	286
631	558
631	588
631	594
631	873
631	904
631	905
631	928
631	984
632	371
632	584
632	721
632	843
632	855
632	861
632	923
632	939
632	975
632	981
633	180
633	300
633	351
633	413
633	590
633	720
633	829
633	895
633	912
633	969
634	139
634	365
634	461
634	495
634	627
634	675
634	676
634	787
634	912
634	969
635	81
635	187
635	434
635	453
635	520
635	782
635	852
635	900
635	970
635	981
636	5
636	172
636	296
636	434
636	734
636	770
636	847
636	975
636	991
636	996
637	38
637	108
637	171
637	289
637	296
637	543
637	599
637	750
637	817
637	922
638	364
638	610
638	639
638	678
638	727
638	795
638	799
638	821
638	917
638	993
639	161
639	194
639	580
639	638
639	678
639	795
639	797
639	821
639	850
639	982
640	79
640	151
640	353
640	389
640	454
640	455
640	502
640	868
640	932
640	953
641	376
641	448
641	624
641	799
641	811
641	889
641	956
641	959
641	965
641	980
642	110
642	116
642	135
642	210
642	422
642	614
642	819
642	850
642	895
642	977
643	7
643	605
643	682
643	749
643	886
643	930
643	942
643	948
643	958
643	976
644	52
644	252
644	291
644	368
644	459
644	758
644	869
644	901
644	965
644	993
645	79
645	493
645	496
645	562
645	706
645	748
645	752
645	945
645	946
645	998
646	132
646	441
646	543
646	552
646	620
646	734
646	788
646	902
646	982
646	984
647	102
647	469
647	781
647	838
647	839
647	892
647	916
647	960
647	967
647	986
648	381
648	419
648	428
648	431
648	475
648	613
648	836
648	886
648	908
648	917
649	138
649	218
649	320
649	579
649	754
649	808
649	927
649	933
649	953
649	957
650	344
650	373
650	422
650	476
650	574
650	728
650	898
650	947
650	957
650	1000
651	11
651	314
651	560
651	575
651	668
651	669
651	806
651	912
651	934
651	952
652	130
652	331
652	453
652	534
652	837
652	900
652	923
652	970
652	975
652	978
653	244
653	532
653	557
653	618
653	685
653	749
653	765
653	876
653	887
653	976
654	227
654	265
654	282
654	410
654	710
654	737
654	746
654	777
654	813
654	905
654	988
655	113
655	129
655	574
655	713
655	729
655	767
655	887
655	900
655	965
655	985
655	997
656	67
656	243
656	269
656	669
656	771
656	792
656	803
656	825
656	857
656	891
656	947
657	205
657	292
657	404
657	462
657	520
657	541
657	661
657	671
657	735
657	749
657	952
658	102
658	311
658	342
658	444
658	460
658	469
658	576
658	683
658	790
658	838
658	972
659	246
659	383
659	545
659	621
659	701
659	762
659	900
659	919
659	968
659	973
659	987
660	471
660	490
660	512
660	707
660	709
660	800
660	809
660	849
660	906
660	941
660	1000
661	97
661	396
661	454
661	504
661	609
661	657
661	665
661	846
661	927
661	953
661	987
662	21
662	375
662	462
662	475
662	592
662	599
662	721
662	763
662	836
662	917
662	940
663	24
663	164
663	445
663	470
663	796
663	844
663	846
663	883
663	907
663	915
663	936
664	62
664	276
664	386
664	525
664	574
664	767
664	848
664	854
664	918
664	937
664	957
665	417
665	427
665	454
665	579
665	661
665	704
665	707
665	893
665	927
665	933
665	960
666	128
666	181
666	528
666	538
666	600
666	689
666	693
666	854
666	860
666	966
666	999
667	144
667	288
667	338
667	540
667	612
667	719
667	757
667	772
667	853
667	870
667	895
668	138
668	315
668	383
668	651
668	741
668	787
668	806
668	829
668	895
668	955
668	969
669	205
669	274
669	459
669	468
669	541
669	608
669	651
669	656
669	711
669	842
669	952
670	597
670	690
670	738
670	751
670	752
670	941
670	946
670	970
670	977
670	979
670	998
671	97
671	212
671	404
671	457
671	509
671	657
671	682
671	710
671	735
671	827
671	952
672	224
672	576
672	711
672	714
672	771
672	792
672	803
672	857
672	871
672	891
672	941
673	498
673	678
673	681
673	759
673	768
673	807
673	845
673	897
673	963
673	974
673	990
674	285
674	416
674	512
674	535
674	709
674	799
674	849
674	906
674	941
674	943
674	983
675	347
675	588
675	634
675	698
675	708
675	825
675	873
675	890
675	906
675	928
675	985
676	5
676	331
676	437
676	492
676	622
676	626
676	634
676	784
676	866
676	911
676	968
677	155
677	344
677	421
677	521
677	552
677	683
677	695
677	794
677	798
677	877
677	902
678	161
678	638
678	639
678	673
678	727
678	736
678	748
678	795
678	821
678	852
678	986
679	230
679	308
679	444
679	544
679	596
679	809
679	859
679	876
679	923
679	930
679	990
680	721
680	766
680	775
680	818
680	840
680	857
680	861
680	887
680	973
680	975
680	981
681	78
681	100
681	210
681	214
681	430
681	450
681	530
681	673
681	806
681	885
681	897
682	44
682	70
682	367
682	457
682	605
682	643
682	671
682	685
682	712
682	942
682	976
683	413
683	414
683	658
683	677
683	734
683	762
683	788
683	808
683	913
683	964
683	984
684	209
684	238
684	575
684	610
684	700
684	727
684	795
684	798
684	814
684	852
684	921
685	556
685	582
685	585
685	653
685	682
685	781
685	831
685	937
685	942
685	948
685	976
686	36
686	283
686	312
686	545
686	574
686	603
686	853
686	918
686	931
686	947
686	978
687	127
687	275
687	381
687	547
687	559
687	737
687	751
687	815
687	833
687	939
687	961
688	45
688	95
688	285
688	424
688	512
688	704
688	755
688	868
688	920
688	922
688	1000
689	46
689	128
689	202
689	294
689	602
689	666
689	851
689	860
689	872
689	899
689	934
690	296
690	629
690	670
690	695
690	908
690	935
690	945
690	979
690	995
690	996
690	998
691	12
691	173
691	310
691	355
691	512
691	514
691	697
691	859
691	899
691	957
691	988
692	113
692	498
692	710
692	713
692	742
692	837
692	859
692	866
692	929
692	935
692	944
693	46
693	204
693	610
693	666
693	805
693	830
693	851
693	854
693	860
693	966
693	999
694	124
694	125
694	206
694	279
694	300
694	325
694	438
694	725
694	913
694	964
694	984
695	179
695	339
695	506
695	677
695	690
695	738
695	797
695	872
695	880
695	888
695	973
696	58
696	557
696	573
696	707
696	755
696	835
696	889
696	906
696	920
696	941
696	943
697	328
697	441
697	619
697	623
697	691
697	753
697	806
697	820
697	899
697	913
697	988
698	48
698	105
698	134
698	240
698	283
698	301
698	378
698	675
698	862
698	873
698	928
699	215
699	268
699	499
699	529
699	534
699	738
699	810
699	872
699	888
699	897
699	921
700	190
700	250
700	304
700	328
700	354
700	481
700	684
700	722
700	744
700	814
700	874
700	986
701	49
701	163
701	177
701	324
701	659
701	748
701	918
701	937
701	947
701	957
701	963
701	1000
702	228
702	245
702	294
702	385
702	425
702	571
702	855
702	864
702	865
702	868
702	944
702	985
703	241
703	251
703	423
703	428
703	466
703	519
703	604
703	827
703	922
703	940
703	958
703	995
704	452
704	581
704	630
704	665
704	688
704	775
704	782
704	837
704	923
704	975
704	981
704	995
705	17
705	241
705	337
705	385
705	563
705	747
705	791
705	949
705	956
705	959
705	962
705	965
706	296
706	645
706	752
706	773
706	844
706	923
706	929
706	934
706	945
706	946
706	977
706	998
707	25
707	191
707	660
707	665
707	696
707	769
707	835
707	920
707	940
707	941
707	943
707	1000
708	221
708	313
708	514
708	536
708	558
708	588
708	600
708	675
708	890
708	904
708	905
708	971
709	2
709	45
709	231
709	266
709	423
709	660
709	674
709	755
709	814
709	865
709	906
709	977
710	410
710	465
710	474
710	489
710	654
710	671
710	692
710	731
710	777
710	793
710	813
710	905
711	97
711	292
711	457
711	541
711	669
711	672
711	778
711	842
711	884
711	934
711	952
711	1000
712	367
712	394
712	532
712	618
712	682
712	725
712	793
712	873
712	886
712	942
712	948
712	976
713	187
713	655
713	692
713	751
713	773
713	855
713	878
713	929
713	935
713	962
713	985
713	996
714	224
714	269
714	419
714	672
714	771
714	796
714	803
714	825
714	833
714	857
714	882
714	891
715	64
715	77
715	98
715	162
715	407
715	574
715	856
715	858
715	876
715	963
715	980
715	991
716	154
716	223
716	398
716	439
716	465
716	511
716	730
716	804
716	844
716	865
716	907
716	915
717	13
717	131
717	168
717	217
717	236
717	374
717	528
717	538
717	816
717	865
717	878
717	896
718	43
718	236
718	377
718	543
718	621
718	747
718	815
718	881
718	883
718	919
718	968
718	987
719	157
719	165
719	540
719	582
719	667
719	746
719	806
719	853
719	870
719	880
719	883
719	971
720	38
720	219
720	289
720	543
720	586
720	599
720	608
720	611
720	633
720	750
720	817
720	852
721	187
721	234
721	244
721	360
721	453
721	632
721	662
721	680
721	782
721	843
721	900
721	970
722	250
722	264
722	328
722	481
722	700
722	744
722	814
722	848
722	898
722	921
722	937
722	944
723	184
723	261
723	437
723	571
723	826
723	832
723	926
723	929
723	944
723	977
723	982
723	985
724	221
724	466
724	496
724	516
724	789
724	794
724	859
724	877
724	890
724	902
724	905
724	928
725	14
725	185
725	314
725	414
725	513
725	524
725	694
725	712
725	913
725	951
725	978
725	984
726	12
726	20
726	103
726	355
726	408
726	596
726	753
726	781
726	885
726	899
726	950
726	988
727	137
727	236
727	247
727	364
727	509
727	580
727	638
727	678
727	684
727	750
727	797
727	852
728	109
728	322
728	556
728	577
728	650
728	739
728	787
728	909
728	937
728	947
728	978
728	984
729	297
729	441
729	518
729	655
729	831
729	832
729	855
729	909
729	929
729	944
729	967
729	985
730	213
730	334
730	556
730	591
730	716
730	748
730	821
730	909
730	918
730	947
730	957
730	978
730	1000
731	177
731	276
731	314
731	400
731	409
731	577
731	710
731	748
731	756
731	909
731	922
731	947
731	978
732	33
732	350
732	351
732	393
732	520
732	541
732	608
732	796
732	823
732	880
732	931
732	969
732	992
733	61
733	141
733	231
733	395
733	508
733	738
733	841
733	887
733	914
733	919
733	949
733	955
733	987
734	186
734	219
734	305
734	434
734	620
734	636
734	646
734	683
734	788
734	820
734	831
734	846
734	966
735	12
735	15
735	306
735	318
735	457
735	473
735	583
735	657
735	671
735	778
735	840
735	953
735	977
736	158
736	380
736	386
736	426
736	517
736	678
736	767
736	782
736	840
736	861
736	900
736	923
736	981
737	130
737	261
737	284
737	291
737	371
737	565
737	654
737	687
737	807
737	827
737	924
737	958
737	995
738	59
738	83
738	260
738	605
738	670
738	695
738	699
738	733
738	792
738	810
738	872
738	888
738	921
739	324
739	351
739	400
739	409
739	476
739	577
739	606
739	728
739	813
739	824
739	909
739	947
739	998
740	66
740	92
740	386
740	480
740	563
740	564
740	587
740	598
740	787
740	805
740	850
740	866
740	946
741	215
741	243
741	321
741	365
741	401
741	413
741	627
741	668
741	912
741	955
741	972
741	975
741	992
742	118
742	258
742	288
742	376
742	539
742	692
742	759
742	768
742	858
742	930
742	963
742	972
742	990
743	38
743	61
743	108
743	164
743	166
743	478
743	543
743	585
743	586
743	599
743	601
743	611
743	974
744	35
744	96
744	190
744	264
744	328
744	353
744	481
744	700
744	722
744	748
744	786
744	814
744	921
745	345
745	352
745	406
745	487
745	493
745	507
745	537
745	544
745	596
745	623
745	822
745	856
745	936
746	383
746	567
746	589
746	654
746	719
746	772
746	836
746	842
746	853
746	870
746	883
746	936
746	971
747	127
747	575
747	624
747	705
747	718
747	801
747	811
747	863
747	956
747	959
747	962
747	965
747	982
748	409
748	645
748	678
748	701
748	730
748	731
748	744
748	844
748	909
748	937
748	957
748	978
748	1000
749	183
749	244
749	348
749	390
749	532
749	557
749	568
749	643
749	653
749	657
749	947
749	948
749	976
750	164
750	364
750	418
750	611
750	637
750	720
750	727
750	817
750	892
750	897
750	916
750	960
750	967
751	60
751	373
751	496
751	518
751	619
751	670
751	687
751	713
751	761
751	773
751	788
751	847
751	996
752	60
752	242
752	645
752	670
752	706
752	774
752	778
752	870
752	908
752	920
752	946
752	979
752	998
753	173
753	261
753	355
753	362
753	399
753	596
753	697
753	726
753	773
753	790
753	899
753	955
753	988
754	101
754	175
754	208
754	405
754	482
754	579
754	649
754	779
754	809
754	869
754	927
754	933
754	953
755	114
755	266
755	307
755	688
755	696
755	709
755	835
755	849
755	854
755	920
755	943
755	950
755	995
756	234
756	416
756	554
756	731
756	786
756	800
756	893
756	904
756	925
756	939
756	950
756	961
756	983
757	87
757	105
757	144
757	302
757	359
757	589
757	625
757	667
757	765
757	853
757	870
757	883
757	971
758	223
758	231
758	407
758	568
758	644
758	831
758	869
758	901
758	914
758	949
758	964
758	993
758	1000
759	378
759	673
759	742
759	788
759	844
759	876
759	883
759	894
759	895
759	930
759	963
759	974
759	980
760	10
760	73
760	501
760	812
760	839
760	848
760	874
760	885
760	897
760	903
760	931
760	954
760	986
761	242
761	446
761	496
761	751
761	771
761	791
761	811
761	847
761	876
761	894
761	935
761	979
761	998
762	68
762	145
762	373
762	621
762	659
762	683
762	881
762	901
762	915
762	919
762	968
762	973
762	987
763	156
763	362
763	419
763	475
763	483
763	567
763	613
763	662
763	768
763	781
763	908
763	960
763	989
764	40
764	93
764	127
764	460
764	530
764	800
764	818
764	893
764	910
764	922
764	925
764	950
764	975
764	983
765	24
765	109
765	167
765	216
765	445
765	450
765	653
765	757
765	798
765	853
765	870
765	883
765	955
765	971
766	158
766	402
766	584
766	630
766	680
766	827
766	828
766	843
766	863
766	923
766	933
766	975
766	979
766	981
767	290
767	337
767	453
767	548
767	584
767	655
767	664
767	736
767	837
767	863
767	923
767	954
767	981
767	993
768	258
768	336
768	603
768	673
768	742
768	763
768	809
768	866
768	876
768	936
768	974
768	980
768	990
768	991
769	45
769	252
769	264
769	305
769	346
769	535
769	581
769	707
769	776
769	842
769	862
769	920
769	941
769	1000
770	59
770	201
770	256
770	414
770	434
770	589
770	614
770	636
770	808
770	902
770	913
770	951
770	964
770	984
771	304
771	524
771	656
771	672
771	714
771	761
771	792
771	801
771	803
771	833
771	857
771	891
771	925
771	998
772	42
772	216
772	248
772	445
772	534
772	540
772	601
772	610
772	667
772	746
772	840
772	936
772	947
772	971
773	209
773	309
773	496
773	706
773	713
773	751
773	753
773	774
773	810
773	824
773	935
773	943
773	996
773	998
774	505
774	535
774	561
774	597
774	614
774	752
774	773
774	791
774	812
774	935
774	945
774	977
774	996
774	998
775	149
775	249
775	534
775	630
775	680
775	704
775	782
775	828
775	840
775	860
775	863
775	919
775	970
775	975
776	37
776	91
776	191
776	215
776	287
776	769
776	800
776	810
776	819
776	872
776	920
776	941
776	997
776	1000
777	126
777	410
777	465
777	489
777	570
777	606
777	654
777	710
777	793
777	813
777	835
777	837
777	896
777	905
778	89
778	267
778	274
778	318
778	457
778	508
778	625
778	711
778	735
778	752
778	934
778	952
778	965
778	987
779	39
779	208
779	396
779	417
779	518
779	579
779	611
779	754
779	893
779	927
779	928
779	933
779	946
779	994
780	59
780	76
780	82
780	88
780	200
780	210
780	220
780	345
780	399
780	614
780	819
780	850
780	938
780	994
781	75
781	156
781	232
781	357
781	472
781	500
781	613
781	647
781	685
781	726
781	763
781	836
781	908
781	989
782	191
782	247
782	295
782	360
782	366
782	491
782	534
782	592
782	635
782	704
782	721
782	736
782	775
782	923
783	6
783	120
783	609
783	806
783	831
783	832
783	868
783	877
783	879
783	926
783	929
783	966
783	982
783	997
784	5
784	123
784	196
784	257
784	331
784	340
784	349
784	371
784	416
784	622
784	676
784	794
784	905
784	911
785	186
785	249
785	256
785	259
785	305
785	355
785	434
785	620
785	889
785	913
785	935
785	954
785	960
785	964
785	984
786	30
786	179
786	226
786	275
786	559
786	744
786	756
786	815
786	925
786	939
786	950
786	961
786	983
786	992
786	999
787	9
787	130
787	179
787	253
787	272
787	316
787	506
787	612
787	634
787	668
787	728
787	740
787	880
787	912
787	997
788	14
788	206
788	325
788	343
788	501
788	513
788	646
788	683
788	734
788	751
788	759
788	913
788	954
788	956
788	984
789	16
789	145
789	384
789	402
789	491
789	533
789	566
789	615
789	724
789	796
789	828
789	892
789	916
789	960
789	967
790	86
790	181
790	311
790	342
790	359
790	444
790	460
790	469
790	500
790	658
790	753
790	810
790	825
790	838
790	981
791	255
791	496
791	597
791	626
791	705
791	761
791	774
791	832
791	933
791	935
791	946
791	977
791	979
791	996
791	998
792	226
792	243
792	304
792	330
792	524
792	611
792	656
792	672
792	738
792	771
792	803
792	825
792	833
792	891
792	959
793	126
793	140
793	240
793	265
793	410
793	465
793	519
793	570
793	710
793	712
793	777
793	813
793	881
793	980
793	989
794	71
794	132
794	159
794	421
794	451
794	521
794	552
794	604
794	677
794	724
794	784
794	798
794	877
794	902
794	986
795	62
795	106
795	244
795	509
795	544
795	580
795	593
795	638
795	639
795	678
795	684
795	797
795	821
795	852
795	875
796	268
796	365
796	478
796	553
796	617
796	663
796	714
796	732
796	789
796	806
796	829
796	955
796	972
796	976
796	992
797	104
797	203
797	207
797	403
797	420
797	527
797	612
797	616
797	639
797	695
797	727
797	795
797	821
797	990
797	998
798	71
798	153
798	369
798	451
798	552
798	553
798	677
798	684
798	765
798	794
798	872
798	877
798	902
798	994
798	996
799	503
799	528
799	628
799	638
799	641
799	674
799	824
799	871
799	875
799	884
799	910
799	991
800	114
800	443
800	660
800	756
800	764
800	776
800	801
800	818
800	828
800	889
800	925
800	939
800	956
800	962
800	983
801	26
801	317
801	338
801	376
801	388
801	747
801	771
801	800
801	833
801	843
801	956
801	959
801	962
801	965
801	997
802	152
802	272
802	368
802	378
802	555
802	600
802	809
802	845
802	859
802	894
802	935
802	974
802	980
802	985
802	990
803	178
803	243
803	269
803	343
803	524
803	656
803	672
803	714
803	771
803	792
803	833
803	837
803	857
803	891
803	971
804	175
804	230
804	311
804	324
804	369
804	449
804	716
804	839
804	844
804	874
804	907
804	915
804	931
804	986
804	999
805	41
805	92
805	243
805	386
805	480
805	510
805	519
805	520
805	563
805	564
805	580
805	587
805	598
805	693
805	740
806	282
806	351
806	495
806	651
806	668
806	681
806	697
806	719
806	783
806	796
806	829
806	895
806	955
806	969
806	1000
807	54
807	211
807	251
807	477
807	551
807	560
807	565
807	673
807	737
807	830
807	849
807	924
807	931
807	958
807	985
808	339
808	343
808	380
808	411
808	501
808	616
808	619
808	620
808	649
808	683
808	770
808	847
808	937
808	954
808	964
809	149
809	323
809	457
809	660
809	679
809	754
809	768
809	802
809	859
809	873
809	876
809	929
809	930
809	963
809	980
810	65
810	83
810	191
810	200
810	499
810	529
810	699
810	738
810	773
810	776
810	790
810	860
810	872
810	888
810	921
811	143
811	195
811	198
811	388
811	624
811	641
811	747
811	761
811	885
811	889
811	914
811	956
811	959
811	965
811	984
811	992
812	122
812	450
812	512
812	525
812	554
812	591
812	619
812	760
812	774
812	817
812	839
812	874
812	885
812	897
812	903
812	931
813	126
813	240
813	265
813	465
813	489
813	519
813	546
813	570
813	654
813	710
813	739
813	777
813	793
813	858
813	886
813	920
814	9
814	77
814	96
814	190
814	250
814	264
814	328
814	338
814	481
814	684
814	700
814	709
814	722
814	744
814	856
814	921
815	10
815	280
815	295
815	381
815	530
815	559
815	687
815	718
815	786
815	925
815	926
815	939
815	950
815	959
815	961
815	983
816	192
816	303
816	340
816	374
816	387
816	550
816	717
816	865
816	878
816	882
816	892
816	896
816	899
816	938
816	965
816	988
817	61
817	108
817	164
817	289
817	447
817	543
817	585
817	586
817	599
817	611
817	637
817	720
817	750
817	812
817	826
817	859
818	534
818	581
818	680
818	764
818	800
818	820
818	834
818	837
818	840
818	900
818	923
818	942
818	970
818	975
818	981
818	1000
819	110
819	116
819	210
819	227
819	389
819	422
819	432
819	485
819	571
819	614
819	642
819	776
819	780
819	850
819	871
819	1000
820	201
820	211
820	238
820	256
820	300
820	339
820	439
820	448
820	530
820	549
820	697
820	734
820	818
820	913
820	942
820	951
821	76
821	106
821	364
821	403
821	509
821	580
821	610
821	638
821	639
821	678
821	730
821	795
821	797
821	852
821	875
821	938
822	58
822	132
822	151
822	335
822	345
822	356
822	372
822	406
822	487
822	493
822	537
822	558
822	623
822	745
822	856
822	996
823	115
823	314
823	351
823	413
823	565
823	571
823	590
823	607
823	613
823	617
823	732
823	912
823	955
823	970
823	972
823	992
824	284
824	366
824	391
824	483
824	503
824	628
824	739
824	773
824	799
824	856
824	871
824	875
824	884
824	905
824	910
824	991
825	102
825	181
825	311
825	360
825	433
825	656
825	675
825	714
825	790
825	792
825	833
825	838
825	854
825	857
825	891
825	983
826	245
826	425
826	440
826	459
826	549
826	723
826	817
826	832
826	868
826	910
826	926
826	929
826	942
826	944
826	982
826	985
827	229
827	460
827	527
827	551
827	560
827	671
827	703
827	737
827	766
827	830
827	898
827	922
827	928
827	940
827	958
827	995
828	99
828	327
828	402
828	431
828	491
828	566
828	615
828	766
828	775
828	789
828	800
828	892
828	916
828	960
828	967
828	977
829	33
829	47
829	54
829	287
829	321
829	507
829	615
829	633
829	668
829	796
829	806
829	895
829	939
829	969
829	972
829	992
830	69
830	135
830	251
830	458
830	538
830	551
830	565
830	604
830	693
830	807
830	827
830	898
830	907
830	924
830	941
830	968
831	171
831	180
831	197
831	361
831	435
831	571
831	685
831	729
831	734
831	758
831	783
831	879
831	887
831	888
831	929
831	982
831	997
832	19
832	129
832	133
832	231
832	329
832	723
832	729
832	783
832	791
832	826
832	879
832	887
832	926
832	976
832	982
832	985
832	997
833	23
833	224
833	243
833	304
833	330
833	524
833	687
833	714
833	771
833	792
833	801
833	803
833	825
833	857
833	885
833	891
833	990
834	44
834	63
834	158
834	184
834	228
834	347
834	426
834	452
834	487
834	552
834	818
834	837
834	861
834	908
834	970
834	981
834	991
835	2
835	64
835	114
835	346
835	423
835	507
835	531
835	573
835	696
835	707
835	755
835	777
835	906
835	919
835	920
835	943
835	959
836	21
836	232
836	357
836	362
836	401
836	419
836	475
836	570
836	648
836	662
836	746
836	781
836	875
836	890
836	917
836	925
836	989
837	51
837	360
837	382
837	508
837	579
837	652
837	692
837	704
837	767
837	777
837	803
837	818
837	834
837	900
837	950
837	970
837	975
838	86
838	102
838	181
838	227
838	311
838	342
838	444
838	460
838	469
838	647
838	658
838	790
838	825
838	842
838	904
838	924
838	984
839	78
839	100
839	139
839	188
839	237
839	275
839	358
839	410
839	430
839	449
839	647
839	760
839	804
839	812
839	897
839	903
839	986
840	35
840	167
840	412
840	452
840	528
840	630
840	680
840	735
840	736
840	772
840	775
840	818
840	843
840	863
840	954
840	975
840	991
841	84
841	233
841	377
841	486
841	494
841	578
841	595
841	733
841	863
841	871
841	881
841	919
841	968
841	973
841	978
841	987
841	990
842	66
842	267
842	274
842	306
842	316
842	468
842	508
842	541
842	583
842	669
842	711
842	746
842	769
842	838
842	934
842	952
842	987
843	187
843	382
843	412
843	525
843	584
843	632
843	721
843	766
843	801
843	840
843	878
843	895
843	900
843	923
843	964
843	975
843	981
844	53
844	99
844	319
844	369
844	398
844	470
844	572
844	663
844	706
844	716
844	748
844	759
844	804
844	865
844	907
844	915
844	966
845	53
845	308
845	418
845	485
845	498
845	536
845	600
845	673
845	802
845	858
845	866
845	898
845	919
845	930
845	963
845	980
845	990
846	138
846	208
846	299
846	396
846	417
846	427
846	482
846	565
846	609
846	661
846	663
846	734
846	927
846	933
846	953
846	961
846	965
847	28
847	309
847	329
847	446
847	450
847	636
847	751
847	761
847	808
847	853
847	908
847	913
847	935
847	945
847	977
847	996
847	998
848	50
848	131
848	333
848	409
848	484
848	603
848	664
848	722
848	760
848	909
848	936
848	937
848	942
848	947
848	957
848	978
848	1000
849	2
849	64
849	266
849	417
849	512
849	660
849	674
849	755
849	807
849	870
849	892
849	906
849	920
849	928
849	943
849	984
849	1000
850	57
850	116
850	200
850	210
850	227
850	266
850	389
850	422
850	432
850	570
850	614
850	639
850	642
850	740
850	780
850	819
850	869
851	25
851	94
851	202
851	235
851	341
851	409
851	531
851	549
851	554
851	602
851	689
851	693
851	854
851	896
851	924
851	960
851	966
851	999
852	106
852	161
852	177
852	203
852	364
852	403
852	509
852	559
852	580
852	610
852	635
852	678
852	684
852	720
852	727
852	795
852	821
852	912
853	150
853	248
853	297
853	374
853	432
853	528
853	601
853	667
853	686
853	719
853	746
853	757
853	765
853	847
853	870
853	899
853	936
853	971
854	25
854	115
854	119
854	235
854	363
854	530
854	531
854	549
854	582
854	664
854	666
854	693
854	755
854	825
854	851
854	966
854	989
854	999
855	94
855	177
855	197
855	329
855	361
855	435
855	481
855	545
855	632
855	702
855	713
855	729
855	887
855	896
855	929
855	944
855	982
855	985
856	58
856	345
856	356
856	372
856	406
856	487
856	493
856	507
856	537
856	576
856	623
856	628
856	715
856	745
856	814
856	822
856	824
856	865
857	124
857	267
857	304
857	330
857	524
857	576
857	617
857	656
857	672
857	680
857	714
857	771
857	803
857	825
857	833
857	888
857	891
857	898
858	52
858	272
858	399
858	503
858	539
858	715
858	742
858	813
858	845
858	875
858	876
858	894
858	898
858	930
858	963
858	964
858	974
858	980
859	31
859	162
859	415
859	582
859	679
859	691
859	692
859	724
859	802
859	809
859	817
859	866
859	876
859	930
859	963
859	974
859	979
859	990
860	34
860	94
860	112
860	204
860	235
860	424
860	531
860	597
860	602
860	666
860	689
860	693
860	775
860	810
860	862
860	932
860	944
860	999
861	158
861	184
861	452
861	453
861	455
861	581
861	584
861	601
861	632
861	680
861	736
861	834
861	900
861	933
861	962
861	972
861	975
861	981
862	1
862	119
862	202
862	320
862	364
862	481
862	549
862	576
862	698
862	769
862	860
862	890
862	896
862	904
862	905
862	928
862	966
862	990
863	51
863	189
863	228
863	239
863	382
863	412
863	452
863	453
863	534
863	549
863	747
863	766
863	767
863	775
863	840
863	841
863	936
863	981
864	3
864	111
864	278
864	312
864	330
864	390
864	397
864	404
864	462
864	500
864	555
864	593
864	702
864	867
864	871
864	881
864	931
864	991
865	154
865	223
865	316
865	463
865	572
865	702
865	709
865	716
865	717
865	816
865	844
865	856
865	878
865	882
865	907
865	915
865	938
865	948
866	18
866	29
866	52
866	66
866	73
866	298
866	378
866	415
866	583
866	676
866	692
866	740
866	768
866	845
866	859
866	963
866	974
866	990
867	3
867	55
867	111
867	207
867	278
867	390
867	397
867	404
867	425
867	462
867	500
867	555
867	593
867	617
867	864
867	878
867	931
867	949
868	234
868	257
868	294
868	307
868	325
868	372
868	437
868	441
868	640
868	688
868	702
868	783
868	826
868	887
868	926
868	982
868	985
868	996
869	56
869	136
869	332
869	349
869	407
869	447
869	464
869	629
869	644
869	754
869	758
869	850
869	901
869	914
869	921
869	927
869	949
869	993
870	109
870	442
870	540
870	567
870	589
870	667
870	719
870	746
870	752
870	757
870	765
870	849
870	853
870	877
870	883
870	903
870	936
870	986
871	223
871	366
871	391
871	483
871	503
871	628
871	672
871	799
871	819
871	824
871	841
871	864
871	875
871	884
871	910
871	991
872	59
872	260
872	287
872	499
872	533
872	606
872	610
872	689
872	695
872	699
872	738
872	776
872	798
872	810
872	888
872	894
872	933
872	940
873	46
873	105
873	222
873	286
873	301
873	326
873	347
873	472
873	522
873	631
873	675
873	698
873	712
873	809
873	890
873	928
873	937
873	943
874	146
874	189
874	214
874	350
874	358
874	381
874	430
874	449
874	511
874	538
874	562
874	569
874	700
874	760
874	804
874	812
874	897
874	986
875	118
875	217
875	247
875	366
875	391
875	483
875	503
875	576
875	628
875	795
875	799
875	821
875	824
875	836
875	858
875	871
875	884
875	910
875	991
876	77
876	80
876	331
876	406
876	415
876	539
876	600
876	653
876	679
876	715
876	759
876	761
876	768
876	809
876	858
876	859
876	894
876	935
876	999
877	71
877	153
877	155
877	297
877	346
877	421
877	451
877	516
877	521
877	553
877	677
877	724
877	783
877	794
877	798
877	870
877	902
877	916
877	983
878	131
878	133
878	170
878	315
878	387
878	463
878	515
878	550
878	713
878	717
878	816
878	843
878	865
878	867
878	882
878	896
878	938
878	975
878	981
879	20
879	76
879	136
879	154
879	220
879	307
879	370
879	435
879	505
879	573
879	783
879	831
879	832
879	899
879	905
879	944
879	967
879	988
879	997
880	9
880	287
880	315
880	316
880	420
880	447
880	501
880	506
880	590
880	616
880	695
880	719
880	732
880	787
880	945
880	955
880	972
880	979
880	992
881	157
881	160
881	315
881	429
881	456
881	486
881	572
881	578
881	621
881	718
881	762
881	793
881	841
881	864
881	919
881	968
881	973
881	978
881	987
882	82
882	110
882	168
882	170
882	192
882	217
882	303
882	374
882	387
882	714
882	816
882	865
882	878
882	893
882	894
882	896
882	928
882	938
882	946
883	24
883	42
883	293
883	323
883	442
883	485
883	489
883	589
883	625
883	663
883	718
883	719
883	746
883	757
883	759
883	765
883	870
883	936
883	980
884	5
884	60
884	75
884	118
884	299
884	366
884	391
884	483
884	503
884	576
884	628
884	711
884	799
884	824
884	871
884	875
884	910
884	912
884	991
885	188
885	189
885	273
885	321
885	358
885	395
885	430
885	483
885	497
885	681
885	726
885	760
885	811
885	812
885	833
885	897
885	922
885	931
885	986
886	309
886	320
886	347
886	517
886	582
886	605
886	618
886	643
886	648
886	712
886	813
886	904
886	905
886	913
886	928
886	930
886	942
886	948
886	992
887	361
887	413
887	435
887	571
887	653
887	655
887	680
887	733
887	831
887	832
887	855
887	868
887	926
887	944
887	968
887	982
887	985
887	994
887	997
888	83
888	215
888	260
888	352
888	405
888	499
888	529
888	533
888	606
888	695
888	699
888	738
888	810
888	831
888	857
888	872
888	916
888	919
888	921
889	143
889	240
889	327
889	338
889	345
889	376
889	443
889	575
889	641
889	696
889	785
889	800
889	811
889	923
889	956
889	959
889	962
889	965
889	983
890	301
890	320
890	422
890	517
890	536
890	558
890	588
890	675
890	708
890	724
890	836
890	862
890	873
890	904
890	905
890	921
890	972
890	976
890	987
891	224
891	269
891	330
891	342
891	524
891	576
891	656
891	672
891	714
891	771
891	792
891	803
891	825
891	833
891	857
891	894
891	907
891	932
891	959
891	968
892	16
892	21
892	93
892	384
892	418
892	491
892	566
892	615
892	647
892	750
892	789
892	816
892	828
892	849
892	916
892	918
892	960
892	967
892	970
892	994
893	218
893	226
893	395
893	411
893	427
893	504
893	604
893	627
893	665
893	756
893	764
893	779
893	882
893	927
893	939
893	940
893	950
893	961
893	983
893	995
894	15
894	29
894	31
894	269
894	544
894	600
894	759
894	761
894	802
894	858
894	872
894	876
894	882
894	891
894	898
894	930
894	963
894	980
894	990
894	991
895	118
895	169
895	282
895	458
895	467
895	526
895	590
895	608
895	633
895	642
895	667
895	668
895	759
895	806
895	829
895	843
895	955
895	969
895	972
895	992
896	13
896	82
896	131
896	217
896	262
896	303
896	374
896	387
896	463
896	550
896	717
896	777
896	816
896	851
896	855
896	862
896	878
896	882
896	924
896	938
897	73
897	78
897	122
897	309
897	449
897	450
897	531
897	550
897	554
897	673
897	681
897	699
897	750
897	760
897	812
897	839
897	874
897	885
897	922
897	986
898	65
898	194
898	378
898	380
898	604
898	650
898	722
898	827
898	830
898	845
898	857
898	858
898	894
898	911
898	924
898	931
898	963
898	974
898	980
898	984
899	20
899	173
899	310
899	370
899	408
899	505
899	514
899	561
899	596
899	689
899	691
899	697
899	726
899	753
899	816
899	853
899	879
899	911
899	925
899	988
900	200
900	289
900	426
900	494
900	534
900	548
900	621
900	635
900	652
900	655
900	659
900	721
900	736
900	818
900	837
900	843
900	861
900	954
900	975
900	981
901	49
901	220
901	317
901	354
901	395
901	407
901	453
901	464
901	568
901	590
901	629
901	644
901	758
901	762
901	869
901	914
901	918
901	949
901	971
901	993
902	71
902	132
902	155
902	267
902	280
902	288
902	451
902	516
902	521
902	541
902	552
902	553
902	646
902	677
902	724
902	770
902	794
902	798
902	877
902	995
903	32
903	100
903	150
903	176
903	188
903	227
903	305
903	350
903	430
903	497
903	554
903	619
903	760
903	812
903	839
903	870
903	922
903	931
903	944
903	986
904	105
904	222
904	286
904	320
904	335
904	385
904	454
904	517
904	521
904	538
904	558
904	631
904	708
904	756
904	838
904	862
904	886
904	890
904	928
904	969
905	126
905	169
905	240
905	265
905	326
905	423
905	548
905	570
905	631
905	654
905	708
905	710
905	724
905	777
905	784
905	824
905	862
905	879
905	886
905	890
906	64
906	152
906	195
906	266
906	436
906	571
906	573
906	594
906	660
906	674
906	675
906	696
906	709
906	835
906	849
906	920
906	941
906	943
906	952
906	968
907	53
907	175
907	223
907	319
907	369
907	398
907	470
907	572
907	612
907	663
907	716
907	804
907	830
907	844
907	865
907	891
907	912
907	915
907	967
907	990
908	35
908	125
908	281
908	473
908	495
908	523
908	648
908	690
908	752
908	763
908	781
908	834
908	847
908	914
908	917
908	945
908	961
908	989
908	996
908	998
909	160
909	182
909	293
909	348
909	488
909	515
909	728
909	729
909	730
909	731
909	739
909	748
909	848
909	918
909	924
909	934
909	937
909	947
909	974
909	996
910	118
910	224
910	277
910	299
910	366
910	391
910	421
910	483
910	503
910	576
910	628
910	764
910	799
910	824
910	826
910	871
910	875
910	884
910	931
910	944
910	991
911	5
911	58
911	104
911	123
911	140
911	180
911	189
911	191
911	196
911	331
911	340
911	349
911	416
911	492
911	622
911	626
911	676
911	784
911	898
911	899
911	955
912	33
912	120
912	268
912	365
912	393
912	467
912	478
912	630
912	633
912	634
912	651
912	741
912	787
912	823
912	852
912	884
912	907
912	947
912	955
912	969
912	979
913	66
913	110
913	185
913	239
913	339
913	368
913	375
913	411
913	619
913	683
913	694
913	697
913	725
913	770
913	785
913	788
913	820
913	847
913	886
913	951
913	984
914	39
914	42
914	56
914	225
914	332
914	354
914	407
914	438
914	459
914	510
914	629
914	733
914	758
914	811
914	869
914	901
914	908
914	949
914	954
914	971
914	993
915	53
915	100
915	154
915	175
915	223
915	319
915	336
915	386
915	398
915	470
915	572
915	663
915	716
915	762
915	804
915	844
915	865
915	907
915	935
915	952
915	989
916	93
916	99
916	384
916	402
916	418
916	431
916	491
916	566
916	578
916	589
916	647
916	750
916	789
916	828
916	877
916	888
916	892
916	960
916	967
916	975
916	985
917	35
917	70
917	122
917	124
917	232
917	362
917	375
917	401
917	475
917	547
917	592
917	617
917	638
917	648
917	662
917	836
917	908
917	940
917	950
917	952
917	989
918	71
918	165
918	277
918	283
918	293
918	400
918	488
918	506
918	591
918	603
918	664
918	686
918	701
918	730
918	892
918	901
918	909
918	947
918	957
918	978
918	987
919	4
919	21
919	68
919	145
919	153
919	246
919	377
919	456
919	594
919	659
919	718
919	733
919	762
919	775
919	835
919	841
919	845
919	881
919	888
919	968
919	973
919	987
920	20
920	45
920	176
920	284
920	285
920	512
920	573
920	688
920	696
920	707
920	752
920	755
920	769
920	776
920	813
920	835
920	849
920	906
920	935
920	941
920	943
920	964
921	73
921	96
921	141
921	164
921	190
921	250
921	262
921	405
921	481
921	529
921	610
921	684
921	699
921	722
921	738
921	744
921	810
921	814
921	869
921	888
921	890
921	925
922	32
922	135
922	185
922	269
922	273
922	450
922	466
922	530
922	565
922	637
922	688
922	703
922	731
922	764
922	827
922	885
922	897
922	903
922	940
922	958
922	986
922	995
923	187
923	332
923	391
923	412
923	548
923	575
923	632
923	652
923	679
923	704
923	706
923	736
923	766
923	767
923	782
923	818
923	843
923	889
923	954
923	975
923	981
923	998
924	229
924	251
924	332
924	380
924	433
924	446
924	466
924	527
924	560
924	565
924	607
924	737
924	807
924	830
924	838
924	851
924	896
924	898
924	909
924	940
924	958
924	995
925	10
925	91
925	127
925	150
925	214
925	234
925	427
925	547
925	559
925	756
925	764
925	771
925	786
925	800
925	815
925	836
925	899
925	921
925	939
925	950
925	961
925	983
926	117
926	154
926	245
926	281
926	430
926	437
926	440
926	579
926	602
926	723
926	783
926	815
926	826
926	832
926	868
926	887
926	929
926	944
926	974
926	982
926	985
926	997
927	18
927	69
927	90
927	107
927	218
927	233
927	391
927	400
927	454
927	482
927	504
927	609
927	649
927	661
927	665
927	754
927	779
927	846
927	869
927	893
927	937
927	957
928	48
928	221
928	222
928	301
928	517
928	522
928	526
928	536
928	588
928	605
928	631
928	675
928	698
928	724
928	779
928	827
928	849
928	862
928	873
928	882
928	886
928	904
929	6
929	69
929	197
929	245
929	328
929	363
929	692
929	706
929	713
929	723
929	729
929	783
929	809
929	826
929	831
929	855
929	926
929	944
929	956
929	981
929	982
929	985
930	52
930	281
930	415
930	539
930	643
930	679
930	742
930	759
930	809
930	845
930	858
930	859
930	886
930	894
930	932
930	963
930	974
930	975
930	980
930	990
930	991
930	999
931	3
931	146
931	278
931	377
931	390
931	497
931	500
931	554
931	555
931	593
931	686
931	732
931	760
931	804
931	807
931	812
931	864
931	867
931	885
931	898
931	903
931	910
932	8
932	11
932	30
932	79
932	85
932	91
932	151
932	163
932	257
932	263
932	334
932	353
932	414
932	454
932	455
932	463
932	502
932	597
932	640
932	860
932	891
932	930
933	23
933	39
933	138
933	405
933	417
933	427
933	476
933	482
933	504
933	519
933	579
933	609
933	649
933	665
933	754
933	766
933	779
933	791
933	846
933	861
933	872
933	953
934	15
934	28
934	72
934	103
934	235
934	267
934	270
934	274
934	359
934	389
934	394
934	462
934	468
934	583
934	651
934	689
934	706
934	711
934	778
934	842
934	909
934	957
935	147
935	296
935	446
935	474
935	507
935	561
935	690
935	692
935	713
935	761
935	773
935	774
935	785
935	791
935	802
935	847
935	876
935	915
935	920
935	946
935	977
935	979
935	996
936	37
936	165
936	199
936	216
936	248
936	298
936	432
936	442
936	479
936	497
936	540
936	601
936	663
936	745
936	746
936	768
936	772
936	848
936	853
936	863
936	870
936	883
936	971
937	117
937	277
937	293
937	333
937	476
937	480
937	515
937	556
937	591
937	664
937	685
937	701
937	722
937	728
937	748
937	808
937	848
937	873
937	909
937	927
937	947
937	957
937	978
938	82
938	131
938	133
938	170
938	217
938	303
938	315
938	374
938	387
938	463
938	550
938	564
938	572
938	780
938	816
938	821
938	865
938	878
938	882
938	896
938	961
938	969
938	992
939	12
939	91
939	142
939	226
939	362
939	388
939	460
939	547
939	577
939	599
939	632
939	687
939	756
939	786
939	800
939	815
939	829
939	893
939	925
939	940
939	950
939	961
939	983
940	96
940	124
940	194
940	298
940	357
940	380
940	401
940	553
940	589
940	592
940	613
940	620
940	662
940	703
940	707
940	827
940	872
940	893
940	917
940	922
940	924
940	939
940	989
941	37
941	61
941	64
941	346
941	366
941	436
941	471
941	535
941	660
941	670
941	672
941	674
941	696
941	707
941	769
941	776
941	830
941	906
941	920
941	943
941	979
941	997
941	1000
942	286
942	336
942	348
942	367
942	461
942	472
942	513
942	532
942	566
942	582
942	618
942	643
942	682
942	685
942	712
942	818
942	820
942	826
942	848
942	886
942	948
942	967
942	976
943	114
943	205
943	252
943	257
943	266
943	393
943	423
943	424
943	522
943	535
943	674
943	696
943	707
943	755
943	773
943	835
943	849
943	873
943	906
943	920
943	941
943	982
943	1000
944	197
944	279
944	425
944	441
944	606
944	692
944	702
944	722
944	723
944	729
944	826
944	855
944	860
944	879
944	887
944	903
944	910
944	926
944	929
944	966
944	985
944	990
944	997
945	36
945	193
945	213
945	309
945	436
945	510
945	542
945	562
945	587
945	625
945	645
945	690
945	706
945	774
945	847
945	880
945	908
945	946
945	974
945	977
945	979
945	996
945	998
946	60
946	93
946	121
946	169
946	213
946	474
946	542
946	561
946	562
946	612
946	623
946	645
946	670
946	706
946	740
946	752
946	779
946	791
946	882
946	935
946	945
946	977
946	998
947	50
947	333
947	393
947	400
947	556
947	591
947	607
947	650
947	656
947	686
947	701
947	728
947	730
947	731
947	739
947	749
947	772
947	848
947	909
947	912
947	918
947	937
947	978
947	993
948	183
948	335
948	336
948	367
948	375
948	419
948	461
948	468
948	472
948	496
948	513
948	557
948	582
948	605
948	618
948	643
948	685
948	712
948	749
948	865
948	886
948	942
948	976
948	982
949	56
949	136
949	198
949	231
949	291
949	317
949	354
949	368
949	372
949	438
949	445
949	459
949	502
949	562
949	568
949	705
949	733
949	758
949	867
949	869
949	901
949	914
949	955
949	993
950	10
950	142
950	234
950	280
950	381
950	450
950	530
950	540
950	547
950	559
950	573
950	726
950	755
950	756
950	764
950	786
950	815
950	837
950	893
950	917
950	925
950	939
950	961
950	983
951	67
951	111
951	171
951	186
951	201
951	238
951	297
951	300
951	344
951	414
951	448
951	569
951	607
951	619
951	725
951	770
951	820
951	913
951	954
951	964
951	984
951	985
951	991
951	992
952	15
952	47
952	72
952	89
952	97
952	205
952	270
952	312
952	361
952	461
952	478
952	508
952	541
952	583
952	651
952	657
952	669
952	671
952	711
952	778
952	842
952	906
952	915
952	917
953	18
953	23
953	27
953	39
953	63
953	107
953	138
953	348
953	427
953	449
953	452
953	482
953	504
953	518
953	548
953	579
953	627
953	640
953	649
953	661
953	735
953	754
953	846
953	933
954	51
954	83
954	102
954	297
954	369
954	426
954	448
954	479
954	548
954	549
954	569
954	760
954	767
954	785
954	788
954	808
954	840
954	900
954	914
954	923
954	951
954	964
954	975
954	984
954	994
955	9
955	134
955	139
955	169
955	287
955	421
955	467
955	506
955	590
955	668
955	733
955	741
955	753
955	765
955	796
955	806
955	823
955	880
955	895
955	911
955	912
955	949
955	969
955	972
955	992
956	7
956	17
956	195
956	327
956	337
956	338
956	357
956	358
956	443
956	502
956	624
956	641
956	705
956	747
956	788
956	800
956	801
956	811
956	889
956	929
956	959
956	962
956	965
956	969
956	999
957	27
957	182
957	277
957	324
957	344
957	350
957	439
957	461
957	488
957	574
957	606
957	649
957	650
957	664
957	691
957	701
957	730
957	748
957	848
957	918
957	927
957	934
957	937
957	965
957	978
958	54
958	55
958	65
958	74
958	190
958	194
958	229
958	270
958	323
958	458
958	480
958	489
958	529
958	553
958	588
958	607
958	630
958	643
958	703
958	737
958	807
958	827
958	922
958	924
958	995
959	17
959	26
959	92
959	116
959	195
959	198
959	241
959	337
959	338
959	575
959	624
959	641
959	705
959	747
959	792
959	801
959	811
959	815
959	835
959	889
959	891
959	956
959	962
959	965
959	970
960	16
960	99
960	236
960	367
960	384
960	388
960	402
960	418
960	431
960	491
960	566
960	578
960	615
960	647
960	665
960	750
960	763
960	785
960	789
960	828
960	851
960	892
960	916
960	967
960	999
961	10
961	40
961	142
961	237
961	238
961	272
961	275
961	370
961	381
961	397
961	547
961	559
961	687
961	756
961	786
961	815
961	846
961	893
961	908
961	925
961	938
961	939
961	950
961	969
961	983
962	26
962	143
962	198
962	241
962	327
962	333
962	337
962	376
962	385
962	388
962	434
962	456
962	498
962	613
962	705
962	713
962	747
962	800
962	801
962	861
962	889
962	956
962	959
962	965
962	997
963	1
963	7
963	27
963	31
963	149
963	162
963	210
963	501
963	549
963	673
963	701
963	715
963	742
963	759
963	809
963	845
963	858
963	859
963	866
963	894
963	898
963	930
963	974
963	980
963	990
963	991
964	67
964	141
964	201
964	206
964	256
964	290
964	305
964	339
964	343
964	411
964	448
964	513
964	551
964	683
964	694
964	758
964	770
964	785
964	808
964	843
964	858
964	920
964	951
964	954
964	984
964	991
965	7
965	26
965	195
965	198
965	203
965	241
965	327
965	385
965	443
965	575
965	628
965	641
965	644
965	655
965	705
965	747
965	778
965	801
965	811
965	816
965	846
965	889
965	956
965	957
965	959
965	962
966	115
966	119
966	202
966	204
966	235
966	302
966	363
966	385
966	429
966	436
966	473
966	528
966	531
966	550
966	602
966	666
966	693
966	734
966	783
966	844
966	851
966	854
966	862
966	944
966	980
966	999
967	16
967	93
967	99
967	183
967	236
967	263
967	384
967	388
967	402
967	418
967	431
967	491
967	566
967	615
967	647
967	729
967	750
967	789
967	828
967	879
967	892
967	907
967	916
967	942
967	960
967	998
968	4
968	43
968	216
968	221
968	236
968	249
968	377
968	392
968	490
968	578
968	594
968	595
968	659
968	676
968	718
968	762
968	830
968	841
968	881
968	887
968	891
968	906
968	919
968	973
968	987
968	997
969	139
969	280
969	282
969	393
969	478
969	526
969	555
969	577
969	607
969	610
969	633
969	634
969	668
969	732
969	806
969	829
969	895
969	904
969	912
969	938
969	955
969	956
969	961
969	972
969	992
969	993
970	44
970	63
970	81
970	146
970	229
970	281
970	295
970	382
970	412
970	426
970	504
970	528
970	614
970	635
970	652
970	670
970	721
970	775
970	818
970	823
970	834
970	837
970	892
970	959
970	981
970	996
971	8
971	42
971	109
971	150
971	165
971	239
971	245
971	297
971	432
971	479
971	485
971	488
971	517
971	540
971	567
971	708
971	719
971	746
971	757
971	765
971	772
971	803
971	853
971	901
971	914
971	936
972	253
972	313
972	365
972	413
972	432
972	478
972	495
972	526
972	561
972	590
972	608
972	617
972	627
972	658
972	741
972	742
972	796
972	823
972	829
972	861
972	880
972	890
972	895
972	955
972	969
972	992
972	999
973	68
973	84
973	90
973	246
973	315
973	383
973	420
973	437
973	456
973	484
973	486
973	490
973	537
973	578
973	594
973	595
973	627
973	659
973	680
973	695
973	762
973	841
973	881
973	919
973	968
973	986
973	987
974	31
974	80
974	170
974	214
974	230
974	258
974	272
974	323
974	431
974	539
974	544
974	600
974	618
974	673
974	743
974	759
974	768
974	802
974	858
974	859
974	866
974	898
974	909
974	926
974	930
974	945
974	963
975	249
975	513
975	528
975	548
975	553
975	630
975	632
975	636
975	652
975	680
975	704
975	741
975	764
975	766
975	775
975	818
975	837
975	840
975	843
975	861
975	878
975	900
975	916
975	923
975	930
975	954
975	981
976	39
976	69
976	107
976	155
976	183
976	244
976	348
976	367
976	459
976	461
976	532
976	557
976	582
976	605
976	618
976	643
976	653
976	682
976	685
976	712
976	749
976	796
976	832
976	890
976	942
976	948
976	993
977	193
977	255
977	373
977	387
977	446
977	498
977	523
977	542
977	558
977	597
977	623
977	642
977	670
977	706
977	709
977	723
977	735
977	774
977	791
977	828
977	847
977	935
977	945
977	946
977	979
977	996
977	998
978	13
978	23
978	27
978	322
978	344
978	488
978	515
978	556
978	572
978	573
978	574
978	577
978	652
978	686
978	725
978	728
978	730
978	731
978	748
978	841
978	848
978	881
978	918
978	937
978	947
978	957
978	1000
979	144
979	197
979	209
979	213
979	254
979	277
979	309
979	349
979	373
979	446
979	523
979	597
979	670
979	690
979	752
979	761
979	766
979	791
979	859
979	880
979	912
979	935
979	941
979	945
979	977
979	996
979	998
980	29
980	98
980	149
980	230
980	248
980	273
980	308
980	398
980	415
980	477
980	544
980	641
980	715
980	759
980	768
980	793
980	802
980	809
980	845
980	858
980	883
980	894
980	898
980	930
980	963
980	966
980	990
980	991
981	63
981	125
981	184
981	260
981	290
981	295
981	467
981	521
981	632
981	635
981	680
981	704
981	736
981	766
981	767
981	790
981	818
981	834
981	843
981	861
981	863
981	878
981	900
981	923
981	929
981	970
981	975
981	1000
982	6
982	101
982	129
982	180
982	279
982	294
982	307
982	325
982	437
982	440
982	455
982	623
982	639
982	646
982	723
982	747
982	783
982	826
982	831
982	832
982	855
982	868
982	887
982	926
982	929
982	943
982	948
982	997
983	91
983	121
983	142
983	234
983	237
983	275
983	299
983	381
983	460
983	482
983	530
983	533
983	559
983	608
983	674
983	756
983	764
983	786
983	800
983	815
983	825
983	877
983	889
983	893
983	925
983	939
983	950
983	961
984	11
984	14
984	19
984	125
984	168
984	185
984	212
984	238
984	276
984	352
984	569
984	631
984	646
984	683
984	694
984	725
984	728
984	770
984	785
984	788
984	811
984	838
984	849
984	898
984	913
984	951
984	954
984	964
985	34
985	129
985	278
985	294
985	325
985	329
985	545
985	591
985	609
985	655
985	675
985	702
985	713
985	723
985	729
985	802
985	807
985	826
985	832
985	855
985	868
985	887
985	916
985	926
985	929
985	944
985	951
985	997
986	32
986	100
986	193
986	214
986	273
986	312
986	350
986	358
986	359
986	430
986	449
986	497
986	554
986	620
986	647
986	678
986	700
986	760
986	794
986	804
986	839
986	870
986	874
986	885
986	897
986	903
986	922
986	973
987	4
987	84
987	137
987	145
987	179
987	208
987	233
987	237
987	246
987	392
987	422
987	456
987	490
987	578
987	659
987	661
987	718
987	733
987	762
987	778
987	841
987	842
987	881
987	890
987	918
987	919
987	968
987	973
988	24
988	40
988	88
988	103
988	114
988	174
988	261
988	310
988	323
988	355
988	370
988	399
988	408
988	471
988	505
988	514
988	537
988	596
988	615
988	654
988	691
988	697
988	726
988	753
988	816
988	879
988	899
988	994
989	21
989	35
989	70
989	75
989	124
989	156
989	232
989	281
989	335
989	349
989	357
989	360
989	362
989	375
989	419
989	428
989	542
989	597
989	613
989	763
989	781
989	793
989	836
989	854
989	908
989	915
989	917
989	940
990	149
990	258
990	272
990	292
990	298
990	308
990	517
990	539
990	544
990	622
990	673
990	679
990	742
990	768
990	797
990	802
990	833
990	841
990	845
990	859
990	862
990	866
990	894
990	907
990	930
990	944
990	963
990	980
990	991
991	15
991	113
991	182
991	230
991	378
991	600
991	628
991	636
991	715
991	768
991	799
991	824
991	834
991	840
991	864
991	871
991	875
991	884
991	894
991	910
991	930
991	951
991	963
991	964
991	980
991	990
992	29
992	169
992	174
992	253
992	268
992	271
992	321
992	393
992	413
992	474
992	590
992	607
992	608
992	617
992	732
992	741
992	786
992	796
992	811
992	823
992	829
992	880
992	886
992	895
992	938
992	951
992	955
992	969
992	972
993	49
993	50
993	95
993	141
993	159
993	225
993	291
993	332
993	334
993	368
993	372
993	395
993	438
993	464
993	510
993	551
993	595
993	629
993	638
993	644
993	758
993	767
993	869
993	901
993	914
993	947
993	949
993	969
993	976
994	20
994	29
994	31
994	41
994	148
994	174
994	178
994	261
994	262
994	271
994	310
994	341
994	355
994	370
994	379
994	399
994	412
994	494
994	505
994	511
994	546
994	587
994	779
994	780
994	798
994	887
994	892
994	954
994	988
995	54
995	55
995	166
995	228
995	284
995	371
995	380
995	433
995	443
995	458
995	466
995	477
995	527
995	533
995	538
995	551
995	560
995	621
995	690
995	703
995	704
995	737
995	755
995	827
995	893
995	902
995	922
995	924
995	958
996	193
996	194
996	209
996	213
996	255
996	504
996	542
996	561
996	562
996	567
996	581
996	636
996	690
996	713
996	751
996	773
996	774
996	791
996	798
996	822
996	847
996	868
996	908
996	909
996	935
996	945
996	970
996	977
996	979
997	87
997	112
997	113
997	117
997	120
997	257
997	279
997	307
997	440
997	441
997	545
997	551
997	571
997	626
997	655
997	776
997	783
997	787
997	801
997	831
997	832
997	879
997	887
997	926
997	941
997	944
997	962
997	968
997	982
997	985
998	147
998	159
998	242
998	446
998	466
998	474
998	519
998	561
998	562
998	624
998	645
998	670
998	690
998	706
998	739
998	752
998	761
998	771
998	773
998	774
998	791
998	797
998	847
998	908
998	923
998	945
998	946
998	967
998	977
998	979
999	1
999	25
999	34
999	46
999	112
999	115
999	119
999	128
999	204
999	268
999	302
999	363
999	385
999	429
999	444
999	531
999	602
999	666
999	693
999	786
999	804
999	851
999	854
999	860
999	876
999	930
999	956
999	960
999	966
999	972
1000	222
1000	270
1000	285
1000	293
1000	439
1000	484
1000	525
1000	535
1000	603
1000	628
1000	650
1000	660
1000	688
1000	701
1000	707
1000	711
1000	730
1000	748
1000	758
1000	769
1000	776
1000	806
1000	818
1000	819
1000	848
1000	849
1000	941
1000	943
1000	978
1000	981
