1	4
1	248
1	268
1	648
1	852
2	30
2	65
2	761
2	773
2	970
3	359
3	738
3	868
3	982
3	991
4	1
4	623
4	781
4	902
4	995
5	230
5	400
5	536
5	602
5	956
6	330
6	790
6	889
6	945
6	1000
7	708
7	714
7	827
7	868
7	933
8	363
8	499
8	734
8	802
8	918
9	307
9	674
9	842
9	979
9	983
10	23
10	700
10	818
10	869
10	929
11	453
11	612
11	657
11	793
11	917
12	486
12	677
12	766
12	804
12	900
13	607
13	644
13	727
13	843
13	972
14	293
14	464
14	641
14	881
14	930
15	177
15	208
15	534
15	787
15	887
16	526
16	693
16	704
16	860
16	862
17	221
17	414
17	905
17	912
17	967
18	173
18	708
18	796
18	854
18	913
19	513
19	610
19	743
19	779
19	781
20	587
20	722
20	864
20	951
20	956
21	267
21	466
21	611
21	846
21	917
22	607
22	830
22	931
22	979
22	987
23	10
23	67
23	248
23	958
23	986
24	93
24	798
24	799
24	942
24	969
25	143
25	446
25	578
25	932
25	952
26	29
26	893
26	921
26	948
26	988
27	52
27	573
27	710
27	795
27	964
28	519
28	669
28	887
28	977
28	978
29	26
29	301
29	648
29	921
29	995
30	2
30	322
30	941
30	967
30	990
31	190
31	586
31	603
31	907
31	970
32	508
32	785
32	919
32	921
32	995
33	529
33	834
33	847
33	879
33	1000
34	48
34	272
34	683
34	864
34	959
35	505
35	517
35	773
35	840
35	932
36	515
36	746
36	817
36	886
36	991
37	149
37	688
37	706
37	732
37	857
38	334
38	771
38	881
38	927
38	981
39	287
39	707
39	711
39	926
39	966
40	427
40	811
40	928
40	962
40	963
41	536
41	670
41	762
41	781
41	918
42	206
42	481
42	894
42	924
42	965
43	752
43	903
43	914
43	979
43	983
44	469
44	512
44	783
44	914
44	937
45	505
45	674
45	676
45	803
45	951
46	118
46	558
46	581
46	931
46	987
47	469
47	546
47	549
47	686
47	856
48	34
48	683
48	684
48	864
48	959
49	804
49	806
49	910
49	968
49	985
50	416
50	463
50	895
50	955
50	973
51	103
51	801
51	816
51	877
51	980
52	27
52	168
52	547
52	940
52	994
53	437
53	711
53	830
53	920
53	923
54	164
54	295
54	909
54	941
54	990
55	410
55	456
55	614
55	638
55	944
56	238
56	294
56	344
56	594
56	764
57	368
57	418
57	574
57	947
57	961
58	231
58	746
58	886
58	954
58	991
59	753
59	785
59	844
59	933
59	967
60	222
60	324
60	472
60	710
60	977
61	578
61	616
61	720
61	967
61	969
62	349
62	409
62	624
62	938
62	942
63	524
63	543
63	591
63	598
63	695
64	664
64	745
64	767
64	769
64	778
65	2
65	804
65	891
65	943
65	974
66	188
66	820
66	850
66	916
66	947
67	23
67	780
67	804
67	830
67	930
68	596
68	719
68	868
68	884
68	994
69	338
69	426
69	644
69	745
69	996
70	649
70	756
70	837
70	852
70	856
71	371
71	477
71	735
71	870
71	967
72	144
72	289
72	907
72	934
72	970
73	529
73	763
73	773
73	839
73	934
74	94
74	301
74	718
74	784
74	801
75	323
75	695
75	735
75	905
75	935
76	427
76	572
76	787
76	929
76	946
77	458
77	467
77	501
77	890
77	960
78	556
78	733
78	749
78	859
78	893
79	577
79	895
79	909
79	973
79	990
80	431
80	580
80	732
80	772
80	925
81	513
81	607
81	793
81	933
81	977
82	740
82	813
82	916
82	951
82	963
83	386
83	658
83	744
83	857
83	914
84	369
84	593
84	932
84	955
84	996
85	370
85	851
85	936
85	958
85	986
86	444
86	842
86	939
86	961
86	964
87	706
87	766
87	806
87	968
87	985
88	506
88	727
88	887
88	910
88	953
89	140
89	247
89	677
89	744
89	765
90	254
90	316
90	555
90	857
90	914
91	279
91	723
91	850
91	896
91	993
92	265
92	422
92	873
92	906
92	962
93	24
93	443
93	826
93	909
93	990
94	74
94	197
94	540
94	784
94	978
95	259
95	587
95	865
95	956
95	992
96	241
96	344
96	795
96	884
96	922
97	150
97	381
97	842
97	940
97	999
98	387
98	570
98	645
98	924
98	942
99	423
99	560
99	680
99	920
99	968
100	424
100	797
100	813
100	866
100	881
101	238
101	452
101	726
101	915
101	960
102	327
102	429
102	536
102	890
102	960
103	51
103	449
103	943
103	975
103	993
104	340
104	681
104	683
104	725
104	959
105	297
105	479
105	649
105	926
105	961
106	831
106	868
106	891
106	896
106	982
107	137
107	393
107	633
107	751
107	881
108	268
108	867
108	893
108	963
108	974
109	265
109	487
109	871
109	939
109	968
110	284
110	387
110	433
110	634
110	961
111	318
111	576
111	824
111	971
111	986
112	128
112	398
112	540
112	625
112	714
113	542
113	703
113	844
113	894
113	909
114	122
114	572
114	724
114	847
114	910
115	341
115	567
115	652
115	969
115	993
116	247
116	867
116	952
116	975
116	993
117	533
117	563
117	639
117	772
117	800
118	46
118	754
118	834
118	982
118	993
119	158
119	376
119	553
119	608
119	782
120	212
120	218
120	253
120	723
120	774
121	552
121	618
121	702
121	940
121	999
122	114
122	362
122	426
122	727
122	901
123	156
123	208
123	867
123	928
123	952
124	487
124	500
124	812
124	908
124	973
125	160
125	461
125	711
125	869
125	989
126	405
126	460
126	699
126	764
126	812
127	146
127	463
127	692
127	965
127	968
128	112
128	402
128	827
128	927
128	933
129	247
129	435
129	664
129	767
129	973
130	290
130	574
130	654
130	843
130	901
131	154
131	210
131	412
131	608
131	746
132	554
132	572
132	619
132	761
132	807
133	304
133	350
133	354
133	914
133	978
134	565
134	575
134	688
134	743
134	781
135	636
135	937
135	966
135	980
135	988
136	292
136	832
136	846
136	892
136	996
137	107
137	259
137	308
137	479
137	933
138	300
138	803
138	818
138	929
138	951
139	464
139	737
139	799
139	969
139	977
140	89
140	646
140	677
140	783
140	854
141	391
141	788
141	815
141	916
141	966
142	196
142	400
142	531
142	917
142	928
143	25
143	394
143	764
143	812
143	983
144	72
144	430
144	493
144	587
144	840
145	677
145	769
145	792
145	891
145	944
146	127
146	382
146	461
146	662
146	692
147	815
147	837
147	897
147	966
147	988
148	272
148	683
148	684
148	772
148	959
149	37
149	590
149	788
149	833
149	914
150	97
150	231
150	641
150	647
150	999
151	295
151	319
151	640
151	913
151	996
152	500
152	674
152	743
152	781
152	887
153	296
153	405
153	900
153	922
153	981
154	131
154	626
154	680
154	874
154	968
155	252
155	864
155	885
155	922
155	981
156	123
156	828
156	851
156	873
156	906
157	248
157	803
157	876
157	982
157	997
158	119
158	738
158	813
158	859
158	960
159	250
159	679
159	774
159	793
159	977
160	125
160	530
160	818
160	929
160	951
161	809
161	877
161	980
161	994
161	1000
162	683
162	684
162	694
162	843
162	959
163	372
163	524
163	705
163	714
163	827
164	54
164	763
164	815
164	844
164	990
165	209
165	528
165	669
165	902
165	919
166	690
166	719
166	903
166	963
166	979
167	435
167	724
167	846
167	893
167	995
168	52
168	329
168	536
168	551
168	965
169	184
169	330
169	894
169	945
169	1000
170	257
170	311
170	631
170	635
170	654
171	455
171	836
171	854
171	862
171	964
172	389
172	422
172	627
172	689
172	823
173	18
173	428
173	432
173	836
173	913
174	258
174	378
174	709
174	734
174	823
175	531
175	536
175	623
175	864
175	956
176	614
176	620
176	675
176	724
176	958
177	15
177	586
177	655
177	956
177	992
178	319
178	766
178	885
178	901
178	908
179	484
179	512
179	778
179	917
179	987
180	348
180	479
180	495
180	588
180	649
181	186
181	379
181	797
181	974
181	987
182	609
182	765
182	875
182	902
182	926
183	459
183	740
183	835
183	945
183	975
184	169
184	781
184	863
184	945
184	978
185	741
185	813
185	872
185	929
185	951
186	181
186	406
186	734
186	849
186	939
187	812
187	864
187	956
187	979
187	983
188	66
188	539
188	848
188	902
188	999
189	230
189	448
189	655
189	915
189	998
190	31
190	663
190	924
190	984
190	988
191	700
191	855
191	908
191	919
191	921
192	466
192	566
192	872
192	903
192	1000
193	231
193	347
193	466
193	788
193	950
194	658
194	853
194	908
194	914
194	994
195	356
195	782
195	876
195	976
195	986
196	142
196	406
196	663
196	670
196	984
197	94
197	770
197	834
197	848
197	863
198	381
198	476
198	624
198	669
198	865
199	584
199	603
199	934
199	970
199	985
200	300
200	404
200	445
200	784
200	959
201	676
201	795
201	849
201	894
201	924
202	468
202	758
202	859
202	930
202	960
203	494
203	855
203	916
203	929
203	946
204	446
204	507
204	577
204	732
204	896
205	390
205	448
205	459
205	476
205	843
206	42
206	676
206	847
206	894
206	924
207	506
207	660
207	707
207	787
207	910
208	15
208	123
208	651
208	868
208	943
209	165
209	456
209	875
209	902
209	921
210	131
210	838
210	894
210	904
210	954
211	420
211	486
211	562
211	646
211	678
212	120
212	369
212	730
212	989
212	996
213	870
213	905
213	912
213	935
213	982
214	435
214	583
214	597
214	657
214	872
215	269
215	403
215	663
215	905
215	931
216	862
216	870
216	938
216	939
216	961
217	273
217	488
217	509
217	579
217	849
218	120
218	391
218	870
218	899
218	966
219	249
219	470
219	589
219	598
219	769
219	922
220	270
220	477
220	918
220	939
220	948
220	961
221	17
221	237
221	404
221	598
221	937
221	999
222	60
222	325
222	428
222	918
222	947
222	958
223	606
223	710
223	888
223	917
223	918
223	999
224	571
224	700
224	740
224	851
224	873
224	965
225	608
225	617
225	720
225	782
225	881
225	991
226	341
226	473
226	623
226	864
226	914
226	956
227	241
227	528
227	761
227	866
227	942
227	959
228	260
228	469
228	537
228	809
228	879
228	999
229	290
229	364
229	441
229	713
229	992
229	998
230	5
230	189
230	602
230	841
230	933
230	980
231	58
231	150
231	193
231	698
231	737
231	991
232	247
232	311
232	631
232	708
232	800
232	953
233	634
233	663
233	752
233	924
233	936
233	972
234	322
234	789
234	865
234	875
234	900
234	992
235	764
235	783
235	840
235	878
235	970
235	975
236	682
236	813
236	869
236	915
236	946
236	951
237	221
237	410
237	695
237	727
237	890
237	953
238	56
238	101
238	641
238	660
238	890
238	960
239	528
239	569
239	583
239	957
239	989
239	991
240	460
240	817
240	838
240	924
240	962
240	976
241	96
241	227
241	296
241	404
241	598
241	918
242	314
242	817
242	906
242	924
242	936
242	965
243	786
243	888
243	954
243	972
243	984
243	987
244	372
244	630
244	755
244	906
244	950
244	987
245	515
245	806
245	823
245	954
245	976
245	991
246	307
246	409
246	644
246	759
246	794
246	952
247	89
247	116
247	129
247	232
247	728
247	811
248	1
248	23
248	157
248	756
248	837
248	949
249	219
249	460
249	487
249	670
249	808
249	962
250	159
250	453
250	774
250	793
250	900
250	977
251	511
251	518
251	581
251	762
251	899
251	915
252	155
252	290
252	346
252	599
252	841
252	904
253	120
253	323
253	633
253	666
253	697
253	941
254	90
254	312
254	326
254	610
254	973
254	990
255	519
255	603
255	668
255	724
255	759
255	787
256	327
256	587
256	616
256	722
256	864
256	956
257	170
257	314
257	419
257	532
257	549
257	685
258	174
258	603
258	604
258	761
258	819
258	918
259	95
259	137
259	792
259	796
259	836
259	891
260	228
260	626
260	630
260	879
260	972
260	979
261	567
261	578
261	593
261	725
261	928
261	969
262	607
262	721
262	793
262	972
262	977
262	984
263	271
263	300
263	332
263	561
263	605
263	863
264	313
264	564
264	897
264	937
264	966
264	989
265	92
265	109
265	329
265	938
265	961
265	964
266	444
266	736
266	754
266	756
266	837
266	938
267	21
267	465
267	484
267	846
267	849
267	872
268	1
268	108
268	340
268	678
268	893
268	919
269	215
269	627
269	724
269	880
269	947
269	998
270	220
270	483
270	861
270	867
270	939
270	997
271	263
271	317
271	594
271	701
271	820
271	850
272	34
272	148
272	683
272	684
272	945
272	959
273	217
273	343
273	488
273	500
273	579
273	666
274	532
274	791
274	854
274	891
274	899
274	931
275	374
275	784
275	889
275	975
275	978
275	1000
276	507
276	605
276	755
276	871
276	933
276	950
277	573
277	700
277	898
277	980
277	994
277	995
278	343
278	407
278	416
278	607
278	786
278	849
279	91
279	297
279	603
279	704
279	765
279	995
280	518
280	696
280	954
280	968
280	991
280	997
281	565
281	747
281	776
281	979
281	983
281	996
282	710
282	735
282	905
282	912
282	935
282	999
283	379
283	705
283	714
283	768
283	789
283	797
284	110
284	585
284	789
284	823
284	901
284	992
285	316
285	502
285	798
285	799
285	857
285	896
286	843
286	874
286	944
286	968
286	979
286	983
287	39
287	511
287	815
287	957
287	988
287	989
288	481
288	699
288	703
288	888
288	940
288	941
289	72
289	559
289	776
289	822
289	920
289	928
290	130
290	229
290	252
290	376
290	901
290	998
291	713
291	855
291	865
291	930
291	949
291	982
292	136
292	366
292	673
292	712
292	804
292	900
293	14
293	422
293	468
293	805
293	859
293	936
294	56
294	311
294	594
294	631
294	699
294	764
295	54
295	151
295	561
295	640
295	775
295	996
296	153
296	241
296	591
296	672
296	713
296	981
297	105
297	279
297	858
297	902
297	928
297	993
298	814
298	867
298	868
298	896
298	949
298	971
299	423
299	538
299	540
299	676
299	920
299	985
300	138
300	200
300	263
300	404
300	605
300	769
301	29
301	74
301	467
301	593
301	801
301	932
302	772
302	802
302	889
302	955
302	975
302	979
303	304
303	604
303	909
303	941
303	948
303	990
304	133
304	303
304	595
304	762
304	915
304	931
305	675
305	731
305	780
305	927
305	965
305	978
306	500
306	522
306	548
306	559
306	720
306	950
307	9
307	246
307	315
307	837
307	961
307	979
308	137
308	399
308	633
308	697
308	807
308	908
309	643
309	701
309	736
309	750
309	808
309	850
310	610
310	743
310	775
310	779
310	781
310	980
311	170
311	232
311	294
311	348
311	632
311	794
312	254
312	496
312	584
312	775
312	781
312	988
313	264
313	858
313	944
313	957
313	988
313	989
314	242
314	257
314	549
314	683
314	685
314	856
315	307
315	418
315	477
315	515
315	839
315	996
316	90
316	285
316	592
316	857
316	893
316	914
317	271
317	486
317	562
317	585
317	766
317	783
318	111
318	805
318	808
318	851
318	873
318	924
319	151
319	178
319	640
319	685
319	856
319	989
320	397
320	661
320	944
320	948
320	981
320	999
321	665
321	835
321	863
321	869
321	975
321	1000
322	30
322	234
322	429
322	898
322	901
322	964
323	75
323	253
323	376
323	633
323	790
323	979
324	60
324	453
324	774
324	797
324	939
324	977
325	222
325	547
325	612
325	776
325	794
325	872
326	254
326	389
326	453
326	541
326	581
326	760
327	102
327	256
327	336
327	653
327	864
327	956
328	431
328	452
328	688
328	732
328	772
328	857
329	168
329	265
329	477
329	567
329	710
329	828
330	6
330	169
330	671
330	879
330	978
330	996
331	376
331	393
331	666
331	697
331	751
331	807
332	263
332	616
332	646
332	678
332	766
332	969
333	736
333	756
333	797
333	837
333	841
333	855
334	38
334	663
334	757
334	915
334	984
334	987
335	674
335	763
335	785
335	788
335	815
335	950
336	327
336	396
336	693
336	722
336	864
336	956
337	646
337	744
337	815
337	953
337	988
337	989
338	69
338	607
338	642
338	903
338	984
338	996
339	478
339	649
339	748
339	925
339	992
339	999
340	104
340	268
340	684
340	725
340	783
340	959
341	115
341	226
341	527
341	651
341	730
341	997
342	716
342	768
342	866
342	904
342	919
342	942
343	273
343	278
343	544
343	719
343	988
343	993
344	56
344	96
344	403
344	699
344	764
344	834
345	537
345	743
345	745
345	810
345	836
345	854
346	252
346	403
346	789
346	865
346	992
346	998
347	193
347	480
347	609
347	788
347	880
347	950
348	180
348	311
348	545
348	715
348	794
348	952
349	62
349	514
349	563
349	570
349	866
349	942
350	133
350	353
350	659
350	740
350	945
350	989
351	519
351	733
351	845
351	852
351	902
351	921
351	948
352	401
352	769
352	916
352	922
352	944
352	946
352	981
353	350
353	508
353	612
353	712
353	923
353	940
353	953
354	133
354	555
354	570
354	889
354	898
354	937
354	978
355	669
355	782
355	801
355	846
355	886
355	898
355	991
356	195
356	437
356	867
356	949
356	982
356	984
356	997
357	798
357	799
357	958
357	961
357	969
357	977
357	990
358	523
358	640
358	653
358	701
358	820
358	864
358	956
359	3
359	395
359	526
359	669
359	693
359	725
359	936
360	497
360	619
360	740
360	785
360	844
360	898
360	982
361	484
361	569
361	575
361	664
361	728
361	791
361	917
362	122
362	523
362	545
362	643
362	750
362	820
362	850
363	8
363	518
363	627
363	689
363	734
363	892
363	911
364	229
364	465
364	503
364	664
364	771
364	846
364	892
365	552
365	750
365	813
365	820
365	833
365	850
365	940
366	292
366	560
366	664
366	681
366	712
366	754
366	917
367	518
367	563
367	586
367	670
367	714
367	739
367	942
368	57
368	533
368	538
368	539
368	710
368	828
368	947
369	84
369	212
369	380
369	476
369	561
369	640
369	775
370	85
370	450
370	819
370	889
370	945
370	975
370	1000
371	71
371	442
371	863
371	875
371	880
371	905
371	967
372	163
372	244
372	538
372	845
372	931
372	950
372	984
373	391
373	642
373	645
373	861
373	874
373	897
373	926
374	275
374	579
374	664
374	722
374	767
374	892
374	956
375	451
375	572
375	635
375	639
375	732
375	772
375	812
376	119
376	290
376	323
376	331
376	633
376	697
376	807
377	426
377	644
377	727
377	844
377	910
377	911
377	953
378	174
378	386
378	627
378	689
378	722
378	911
378	918
379	181
379	283
379	383
379	570
379	835
379	866
379	966
380	369
380	503
380	615
380	692
380	819
380	913
380	919
381	97
381	198
381	727
381	731
381	780
381	930
381	998
382	146
382	588
382	615
382	874
382	903
382	926
382	983
383	379
383	586
383	587
383	659
383	739
383	797
383	942
384	471
384	592
384	718
384	774
384	914
384	945
384	978
385	587
385	608
385	653
385	722
385	864
385	922
385	956
386	83
386	378
386	447
386	592
386	658
386	857
386	914
387	98
387	110
387	419
387	502
387	685
387	736
387	837
388	656
388	750
388	761
388	820
388	832
388	850
388	979
389	172
389	326
389	635
389	689
389	734
389	760
389	931
390	205
390	847
390	853
390	858
390	980
390	988
390	996
391	141
391	218
391	373
391	685
391	897
391	900
391	989
392	472
392	770
392	849
392	878
392	945
392	972
392	978
393	107
393	331
393	529
393	633
393	751
393	776
393	790
394	143
394	554
394	752
394	761
394	806
394	829
394	970
395	359
395	741
395	805
395	808
395	936
395	962
395	975
396	336
396	436
396	674
396	719
396	903
396	943
396	983
397	320
397	661
397	897
397	934
397	966
397	987
397	989
398	112
398	613
398	695
398	830
398	859
398	890
398	960
399	308
399	568
399	697
399	716
399	897
399	927
399	988
400	5
400	142
400	774
400	793
400	806
400	928
400	932
401	352
401	410
401	527
401	598
401	922
401	944
401	998
402	128
402	524
402	645
402	711
402	714
402	827
402	933
403	215
403	344
403	346
403	676
403	699
403	764
403	924
404	200
404	221
404	241
404	300
404	709
404	717
404	981
405	126
405	153
405	456
405	594
405	699
405	799
405	938
406	186
406	196
406	541
406	566
406	984
406	987
406	990
407	278
407	528
407	586
407	690
407	849
407	866
407	975
408	439
408	560
408	853
408	877
408	910
408	980
408	994
409	62
409	246
409	506
409	624
409	628
409	875
409	953
410	55
410	237
410	401
410	444
410	709
410	769
410	981
411	566
411	745
411	768
411	791
411	832
411	846
411	872
412	131
412	492
412	635
412	738
412	904
412	954
412	991
413	614
413	797
413	841
413	873
413	883
413	927
413	986
414	17
414	575
414	679
414	858
414	860
414	870
414	935
415	792
415	795
415	796
415	836
415	854
415	862
415	891
416	50
416	278
416	437
416	465
416	624
416	759
416	955
417	438
417	504
417	597
417	741
417	869
417	915
417	946
418	57
418	315
418	552
418	634
418	938
418	939
418	961
419	257
419	387
419	502
419	549
419	622
419	685
419	912
420	211
420	696
420	763
420	821
420	861
420	968
420	985
421	510
421	725
421	848
421	906
421	907
421	936
421	962
422	92
422	172
422	293
422	505
422	694
422	817
422	851
423	99
423	299
423	680
423	761
423	764
423	806
423	985
424	100
424	586
424	768
424	838
424	874
424	920
424	942
425	524
425	625
425	709
425	749
425	822
425	964
425	969
426	69
426	122
426	377
426	506
426	644
426	910
426	977
427	40
427	76
427	867
427	876
427	928
427	949
427	982
428	173
428	222
428	429
428	710
428	724
428	947
428	964
429	102
429	322
429	428
429	551
429	746
429	760
429	947
430	144
430	534
430	787
430	807
430	940
430	957
430	970
431	80
431	328
431	496
431	580
431	688
431	732
431	812
432	173
432	796
432	814
432	836
432	862
432	913
432	925
433	110
433	650
433	827
433	939
433	948
433	949
433	961
434	671
434	843
434	851
434	865
434	866
434	879
434	945
435	129
435	167
435	214
435	566
435	730
435	779
435	892
436	396
436	715
436	729
436	802
436	903
436	983
436	996
437	53
437	356
437	416
437	687
437	717
437	908
437	968
438	417
438	504
438	700
438	885
438	916
438	946
438	951
439	408
439	494
439	580
439	719
439	744
439	979
439	983
440	733
440	779
440	816
440	826
440	884
440	945
440	994
441	229
441	476
441	655
441	714
441	885
441	992
441	998
442	371
442	480
442	590
442	615
442	662
442	692
442	723
443	93
443	753
443	862
443	888
443	894
443	895
443	973
444	86
444	266
444	410
444	638
444	807
444	815
444	837
445	200
445	605
445	737
445	922
445	938
445	981
445	984
446	25
446	204
446	599
446	730
446	754
446	993
446	997
447	386
447	459
447	471
447	531
447	623
447	857
447	914
448	189
448	205
448	735
448	901
448	968
448	992
448	998
449	103
449	705
449	788
449	878
449	879
449	945
449	978
450	370
450	705
450	748
450	834
450	878
450	889
450	1000
451	375
451	464
451	580
451	732
451	772
451	812
451	928
452	101
452	328
452	458
452	554
452	776
452	859
452	890
452	960
453	11
453	250
453	324
453	326
453	774
453	793
453	905
453	977
454	488
454	523
454	759
454	820
454	850
454	860
454	905
454	912
455	171
455	493
455	627
455	639
455	732
455	772
455	806
455	985
456	55
456	209
456	405
456	662
456	709
456	769
456	938
456	944
457	582
457	604
457	693
457	750
457	788
457	860
457	880
457	950
458	77
458	452
458	466
458	660
458	695
458	758
458	906
458	960
459	183
459	205
459	447
459	773
459	857
459	885
459	914
459	992
460	126
460	240
460	249
460	686
460	774
460	793
460	947
460	977
461	125
461	146
461	557
461	751
461	813
461	818
461	869
461	946
462	522
462	562
462	571
462	644
462	883
462	901
462	908
462	998
463	50
463	127
463	573
463	831
463	876
463	943
463	947
463	973
464	14
464	139
464	451
464	618
464	629
464	798
464	969
464	977
465	267
465	364
465	416
465	543
465	702
465	892
465	940
465	963
466	21
466	192
466	193
466	458
466	673
466	767
466	892
466	910
467	77
467	301
467	720
467	874
467	894
467	920
467	923
467	985
468	202
468	293
468	725
468	780
468	805
468	851
468	906
468	962
469	44
469	47
469	228
469	654
469	786
469	937
469	940
469	944
470	219
470	765
470	893
470	902
470	921
470	940
470	963
470	974
471	384
471	447
471	658
471	711
471	726
471	761
471	857
471	914
472	60
472	392
472	679
472	860
472	870
472	905
472	912
472	935
473	226
473	570
473	587
473	763
473	954
473	956
473	976
473	991
474	699
474	756
474	764
474	797
474	812
474	837
474	859
474	1000
475	659
475	771
475	809
475	815
475	858
475	900
475	916
475	957
476	198
476	205
476	369
476	441
476	585
476	789
476	807
476	908
477	71
477	220
477	315
477	329
477	634
477	938
477	939
477	961
478	339
478	702
478	741
478	842
478	882
478	937
478	993
478	999
479	105
479	137
479	180
479	550
479	805
479	872
479	926
479	953
480	347
480	442
480	496
480	590
480	741
480	788
480	880
480	942
481	42
481	288
481	555
481	784
481	805
481	808
481	845
481	975
482	571
482	602
482	614
482	655
482	883
482	885
482	980
482	992
483	270
483	692
483	845
483	875
483	902
483	957
483	966
483	989
484	179
484	267
484	361
484	666
484	742
484	778
484	892
484	982
485	585
485	658
485	815
485	858
485	897
485	916
485	966
485	988
486	12
486	211
486	317
486	576
486	646
486	677
486	766
486	774
487	109
487	124
487	249
487	579
487	747
487	755
487	871
487	877
488	217
488	273
488	454
488	500
488	630
488	687
488	747
488	917
489	533
489	757
489	795
489	838
489	937
489	947
489	954
489	992
490	586
490	645
490	650
490	739
490	756
490	939
490	961
490	986
491	524
491	550
491	691
491	705
491	708
491	822
491	827
491	964
492	412
492	691
492	733
492	831
492	876
492	934
492	948
492	970
493	144
493	455
493	523
493	645
493	653
493	722
493	956
493	968
494	203
494	439
494	674
494	719
494	766
494	829
494	903
494	979
495	180
495	612
495	649
495	700
495	794
495	801
495	926
495	953
496	312
496	431
496	480
496	565
496	610
496	688
496	748
496	781
497	360
497	626
497	905
497	912
497	923
497	935
497	979
497	985
498	675
498	699
498	789
498	824
498	829
498	881
498	930
498	986
499	8
499	627
499	734
499	823
499	828
499	911
499	918
499	982
500	124
500	152
500	273
500	306
500	488
500	616
500	668
500	908
501	77
501	604
501	682
501	704
501	844
501	934
501	970
501	990
502	285
502	387
502	419
502	532
502	549
502	645
502	685
502	856
503	364
503	380
503	588
503	611
503	615
503	662
503	692
503	917
504	417
504	438
504	813
504	818
504	855
504	874
504	929
504	972
505	35
505	45
505	422
505	700
505	805
505	817
505	936
505	965
506	88
506	207
506	409
506	426
506	727
506	851
506	946
506	953
507	204
507	276
507	561
507	668
507	849
507	919
507	974
507	995
508	32
508	353
508	600
508	620
508	927
508	930
508	971
508	986
509	217
509	559
509	567
509	578
509	783
509	920
509	928
509	932
510	421
510	740
510	761
510	762
510	808
510	873
510	906
510	962
511	251
511	287
511	742
511	757
511	915
511	943
511	984
511	987
512	44
512	179
512	619
512	666
512	778
512	846
512	892
512	917
513	19
513	81
513	672
513	675
513	829
513	881
513	895
513	958
514	349
514	618
514	629
514	798
514	799
514	827
514	896
514	977
515	36
515	245
515	315
515	635
515	829
515	863
515	870
515	912
516	657
516	706
516	711
516	747
516	806
516	923
516	968
516	985
517	35
517	557
517	603
517	839
517	907
517	934
517	938
517	999
518	251
518	280
518	363
518	367
518	866
518	886
518	904
518	954
519	28
519	255
519	351
519	718
519	855
519	916
519	946
519	999
520	658
520	816
520	828
520	853
520	877
520	884
520	980
520	994
521	634
521	839
521	855
521	938
521	939
521	948
521	961
521	979
522	306
522	462
522	593
522	859
522	890
522	930
522	960
522	969
523	358
523	362
523	454
523	493
523	701
523	750
523	769
523	850
524	63
524	163
524	402
524	425
524	491
524	581
524	705
524	933
525	659
525	731
525	864
525	900
525	916
525	966
525	988
525	989
526	16
526	359
526	582
526	693
526	704
526	811
526	860
526	995
527	341
527	401
527	591
527	720
527	730
527	866
527	933
527	997
528	165
528	227
528	239
528	407
528	563
528	739
528	838
528	866
529	33
529	73
529	393
529	633
529	751
529	878
529	889
529	970
530	160
530	600
530	834
530	835
530	879
530	972
530	975
530	978
531	142
531	175
531	447
531	560
531	853
531	877
531	884
531	980
531	994
532	257
532	274
532	502
532	589
532	685
532	839
532	856
532	959
532	981
533	117
533	368
533	489
533	536
533	568
533	793
533	874
533	918
533	922
534	15
534	430
534	572
534	661
534	724
534	787
534	807
534	887
534	964
535	633
535	647
535	665
535	777
535	784
535	834
535	835
535	862
535	975
536	5
536	41
536	102
536	168
536	175
536	533
536	551
536	947
536	973
537	228
537	345
537	642
537	667
537	698
537	825
537	888
537	921
537	993
538	299
538	368
538	372
538	541
538	760
538	886
538	950
538	984
538	987
539	188
539	368
539	582
539	693
539	698
539	717
539	786
539	823
539	944
540	94
540	112
540	299
540	821
540	822
540	827
540	856
540	933
540	985
541	326
541	406
541	538
541	558
541	651
541	670
541	931
541	943
541	987
542	113
542	606
542	813
542	818
542	869
542	890
542	915
542	946
542	951
543	63
543	465
543	758
543	825
543	888
543	938
543	944
543	962
543	991
544	343
544	591
544	641
544	696
544	716
544	922
544	944
544	988
544	989
545	348
545	362
545	643
545	701
545	750
545	773
545	820
545	850
545	921
546	47
546	686
546	744
546	817
546	847
546	873
546	906
546	909
546	962
547	52
547	325
547	599
547	853
547	878
547	884
547	891
547	980
547	994
548	306
548	593
548	634
548	720
548	822
548	920
548	928
548	955
548	981
549	47
549	257
549	314
549	419
549	502
549	615
549	685
549	767
549	856
550	479
550	491
550	631
550	632
550	715
550	873
550	926
550	952
550	953
551	168
551	429
551	536
551	568
551	824
551	918
551	947
551	964
551	974
552	121
552	365
552	418
552	702
552	719
552	753
552	842
552	882
552	976
553	119
553	601
553	620
553	673
553	681
553	778
553	836
553	976
553	991
554	132
554	394
554	452
554	557
554	682
554	838
554	840
554	907
554	934
555	90
555	354
555	481
555	665
555	737
555	777
555	878
555	879
555	975
556	78
556	723
556	833
556	845
556	875
556	893
556	902
556	921
556	949
557	461
557	517
557	554
557	603
557	733
557	774
557	840
557	934
557	970
558	46
558	541
558	760
558	839
558	860
558	931
558	952
558	984
558	987
559	289
559	306
559	509
559	720
559	861
559	932
559	955
559	969
559	982
560	99
560	366
560	408
560	531
560	637
560	652
560	736
560	853
560	994
561	263
561	295
561	369
561	507
561	565
561	640
561	665
561	775
561	996
562	211
562	317
562	462
562	766
562	833
562	886
562	901
562	927
562	998
563	117
563	349
563	367
563	528
563	583
563	609
563	861
563	904
563	942
564	264
564	612
564	631
564	788
564	800
564	872
564	880
564	950
564	962
565	134
565	281
565	496
565	561
565	628
565	743
565	928
565	958
565	996
566	192
566	406
566	411
566	435
566	771
566	778
566	832
566	841
566	910
567	115
567	261
567	329
567	509
567	634
567	808
567	862
567	948
567	961
568	399
568	533
568	551
568	724
568	800
568	828
568	947
568	964
568	988
569	239
569	361
569	657
569	710
569	745
569	778
569	832
569	910
569	996
570	98
570	349
570	354
570	379
570	473
570	783
570	942
570	972
570	986
571	224
571	462
571	482
571	602
571	789
571	843
571	901
571	968
571	998
572	76
572	114
572	132
572	375
572	534
572	724
572	787
572	791
572	887
573	27
573	277
573	463
573	616
573	755
573	759
573	871
573	896
573	973
574	57
574	130
574	721
574	843
574	871
574	885
574	895
574	967
574	998
575	134
575	361
575	414
575	612
575	776
575	794
575	800
575	872
575	952
576	111
576	486
576	641
576	780
576	896
576	927
576	958
576	971
576	974
577	79
577	204
577	811
577	868
577	869
577	876
577	943
577	982
577	993
578	25
578	61
578	261
578	509
578	716
578	718
578	919
578	928
578	969
579	217
579	273
579	374
579	487
579	747
579	818
579	871
579	955
579	973
580	80
580	431
580	439
580	451
580	639
580	732
580	772
580	812
580	858
581	46
581	251
581	326
581	524
581	758
581	833
581	842
581	855
581	987
582	457
582	526
582	539
582	607
582	693
582	704
582	733
582	860
582	976
583	214
583	239
583	563
583	586
583	740
583	745
583	832
583	942
583	989
584	199
584	312
584	817
584	873
584	906
584	932
584	934
584	936
584	985
585	284
585	317
585	476
585	485
585	789
585	843
585	900
585	992
585	998
586	31
586	177
586	367
586	383
586	407
586	424
586	490
586	583
586	866
587	20
587	95
587	144
587	256
587	383
587	385
587	473
587	864
587	956
588	180
588	382
588	503
588	611
588	615
588	662
588	692
588	760
588	771
589	219
589	532
589	613
589	709
589	737
589	899
589	922
589	933
589	995
590	149
590	442
590	480
590	735
590	741
590	788
590	880
590	950
590	983
591	63
591	296
591	527
591	544
591	613
591	857
591	959
591	981
591	990
592	316
592	384
592	386
592	658
592	726
592	753
592	808
592	857
592	914
593	84
593	261
593	301
593	522
593	548
593	690
593	817
593	920
593	928
594	56
594	271
594	294
594	405
594	610
594	699
594	764
594	788
594	812
595	304
595	598
595	649
595	652
595	660
595	859
595	890
595	953
595	983
596	68
596	730
596	805
596	811
596	831
596	926
596	952
596	982
596	993
597	214
597	417
597	814
597	836
597	877
597	913
597	925
597	980
597	994
598	63
598	219
598	221
598	241
598	401
598	595
598	798
598	922
598	944
599	252
599	446
599	547
599	816
599	826
599	884
599	942
599	980
599	994
600	508
600	530
600	672
600	691
600	780
600	930
600	971
600	995
600	999
601	553
601	678
601	690
601	746
601	825
601	884
601	904
601	954
601	976
601	991
602	5
602	230
602	482
602	571
602	671
602	672
602	729
602	843
602	885
602	936
603	31
603	199
603	255
603	258
603	279
603	517
603	557
603	621
603	839
603	969
604	258
604	303
604	457
604	501
604	619
604	763
604	909
604	941
604	967
604	990
605	263
605	276
605	300
605	445
605	755
605	810
605	923
605	938
605	944
605	981
606	223
606	542
606	639
606	698
606	736
606	756
606	837
606	852
606	940
606	976
607	13
607	22
607	81
607	262
607	278
607	338
607	582
607	668
607	693
607	860
608	119
608	131
608	225
608	385
608	678
608	738
608	782
608	910
608	976
608	991
609	182
609	347
609	563
609	736
609	739
609	845
609	919
609	932
609	942
609	995
610	19
610	254
610	310
610	496
610	594
610	743
610	775
610	779
610	781
610	990
611	21
611	503
611	588
611	662
611	672
611	771
611	913
611	948
611	974
611	995
612	11
612	325
612	353
612	495
612	564
612	575
612	635
612	649
612	905
612	953
613	398
613	589
613	591
613	697
613	737
613	769
613	922
613	938
613	944
613	986
614	55
614	176
614	413
614	482
614	623
614	769
614	825
614	922
614	965
614	974
615	380
615	382
615	442
615	503
615	549
615	588
615	662
615	692
615	771
615	947
616	61
616	256
616	332
616	500
616	573
616	758
616	849
616	859
616	908
616	960
617	225
617	669
617	819
617	841
617	920
617	926
617	930
617	958
617	971
617	986
618	121
618	464
618	514
618	798
618	799
618	896
618	908
618	967
618	969
618	977
619	132
619	360
619	512
619	604
619	688
619	844
619	895
619	909
619	941
619	990
620	176
620	508
620	553
620	669
620	696
620	829
620	927
620	958
620	971
620	974
621	603
621	682
621	809
621	811
621	821
621	840
621	888
621	937
621	970
621	976
622	419
622	668
622	792
622	796
622	814
622	836
622	854
622	891
622	913
622	923
623	4
623	175
623	226
623	447
623	614
623	795
623	861
623	914
623	947
623	964
624	62
624	198
624	409
624	416
624	688
624	727
624	731
624	865
624	885
624	953
625	112
625	425
625	705
625	708
625	709
625	754
625	822
625	933
625	964
625	989
626	154
626	260
626	497
626	731
626	747
626	759
626	804
626	806
626	871
626	883
627	172
627	269
627	363
627	378
627	455
627	499
627	689
627	734
627	823
627	911
628	409
628	565
628	674
628	796
628	802
628	803
628	903
628	979
628	983
628	996
629	464
629	514
629	798
629	799
629	896
629	969
629	970
629	977
629	985
629	989
630	244
630	260
630	488
630	638
630	742
630	755
630	849
630	871
630	955
630	973
631	170
631	232
631	294
631	550
631	564
631	717
631	776
631	794
631	918
631	926
632	311
632	550
632	656
632	710
632	715
632	794
632	932
632	934
632	970
632	974
633	107
633	253
633	308
633	323
633	376
633	393
633	529
633	535
633	697
633	852
634	110
634	233
634	418
634	477
634	521
634	548
634	567
634	839
634	862
634	939
635	170
635	375
635	389
635	412
635	515
635	612
635	715
635	746
635	773
635	886
636	135
636	765
636	854
636	875
636	949
636	974
636	982
636	993
636	995
636	997
637	560
637	816
637	826
637	853
637	884
637	903
637	911
637	950
637	980
637	994
638	55
638	444
638	630
638	694
638	809
638	873
638	957
638	962
638	966
638	988
639	117
639	375
639	455
639	580
639	606
639	688
639	727
639	772
639	812
639	890
640	151
640	295
640	319
640	358
640	369
640	561
640	775
640	897
640	946
640	996
641	14
641	150
641	238
641	544
641	576
641	881
641	927
641	930
641	958
641	986
642	338
642	373
642	537
642	656
642	696
642	711
642	821
642	873
642	874
642	926
643	309
643	362
643	545
643	687
643	701
643	741
643	750
643	820
643	850
643	963
644	13
644	69
644	246
644	377
644	426
644	462
644	724
644	852
644	910
644	953
645	98
645	373
645	402
645	490
645	493
645	502
645	696
645	861
645	904
645	942
646	140
646	211
646	332
646	337
646	486
646	677
646	744
646	757
646	766
646	972
647	150
647	535
647	702
647	765
647	810
647	825
647	833
647	898
647	937
647	976
648	1
648	29
648	749
648	819
648	820
648	846
648	902
648	919
648	974
648	995
649	70
649	105
649	180
649	339
649	495
649	595
649	612
649	715
649	794
649	944
650	433
650	490
650	751
650	839
650	844
650	862
650	895
650	938
650	939
650	961
651	208
651	341
651	541
651	784
651	790
651	811
651	952
651	982
651	993
651	997
652	115
652	560
652	595
652	816
652	826
652	877
652	884
652	901
652	980
652	994
653	327
653	358
653	385
653	493
653	660
653	722
653	729
653	864
653	929
653	956
654	130
654	170
654	469
654	698
654	806
654	842
654	882
654	920
654	968
654	985
655	177
655	189
655	441
655	482
655	740
655	843
655	865
655	867
655	997
655	998
656	388
656	632
656	642
656	712
656	773
656	821
656	844
656	907
656	985
656	996
657	11
657	214
657	516
657	569
657	673
657	750
657	778
657	832
657	846
657	892
657	974
658	83
658	194
658	386
658	471
658	485
658	520
658	592
658	726
658	857
658	914
658	990
659	350
659	383
659	475
659	525
659	847
659	897
659	919
659	935
659	957
659	966
659	989
660	207
660	238
660	458
660	595
660	653
660	695
660	776
660	830
660	859
660	890
660	960
661	320
661	397
661	534
661	815
661	858
661	872
661	897
661	929
661	957
661	966
661	989
662	146
662	442
662	456
662	503
662	588
662	611
662	615
662	692
662	727
662	771
662	823
663	190
663	196
663	215
663	233
663	334
663	681
663	762
663	899
663	924
663	950
663	984
664	64
664	129
664	361
664	364
664	366
664	374
664	666
664	853
664	907
664	917
664	980
665	321
665	535
665	555
665	561
665	704
665	770
665	783
665	784
665	936
665	978
665	981
666	253
666	273
666	331
666	484
666	512
666	664
666	697
666	807
666	832
666	855
666	995
667	537
667	702
667	786
667	808
667	825
667	833
667	837
667	848
667	882
667	888
667	923
668	255
668	500
668	507
668	607
668	622
668	747
668	758
668	759
668	849
668	871
668	955
669	28
669	165
669	198
669	355
669	359
669	617
669	620
669	731
669	841
669	898
669	986
670	41
670	196
670	249
670	367
670	541
670	737
670	931
670	933
670	978
670	981
670	984
671	330
671	434
671	602
671	687
671	755
671	841
671	843
671	865
671	885
671	901
671	992
672	296
672	513
672	600
672	602
672	611
672	731
672	883
672	927
672	958
672	965
672	986
673	292
673	466
673	553
673	657
673	681
673	846
673	892
673	910
673	964
673	967
673	969
674	9
674	45
674	152
674	335
674	396
674	494
674	628
674	746
674	752
674	887
674	983
675	176
675	305
675	498
675	513
675	856
675	883
675	927
675	936
675	956
675	958
675	986
676	45
676	201
676	206
676	299
676	403
676	707
676	795
676	894
676	924
676	930
676	955
677	12
677	89
677	140
677	145
677	486
677	646
677	744
677	766
677	783
677	992
677	1000
678	211
678	268
678	332
678	601
678	608
678	757
678	766
678	783
678	965
678	971
678	991
679	159
679	414
679	472
679	735
679	768
679	852
679	870
679	880
679	905
679	919
679	935
680	99
680	154
680	423
680	706
680	806
680	868
680	874
680	923
680	924
680	937
680	985
681	104
681	366
681	553
681	663
681	673
681	796
681	854
681	862
681	891
681	892
681	899
682	236
682	501
682	554
682	621
682	755
682	773
682	840
682	907
682	932
682	934
682	973
683	34
683	48
683	104
683	148
683	162
683	272
683	314
683	684
683	694
683	845
683	959
684	48
684	148
684	162
684	272
684	340
684	683
684	694
684	780
684	798
684	959
684	977
685	257
685	314
685	319
685	387
685	391
685	419
685	502
685	532
685	549
685	703
685	856
686	47
686	460
686	546
686	694
686	725
686	757
686	808
686	817
686	828
686	924
686	941
687	437
687	488
687	643
687	671
687	840
687	871
687	880
687	907
687	934
687	970
687	973
688	37
688	134
688	328
688	431
688	496
688	619
688	624
688	639
688	743
688	772
688	779
689	172
689	363
689	378
689	389
689	627
689	734
689	858
689	866
689	911
689	918
689	921
690	166
690	407
690	593
690	601
690	744
690	752
690	802
690	903
690	979
690	983
690	996
691	491
691	492
691	600
691	796
691	831
691	867
691	881
691	930
691	949
691	963
691	965
692	127
692	146
692	380
692	442
692	483
692	503
692	588
692	615
692	662
692	771
692	999
693	16
693	336
693	359
693	457
693	526
693	539
693	582
693	607
693	704
693	860
693	893
694	162
694	422
694	638
694	683
694	684
694	686
694	814
694	897
694	906
694	954
694	959
695	63
695	75
695	237
695	398
695	458
695	660
695	776
695	826
695	859
695	890
695	960
696	280
696	420
696	544
696	620
696	642
696	645
696	722
696	886
696	923
696	954
696	991
697	253
697	308
697	331
697	376
697	399
697	613
697	633
697	666
697	786
697	790
697	902
698	231
698	537
698	539
698	606
698	654
698	786
698	825
698	860
698	882
698	973
698	999
699	126
699	288
699	294
699	344
699	403
699	405
699	474
699	498
699	594
699	764
699	812
699	892
700	10
700	191
700	224
700	277
700	438
700	495
700	505
700	875
700	893
700	936
700	948
700	965
701	271
701	309
701	358
701	523
701	545
701	643
701	706
701	750
701	820
701	821
701	850
701	930
702	121
702	465
702	478
702	552
702	647
702	667
702	751
702	802
702	825
702	899
702	940
702	999
703	113
703	288
703	685
703	721
703	753
703	895
703	909
703	937
703	941
703	967
703	981
703	990
704	16
704	279
704	501
704	526
704	582
704	665
704	693
704	835
704	879
704	922
704	978
704	1000
705	163
705	283
705	449
705	450
705	491
705	524
705	625
705	708
705	827
705	933
705	947
705	964
706	37
706	87
706	516
706	680
706	701
706	804
706	821
706	861
706	874
706	923
706	968
706	985
707	39
707	207
707	676
707	739
707	765
707	795
707	893
707	894
707	919
707	924
707	963
707	995
708	7
708	18
708	232
708	491
708	625
708	705
708	714
708	748
708	822
708	827
708	933
708	964
709	174
709	404
709	410
709	425
709	456
709	589
709	625
709	714
709	741
709	827
709	882
709	981
710	27
710	60
710	223
710	282
710	329
710	368
710	428
710	569
710	632
710	800
710	828
710	918
711	39
711	53
711	125
711	402
711	471
711	516
711	642
711	821
711	861
711	923
711	968
711	985
712	292
712	353
712	366
712	656
712	771
712	782
712	832
712	910
712	923
712	953
712	985
712	1000
713	229
713	291
713	296
713	823
713	841
713	865
713	884
713	885
713	908
713	992
713	994
713	998
714	7
714	112
714	163
714	283
714	367
714	402
714	441
714	708
714	709
714	827
714	964
714	976
715	348
715	436
715	550
715	632
715	635
715	649
715	776
715	800
715	926
715	952
715	981
715	997
716	342
716	399
716	544
716	578
716	845
716	847
716	858
716	897
716	957
716	966
716	985
716	989
717	404
717	437
717	539
717	631
717	776
717	810
717	872
717	926
717	937
717	940
717	985
717	999
718	74
718	384
718	519
718	578
718	787
718	807
718	822
718	836
718	887
718	890
718	955
718	969
719	68
719	166
719	343
719	396
719	439
719	494
719	552
719	752
719	802
719	887
719	979
719	996
720	61
720	225
720	306
720	467
720	527
720	548
720	559
720	778
720	801
720	920
720	932
720	969
721	262
721	574
721	703
721	804
721	895
721	909
721	927
721	941
721	958
721	971
721	975
721	986
722	20
722	256
722	336
722	374
722	378
722	385
722	493
722	653
722	696
722	730
722	864
722	956
723	91
723	120
723	442
723	556
723	774
723	793
723	805
723	858
723	875
723	921
723	977
723	995
724	114
724	167
724	176
724	255
724	269
724	428
724	534
724	568
724	572
724	644
724	787
724	947
725	104
725	261
725	340
725	359
725	421
725	468
725	686
725	787
725	789
725	851
725	906
725	965
726	101
726	471
726	592
726	658
726	797
726	830
726	857
726	890
726	914
726	959
726	960
726	978
727	13
727	88
727	122
727	237
727	377
727	381
727	506
727	624
727	639
727	662
727	910
727	953
728	247
728	361
728	745
728	755
728	767
728	778
728	832
728	846
728	872
728	883
728	917
728	984
729	436
729	602
729	653
729	753
729	895
729	897
729	916
729	941
729	957
729	976
729	988
729	990
730	212
730	341
730	435
730	446
730	527
730	596
730	722
730	754
730	867
730	943
730	949
730	997
731	305
731	381
731	525
731	624
731	626
731	669
731	672
731	804
731	898
731	958
731	971
731	986
732	37
732	80
732	204
732	328
732	375
732	431
732	451
732	455
732	580
732	772
732	867
732	872
733	78
733	351
733	440
733	492
733	557
733	582
733	819
733	871
733	893
733	907
733	932
733	963
734	8
734	174
734	186
734	363
734	389
734	499
734	627
734	689
734	823
734	878
734	907
734	911
734	918
735	71
735	75
735	282
735	448
735	590
735	679
735	749
735	768
735	822
735	870
735	905
735	912
735	935
736	266
736	309
736	333
736	387
736	560
736	606
736	609
736	756
736	797
736	837
736	852
736	856
736	931
737	139
737	231
737	445
737	555
737	589
737	613
737	670
737	769
737	880
737	922
737	944
737	959
737	981
738	3
738	158
738	412
738	608
738	746
738	782
738	792
738	838
738	886
738	954
738	958
738	972
738	991
739	367
739	383
739	490
739	528
739	609
739	707
739	768
739	838
739	850
739	866
739	904
739	925
739	942
740	82
740	183
740	224
740	350
740	360
740	510
740	583
740	655
740	742
740	834
740	835
740	936
740	962
741	185
741	395
741	417
741	478
741	480
741	590
741	643
741	709
741	788
741	800
741	929
741	946
741	950
742	484
742	511
742	630
742	740
742	779
742	817
742	873
742	906
742	915
742	931
742	962
742	984
742	987
743	19
743	134
743	152
743	310
743	345
743	565
743	610
743	688
743	748
743	779
743	781
743	881
743	945
744	83
744	89
744	337
744	439
744	546
744	646
744	677
744	690
744	766
744	802
744	903
744	975
744	983
745	64
745	69
745	345
745	411
745	569
745	583
745	728
745	767
745	771
745	832
745	872
745	908
745	917
746	36
746	58
746	131
746	429
746	601
746	635
746	674
746	738
746	782
746	886
746	904
746	932
746	954
747	281
747	487
747	488
747	516
747	579
747	626
747	668
747	755
747	759
747	849
747	871
747	954
747	973
748	339
748	450
748	496
748	708
748	743
748	775
748	781
748	824
748	825
748	833
748	848
748	869
748	960
749	78
749	425
749	648
749	735
749	801
749	819
749	870
749	912
749	921
749	935
749	967
749	969
749	977
750	309
750	362
750	365
750	388
750	457
750	523
750	545
750	643
750	657
750	701
750	820
750	850
750	954
751	107
751	331
751	393
751	461
751	529
751	650
751	702
751	790
751	803
751	855
751	905
751	946
751	963
752	43
752	233
752	394
752	674
752	690
752	719
752	803
752	824
752	853
752	903
752	979
752	983
752	996
753	59
753	443
753	552
753	592
753	703
753	729
753	785
753	844
753	848
753	894
753	895
753	941
753	990
754	118
754	266
754	366
754	446
754	625
754	730
754	831
754	868
754	876
754	943
754	960
754	993
754	997
755	244
755	276
755	487
755	573
755	605
755	630
755	671
755	682
755	728
755	747
755	759
755	849
755	973
756	70
756	248
756	266
756	333
756	474
756	490
756	606
756	736
756	837
756	845
756	852
756	856
756	873
757	334
757	489
757	511
757	646
757	678
757	686
757	830
757	886
757	954
757	976
757	983
757	984
757	987
758	202
758	458
758	543
758	581
758	616
758	668
758	809
758	810
758	859
758	909
758	940
758	960
758	972
759	246
759	255
759	416
759	454
759	573
759	626
759	668
759	747
759	755
759	867
759	871
759	908
759	955
760	326
760	389
760	429
760	538
760	558
760	588
760	762
760	803
760	815
760	899
760	915
760	950
760	987
761	2
761	132
761	227
761	258
761	388
761	394
761	423
761	471
761	510
761	773
761	907
761	934
761	970
762	41
762	251
762	304
762	510
762	663
762	760
762	771
762	828
762	830
762	905
762	931
762	972
762	984
763	73
763	164
763	335
763	420
763	473
763	604
763	785
763	894
763	895
763	909
763	941
763	959
763	973
764	56
764	126
764	143
764	235
764	294
764	344
764	403
764	423
764	474
764	594
764	699
764	812
764	931
765	89
765	182
765	279
765	470
765	636
765	647
765	707
765	855
765	875
765	893
765	902
765	934
765	957
765	995
766	12
766	87
766	178
766	317
766	332
766	486
766	494
766	562
766	646
766	677
766	678
766	744
766	783
766	857
767	64
767	129
767	374
767	466
767	549
767	728
767	745
767	778
767	791
767	807
767	852
767	872
767	892
767	894
768	283
768	342
768	411
768	424
768	679
768	735
768	739
768	860
768	880
768	912
768	935
768	942
768	946
768	983
769	64
769	145
769	219
769	300
769	352
769	410
769	456
769	523
769	613
769	614
769	737
769	801
769	944
769	981
770	197
770	392
770	665
770	790
770	835
770	878
770	924
770	936
770	945
770	972
770	975
770	978
770	993
770	1000
771	38
771	364
771	475
771	566
771	588
771	611
771	615
771	662
771	692
771	712
771	745
771	762
771	791
771	992
772	80
772	117
772	148
772	302
772	328
772	375
772	451
772	455
772	580
772	639
772	688
772	732
772	812
772	934
773	2
773	35
773	73
773	459
773	545
773	635
773	656
773	682
773	761
773	839
773	840
773	907
773	934
773	970
774	120
774	159
774	250
774	324
774	384
774	400
774	453
774	460
774	486
774	557
774	723
774	793
774	977
774	998
775	295
775	310
775	312
775	369
775	561
775	610
775	640
775	748
775	781
775	878
775	910
775	920
775	935
775	996
776	281
776	289
776	325
776	393
776	452
776	575
776	631
776	660
776	695
776	715
776	717
776	890
776	952
776	960
777	535
777	555
777	778
777	784
777	835
777	860
777	871
777	878
777	879
777	889
777	945
777	970
777	975
777	1000
778	64
778	179
778	484
778	512
778	553
778	566
778	569
778	657
778	720
778	728
778	767
778	777
778	910
778	951
779	19
779	310
779	435
779	440
779	610
779	688
779	742
779	743
779	781
779	826
779	853
779	884
779	912
779	980
780	67
780	305
780	381
780	468
780	576
780	600
780	684
780	881
780	892
780	930
780	958
780	965
780	974
780	986
781	4
781	19
781	41
781	134
781	152
781	184
781	310
781	312
781	496
781	610
781	743
781	748
781	775
781	779
782	119
782	195
782	225
782	355
782	608
782	712
782	738
782	746
782	838
782	874
782	904
782	938
782	954
782	991
783	44
783	140
783	235
783	317
783	340
783	509
783	570
783	665
783	677
783	678
783	766
783	892
783	975
783	1000
784	74
784	94
784	200
784	275
784	481
784	535
784	651
784	665
784	777
784	863
784	879
784	889
784	945
784	960
785	32
785	59
785	335
785	360
785	753
785	763
785	844
785	854
785	894
785	895
785	909
785	941
785	967
785	979
785	990
786	243
786	278
786	469
786	539
786	667
786	697
786	698
786	798
786	825
786	842
786	850
786	882
786	888
786	937
786	999
787	15
787	76
787	207
787	255
787	430
787	534
787	572
787	718
787	724
787	725
787	807
787	887
787	962
787	994
787	998
788	141
788	149
788	193
788	335
788	347
788	449
788	457
788	480
788	564
788	590
788	594
788	741
788	880
788	920
788	950
789	234
789	283
789	284
789	346
789	476
789	498
789	571
789	585
789	725
789	843
789	900
789	901
789	925
789	992
789	998
790	6
790	323
790	393
790	651
790	697
790	751
790	770
790	807
790	928
790	943
790	949
790	973
790	982
790	993
790	998
791	274
791	361
791	411
791	572
791	767
791	771
791	792
791	814
791	846
791	891
791	913
791	917
791	925
791	936
791	977
792	145
792	259
792	415
792	622
792	738
792	791
792	814
792	825
792	836
792	839
792	854
792	861
792	891
792	913
792	925
793	11
793	81
793	159
793	250
793	262
793	400
793	453
793	460
793	533
793	723
793	774
793	904
793	928
793	943
793	977
794	246
794	311
794	325
794	348
794	495
794	575
794	631
794	632
794	649
794	800
794	851
794	865
794	897
794	952
794	997
795	27
795	96
795	201
795	415
795	489
795	623
795	676
795	707
795	800
795	833
795	853
795	894
795	924
795	947
795	955
796	18
796	259
796	415
796	432
796	622
796	628
796	681
796	691
796	814
796	836
796	854
796	891
796	899
796	913
796	940
797	100
797	181
797	283
797	324
797	333
797	383
797	413
797	474
797	726
797	736
797	837
797	856
797	866
797	904
797	905
798	24
798	285
798	357
798	464
798	514
798	598
798	618
798	629
798	684
798	786
798	799
798	896
798	949
798	969
798	977
799	24
799	139
799	285
799	357
799	405
799	514
799	618
799	629
799	798
799	876
799	896
799	917
799	969
799	977
799	981
800	117
800	232
800	564
800	568
800	575
800	710
800	715
800	741
800	794
800	795
800	848
800	860
800	918
800	947
800	957
801	51
801	74
801	301
801	355
801	495
801	720
801	749
801	769
801	819
801	822
801	855
801	932
801	948
801	955
801	995
802	8
802	302
802	436
802	628
802	690
802	702
802	719
802	744
802	803
802	903
802	957
802	979
802	983
802	991
802	996
803	45
803	138
803	157
803	628
803	751
803	752
803	760
803	802
803	878
803	943
803	946
803	951
803	963
803	983
803	996
804	12
804	49
804	65
804	67
804	292
804	626
804	706
804	721
804	731
804	825
804	861
804	874
804	923
804	927
804	958
805	293
805	318
805	395
805	468
805	479
805	481
805	505
805	596
805	723
805	828
805	847
805	873
805	901
805	906
805	962
806	49
806	87
806	245
806	394
806	400
806	423
806	455
806	516
806	626
806	654
806	680
806	861
806	923
806	968
806	977
807	132
807	308
807	331
807	376
807	430
807	444
807	476
807	534
807	666
807	718
807	767
807	787
807	790
807	814
807	887
808	249
808	309
808	318
808	395
808	481
808	510
808	567
808	592
808	667
808	686
808	851
808	873
808	936
808	962
808	965
809	161
809	228
809	475
809	621
809	638
809	758
809	810
809	825
809	833
809	842
809	848
809	930
809	937
809	976
809	999
810	345
810	605
810	647
810	717
810	758
810	809
810	833
810	842
810	847
810	882
810	925
810	937
810	940
810	952
810	990
810	999
811	40
811	247
811	526
811	577
811	596
811	621
811	651
811	831
811	864
811	867
811	868
811	943
811	949
811	965
811	982
811	997
812	124
812	126
812	143
812	187
812	375
812	431
812	451
812	474
812	580
812	594
812	639
812	699
812	764
812	772
812	946
812	949
813	82
813	100
813	158
813	185
813	236
813	365
813	461
813	504
813	542
813	854
813	869
813	915
813	916
813	929
813	951
813	963
814	298
814	432
814	597
814	622
814	694
814	791
814	792
814	796
814	807
814	836
814	842
814	854
814	862
814	891
814	913
814	925
815	141
815	147
815	164
815	287
815	335
815	337
815	444
815	475
815	485
815	661
815	760
815	830
815	845
815	858
815	916
815	988
816	51
816	440
816	520
816	599
816	637
816	652
816	820
816	826
816	877
816	884
816	906
816	911
816	916
816	921
816	980
816	994
817	36
817	240
817	242
817	422
817	505
817	546
817	584
817	593
817	686
817	742
817	873
817	876
817	877
817	906
817	936
817	962
818	10
818	138
818	160
818	461
818	504
818	542
818	579
818	869
818	886
818	915
818	929
818	946
818	951
818	956
818	963
818	975
819	258
819	370
819	380
819	617
819	648
819	733
819	749
819	801
819	852
819	855
819	893
819	919
819	963
819	974
819	987
819	995
820	66
820	271
820	358
820	362
820	365
820	388
820	454
820	545
820	643
820	648
820	701
820	750
820	816
820	850
820	877
820	987
821	420
821	540
821	621
821	642
821	656
821	701
821	706
821	711
821	824
821	861
821	874
821	923
821	926
821	968
821	982
821	985
822	289
822	425
822	491
822	540
822	548
822	625
822	708
822	718
822	735
822	801
822	827
822	856
822	875
822	955
822	964
822	969
823	172
823	174
823	245
823	284
823	499
823	539
823	627
823	662
823	713
823	734
823	841
823	900
823	918
823	967
823	992
823	998
824	111
824	498
824	551
824	748
824	752
824	821
824	829
824	831
824	833
824	848
824	882
824	925
824	940
824	971
824	974
824	986
825	537
825	543
825	601
825	614
825	647
825	667
825	698
825	702
825	748
825	786
825	792
825	804
825	809
825	848
825	940
825	999
826	93
826	440
826	599
826	637
826	652
826	695
826	779
826	816
826	853
826	877
826	884
826	888
826	911
826	934
826	980
826	994
827	7
827	128
827	163
827	402
827	433
827	491
827	514
827	540
827	705
827	708
827	709
827	714
827	822
827	904
827	942
827	964
828	156
828	329
828	368
828	499
828	520
828	568
828	686
828	710
828	762
828	805
828	847
828	873
828	936
828	947
828	964
828	978
829	394
829	494
829	498
829	513
829	515
829	620
829	824
829	840
829	877
829	881
829	887
829	898
829	903
829	912
829	979
829	996
830	22
830	53
830	67
830	398
830	660
830	726
830	757
830	762
830	815
830	859
830	890
830	907
830	931
830	950
830	960
830	984
830	987
831	106
831	463
831	492
831	596
831	691
831	754
831	811
831	824
831	889
831	943
831	949
831	951
831	952
831	963
831	982
831	993
831	997
832	136
832	388
832	411
832	566
832	569
832	583
832	657
832	666
832	712
832	728
832	745
832	886
832	892
832	910
832	917
832	941
832	999
833	149
833	365
833	556
833	562
833	581
833	647
833	667
833	748
833	795
833	809
833	810
833	824
833	848
833	882
833	888
833	937
833	999
834	33
834	118
834	197
834	344
834	450
834	530
834	535
834	740
834	863
834	878
834	879
834	898
834	931
834	933
834	945
834	978
834	1000
835	183
835	321
835	379
835	530
835	535
835	704
835	740
835	770
835	777
835	841
835	878
835	898
835	910
835	975
835	984
835	994
835	1000
836	171
836	173
836	259
836	345
836	415
836	432
836	553
836	597
836	622
836	718
836	792
836	796
836	814
836	866
836	891
836	913
836	952
837	70
837	147
837	248
837	266
837	307
837	333
837	387
837	444
837	474
837	606
837	667
837	736
837	756
837	797
837	852
837	856
837	867
838	210
838	240
838	424
838	489
838	528
838	554
838	738
838	739
838	782
838	866
838	886
838	904
838	935
838	942
838	944
838	954
838	991
839	73
839	315
839	517
839	521
839	532
839	558
839	603
839	634
839	650
839	773
839	792
839	840
839	907
839	939
839	948
839	961
839	997
840	35
840	144
840	235
840	554
840	557
840	621
840	682
840	687
840	773
840	829
840	839
840	907
840	918
840	932
840	939
840	970
840	997
841	230
841	252
841	333
841	413
841	566
841	617
841	669
841	671
841	713
841	823
841	835
841	893
841	898
841	927
841	930
841	971
841	998
842	9
842	86
842	97
842	478
842	552
842	581
842	654
842	786
842	809
842	810
842	814
842	848
842	882
842	888
842	925
842	937
842	972
843	13
843	130
843	162
843	205
843	286
843	434
843	571
843	574
843	585
843	602
843	655
843	671
843	789
843	865
843	883
843	992
843	999
844	59
844	113
844	164
844	360
844	377
844	501
844	619
844	650
844	656
844	753
844	785
844	895
844	927
844	941
844	967
844	973
844	990
845	351
845	372
845	481
845	483
845	556
845	609
845	683
845	716
845	756
845	815
845	847
845	858
845	893
845	919
845	921
845	957
845	989
846	21
846	136
846	167
846	267
846	355
846	364
846	411
846	512
846	648
846	657
846	673
846	728
846	791
846	892
846	917
846	962
846	973
847	33
847	114
847	206
847	390
847	546
847	659
847	716
847	805
847	810
847	828
847	845
847	851
847	897
847	924
847	957
847	965
847	988
848	188
848	197
848	421
848	667
848	748
848	753
848	800
848	809
848	824
848	825
848	833
848	842
848	882
848	920
848	937
848	940
848	999
849	186
849	201
849	217
849	267
849	278
849	392
849	407
849	507
849	616
849	630
849	668
849	747
849	755
849	871
849	908
849	955
849	973
850	66
850	91
850	271
850	309
850	362
850	365
850	388
850	454
850	523
850	545
850	643
850	701
850	739
850	750
850	786
850	820
850	974
851	85
851	156
851	224
851	318
851	422
851	434
851	468
851	506
851	725
851	794
851	808
851	847
851	887
851	906
851	936
851	962
851	965
852	1
852	70
852	351
852	606
852	633
852	644
852	679
852	736
852	756
852	767
852	819
852	837
852	855
852	856
852	893
852	914
852	921
852	948
853	194
853	390
853	408
853	520
853	531
853	547
853	560
853	637
853	664
853	752
853	779
853	795
853	826
853	877
853	911
853	952
853	980
853	994
854	18
854	140
854	171
854	274
854	345
854	415
854	622
854	636
854	681
854	785
854	792
854	796
854	813
854	814
854	890
854	891
854	899
854	913
855	191
855	203
855	291
855	333
855	504
855	519
855	521
855	581
855	666
855	751
855	765
855	801
855	819
855	852
855	869
855	929
855	951
855	963
856	47
856	70
856	314
856	319
856	502
856	532
856	540
856	549
856	675
856	685
856	736
856	756
856	797
856	822
856	837
856	852
856	879
856	996
857	37
857	83
857	90
857	285
857	316
857	328
857	386
857	447
857	459
857	471
857	591
857	592
857	658
857	726
857	766
857	885
857	914
857	991
858	297
858	313
858	390
858	414
858	475
858	485
858	580
858	661
858	689
858	716
858	723
858	815
858	845
858	897
858	900
858	957
858	988
858	989
859	78
859	158
859	202
859	293
859	398
859	452
859	474
859	522
859	595
859	616
859	660
859	695
859	758
859	830
859	888
859	890
859	960
859	971
860	16
860	414
860	454
860	457
860	472
860	526
860	558
860	582
860	607
860	693
860	698
860	768
860	777
860	800
860	870
860	912
860	935
860	953
861	270
861	373
861	420
861	559
861	563
861	623
861	645
861	706
861	711
861	792
861	804
861	806
861	821
861	874
861	920
861	923
861	926
861	985
862	16
862	171
862	216
862	415
862	432
862	443
862	535
862	567
862	634
862	650
862	681
862	814
862	899
862	913
862	938
862	939
862	948
862	986
863	184
863	197
863	263
863	321
863	371
863	515
863	784
863	834
863	868
863	870
863	896
863	905
863	909
863	912
863	935
863	941
863	967
863	1000
864	20
864	34
864	48
864	155
864	175
864	187
864	226
864	256
864	327
864	336
864	358
864	385
864	525
864	587
864	653
864	722
864	811
864	956
865	95
865	198
865	234
865	291
865	346
865	434
865	624
865	655
865	671
865	713
865	794
865	843
865	883
865	901
865	937
865	949
865	974
865	992
866	100
866	227
866	342
866	349
866	379
866	407
866	434
866	518
866	527
866	528
866	586
866	689
866	739
866	797
866	836
866	838
866	923
866	942
867	108
867	116
867	123
867	270
867	298
867	356
867	427
867	655
867	691
867	730
867	732
867	759
867	811
867	837
867	943
867	949
867	993
867	997
868	3
868	7
868	68
868	106
868	208
868	298
868	577
868	680
868	754
868	811
868	863
868	871
868	876
868	896
868	943
868	982
868	993
868	997
869	10
869	125
869	236
869	321
869	417
869	461
869	542
869	577
869	748
869	813
869	818
869	855
869	920
869	929
869	946
869	951
869	962
869	963
870	71
870	213
870	216
870	218
870	414
870	472
870	515
870	679
870	735
870	749
870	860
870	863
870	880
870	886
870	892
870	905
870	912
870	935
870	967
871	109
871	276
871	487
871	573
871	574
871	579
871	626
871	630
871	668
871	687
871	733
871	747
871	759
871	777
871	849
871	868
871	908
871	955
871	961
872	185
872	192
872	214
872	267
872	325
872	411
872	479
872	564
872	575
872	661
872	717
872	728
872	732
872	745
872	767
872	917
872	926
872	952
872	993
873	92
873	156
873	224
873	318
873	413
873	510
873	546
873	550
873	584
873	638
873	642
873	742
873	756
873	805
873	808
873	817
873	828
873	924
873	965
874	154
874	286
874	373
874	382
874	424
874	467
874	504
874	533
874	642
874	680
874	706
874	782
874	804
874	821
874	861
874	920
874	926
874	968
874	985
875	182
875	209
875	234
875	371
875	409
875	483
875	556
875	636
875	700
875	723
875	765
875	822
875	885
875	902
875	919
875	921
875	948
875	974
875	995
876	157
876	195
876	427
876	463
876	492
876	577
876	754
876	799
876	817
876	868
876	928
876	929
876	939
876	943
876	949
876	982
876	989
876	993
876	997
877	51
877	161
877	408
877	487
877	520
877	531
877	597
877	652
877	816
877	817
877	820
877	826
877	829
877	853
877	884
877	909
877	911
877	980
877	994
878	235
878	392
878	449
878	450
878	529
878	547
878	555
878	734
878	770
878	775
878	777
878	803
878	834
878	835
878	970
878	972
878	975
878	978
878	1000
879	33
879	228
879	260
879	330
879	434
879	449
879	530
879	555
879	704
879	777
879	784
879	834
879	856
879	893
879	911
879	945
879	972
879	975
879	1000
880	269
880	347
880	371
880	457
880	480
880	564
880	590
880	679
880	687
880	737
880	768
880	788
880	870
880	882
880	895
880	935
880	950
880	967
880	975
881	14
881	38
881	100
881	107
881	225
881	498
881	513
881	641
881	691
881	743
881	780
881	829
881	883
881	894
881	906
881	958
881	965
881	971
881	974
882	478
882	552
882	654
882	667
882	698
882	709
882	786
882	810
882	824
882	833
882	842
882	848
882	880
882	888
882	896
882	937
882	959
882	976
882	999
883	413
883	462
883	482
883	626
883	672
883	675
883	728
883	843
883	865
883	881
883	895
883	896
883	900
883	908
883	930
883	965
883	971
883	986
883	998
884	68
884	96
884	440
884	520
884	531
884	547
884	599
884	601
884	637
884	652
884	713
884	779
884	816
884	826
884	877
884	911
884	947
884	980
884	994
885	155
885	178
885	438
885	441
885	459
885	482
885	574
885	602
885	624
885	671
885	713
885	857
885	875
885	900
885	901
885	923
885	942
885	992
885	998
886	36
886	58
886	355
886	518
886	538
886	562
886	635
886	696
886	738
886	746
886	757
886	818
886	832
886	838
886	870
886	904
886	954
886	976
886	991
887	15
887	28
887	88
887	152
887	534
887	572
887	674
887	718
887	719
887	787
887	807
887	829
887	851
887	903
887	934
887	951
887	956
887	979
887	983
887	996
888	223
888	243
888	288
888	443
888	537
888	543
888	621
888	667
888	786
888	826
888	833
888	842
888	859
888	882
888	889
888	925
888	940
888	976
888	998
888	999
889	6
889	275
889	302
889	354
889	370
889	450
889	529
889	777
889	784
889	831
889	888
889	898
889	918
889	919
889	945
889	948
889	972
889	975
889	978
889	1000
890	77
890	102
890	237
890	238
890	398
890	452
890	522
890	542
890	595
890	639
890	660
890	695
890	718
890	726
890	776
890	830
890	854
890	859
890	960
890	993
891	65
891	106
891	145
891	259
891	274
891	415
891	547
891	622
891	681
891	791
891	792
891	796
891	814
891	836
891	854
891	899
891	903
891	913
891	925
891	959
892	136
892	363
892	364
892	374
892	435
892	465
892	466
892	484
892	512
892	657
892	673
892	681
892	699
892	767
892	780
892	783
892	832
892	846
892	870
892	917
893	26
893	78
893	108
893	167
893	268
893	316
893	470
893	556
893	693
893	700
893	707
893	733
893	765
893	819
893	841
893	845
893	852
893	879
893	963
893	971
894	42
894	113
894	169
894	201
894	206
894	210
894	443
894	467
894	676
894	707
894	753
894	763
894	767
894	785
894	795
894	881
894	924
894	941
894	973
894	990
895	50
895	79
895	443
895	513
895	574
895	619
895	650
895	703
895	721
895	729
895	753
895	763
895	785
895	844
895	880
895	883
895	909
895	941
895	973
895	990
896	91
896	106
896	204
896	285
896	298
896	514
896	573
896	576
896	618
896	629
896	798
896	799
896	863
896	868
896	882
896	883
896	943
896	977
896	982
896	997
897	147
897	264
897	373
897	391
897	397
897	399
897	485
897	640
897	659
897	661
897	694
897	716
897	729
897	794
897	847
897	858
897	932
897	957
897	988
897	989
898	277
898	322
898	354
898	355
898	360
898	647
898	669
898	731
898	829
898	834
898	835
898	841
898	889
898	958
898	966
898	971
898	976
898	978
898	986
898	1000
899	218
899	251
899	274
899	589
899	663
899	681
899	702
899	760
899	796
899	854
899	862
899	891
899	913
899	925
899	931
899	950
899	972
899	984
899	987
899	992
899	997
900	12
900	153
900	234
900	250
900	292
900	391
900	475
900	525
900	585
900	789
900	823
900	858
900	883
900	885
900	901
900	942
900	957
900	966
900	988
900	989
900	992
901	122
901	130
901	178
901	284
901	290
901	322
901	448
901	462
901	562
901	571
901	652
901	671
901	789
901	805
901	865
901	885
901	900
901	908
901	960
901	988
901	998
902	4
902	165
902	182
902	188
902	209
902	297
902	351
902	470
902	483
902	556
902	648
902	697
902	765
902	875
902	913
902	919
902	948
902	953
902	968
902	974
902	995
903	43
903	166
903	192
903	338
903	382
903	396
903	436
903	494
903	628
903	637
903	690
903	744
903	752
903	802
903	829
903	887
903	891
903	932
903	979
903	983
903	996
904	210
904	252
904	342
904	412
904	518
904	563
904	601
904	645
904	739
904	746
904	782
904	793
904	797
904	827
904	838
904	886
904	929
904	942
904	954
904	956
904	991
905	17
905	75
905	213
905	215
905	282
905	371
905	453
905	454
905	472
905	497
905	612
905	679
905	735
905	751
905	762
905	797
905	863
905	870
905	912
905	935
905	967
906	92
906	156
906	242
906	244
906	421
906	458
906	468
906	510
906	546
906	584
906	694
906	725
906	742
906	805
906	816
906	817
906	851
906	881
906	913
906	962
906	991
907	31
907	72
907	421
907	517
907	554
907	656
907	664
907	682
907	687
907	733
907	734
907	761
907	773
907	830
907	839
907	840
907	932
907	934
907	939
907	970
907	971
908	124
908	178
908	191
908	194
908	308
908	437
908	462
908	476
908	500
908	616
908	618
908	713
908	745
908	759
908	849
908	871
908	883
908	901
908	955
908	992
908	998
909	54
909	79
909	93
909	113
909	303
909	546
909	604
909	619
909	703
909	721
909	758
909	763
909	785
909	863
909	877
909	895
909	941
909	967
909	969
909	973
909	990
910	49
910	88
910	114
910	207
910	377
910	408
910	426
910	466
910	566
910	569
910	608
910	644
910	673
910	712
910	727
910	775
910	778
910	832
910	835
910	917
910	953
911	363
911	377
911	378
911	499
911	627
911	637
911	689
911	734
911	816
911	826
911	853
911	877
911	879
911	884
911	918
911	925
911	928
911	980
911	986
911	987
911	994
912	17
912	213
912	282
912	419
912	454
912	472
912	497
912	515
912	735
912	749
912	768
912	779
912	829
912	860
912	863
912	870
912	905
912	935
912	967
912	976
912	992
913	18
913	151
913	173
913	380
913	432
913	597
913	611
913	622
913	791
913	792
913	796
913	814
913	836
913	854
913	862
913	891
913	899
913	902
913	906
913	925
913	931
914	43
914	44
914	83
914	90
914	133
914	149
914	194
914	226
914	316
914	384
914	386
914	447
914	459
914	471
914	592
914	623
914	658
914	726
914	852
914	857
914	969
915	101
915	189
915	236
915	251
915	304
915	334
915	417
915	511
915	542
915	742
915	760
915	813
915	818
915	929
915	946
915	951
915	956
915	966
915	967
915	972
915	987
916	66
916	82
916	141
916	203
916	352
916	438
916	475
916	485
916	519
916	525
916	729
916	813
916	815
916	816
916	929
916	946
916	951
916	957
916	963
916	965
916	966
916	976
917	11
917	21
917	142
917	179
917	223
917	361
917	366
917	488
917	503
917	512
917	664
917	728
917	745
917	791
917	799
917	832
917	846
917	872
917	892
917	910
917	932
917	994
918	8
918	41
918	220
918	222
918	223
918	241
918	258
918	378
918	499
918	533
918	551
918	631
918	689
918	710
918	734
918	800
918	823
918	840
918	889
918	911
918	947
918	964
919	32
919	165
919	191
919	268
919	342
919	380
919	507
919	578
919	609
919	648
919	659
919	679
919	707
919	819
919	845
919	875
919	889
919	902
919	921
919	948
919	974
919	995
920	53
920	99
920	289
920	299
920	424
920	467
920	509
920	548
920	593
920	617
920	654
920	720
920	775
920	788
920	848
920	861
920	869
920	874
920	923
920	955
920	968
920	969
921	26
921	29
921	32
921	191
921	209
921	351
921	470
921	537
921	545
921	556
921	689
921	723
921	749
921	816
921	845
921	852
921	875
921	919
921	963
921	966
921	981
921	995
922	96
922	153
922	155
922	219
922	352
922	385
922	401
922	445
922	533
922	544
922	589
922	598
922	613
922	614
922	704
922	737
922	944
922	959
922	971
922	972
922	981
922	988
923	53
923	353
923	467
923	497
923	516
923	605
923	622
923	667
923	680
923	696
923	706
923	711
923	712
923	804
923	806
923	821
923	861
923	866
923	885
923	920
923	952
923	968
924	42
924	98
924	190
924	201
924	206
924	233
924	240
924	242
924	318
924	403
924	663
924	676
924	680
924	686
924	707
924	770
924	795
924	847
924	873
924	894
924	936
924	962
925	80
925	339
925	432
925	597
925	739
925	789
925	791
925	792
925	810
925	814
925	824
925	842
925	888
925	891
925	899
925	911
925	913
925	937
925	940
925	966
925	970
925	976
926	39
926	105
926	182
926	373
926	382
926	479
926	495
926	550
926	596
926	617
926	631
926	642
926	715
926	717
926	821
926	861
926	872
926	874
926	953
926	964
926	968
926	985
927	38
927	128
927	305
927	399
927	413
927	508
927	562
927	576
927	620
927	641
927	672
927	675
927	721
927	804
927	841
927	844
927	930
927	958
927	970
927	971
927	986
927	987
928	40
928	123
928	142
928	261
928	289
928	297
928	400
928	427
928	451
928	509
928	548
928	565
928	578
928	593
928	790
928	793
928	876
928	911
928	950
928	955
928	993
928	997
929	10
929	76
929	138
929	160
929	185
929	203
929	504
929	653
929	661
929	741
929	813
929	818
929	855
929	869
929	876
929	904
929	915
929	916
929	946
929	951
929	959
929	963
929	972
930	14
930	67
930	202
930	291
930	381
930	498
930	508
930	522
930	600
930	617
930	641
930	676
930	691
930	701
930	780
930	809
930	841
930	883
930	927
930	965
930	971
930	974
930	986
931	22
931	46
931	215
931	274
931	304
931	372
931	389
931	541
931	558
931	670
931	736
931	742
931	762
931	764
931	830
931	834
931	899
931	913
931	950
931	972
931	984
931	987
931	994
932	25
932	35
932	84
932	301
932	400
932	509
932	559
932	584
932	609
932	632
932	682
932	720
932	733
932	746
932	801
932	840
932	897
932	903
932	907
932	917
932	934
932	955
932	970
933	7
933	59
933	81
933	128
933	137
933	230
933	276
933	402
933	524
933	527
933	540
933	589
933	625
933	670
933	705
933	708
933	834
933	938
933	944
933	958
933	959
933	964
933	981
934	72
934	73
934	199
934	397
934	492
934	501
934	517
934	554
934	557
934	584
934	632
934	682
934	687
934	761
934	765
934	772
934	773
934	826
934	887
934	907
934	932
934	970
934	995
935	75
935	213
935	282
935	414
935	472
935	497
935	659
935	679
935	735
935	749
935	768
935	775
935	838
935	860
935	863
935	870
935	880
935	905
935	912
935	951
935	955
935	967
935	992
936	85
936	233
936	242
936	293
936	359
936	395
936	421
936	505
936	584
936	602
936	665
936	675
936	700
936	740
936	770
936	791
936	808
936	817
936	828
936	851
936	924
936	961
936	962
937	44
937	135
937	221
937	264
937	354
937	469
937	478
937	489
937	621
937	647
937	680
937	703
937	717
937	786
937	809
937	810
937	833
937	842
937	848
937	865
937	882
937	925
937	976
938	62
938	216
938	265
938	266
938	405
938	418
938	445
938	456
938	477
938	517
938	521
938	543
938	605
938	613
938	650
938	782
938	862
938	933
938	944
938	948
938	961
938	981
938	991
939	86
939	109
939	186
939	216
939	220
939	270
939	324
939	418
939	433
939	477
939	490
939	521
939	634
939	650
939	839
939	840
939	862
939	876
939	907
939	948
939	961
939	971
939	995
940	52
940	97
940	121
940	288
940	353
940	365
940	430
940	465
940	469
940	470
940	606
940	702
940	717
940	758
940	796
940	810
940	824
940	825
940	848
940	888
940	925
940	955
940	999
941	30
941	54
941	253
941	288
941	303
941	604
941	619
941	686
941	703
941	721
941	729
941	753
941	763
941	785
941	832
941	844
941	863
941	894
941	895
941	909
941	945
941	957
941	973
941	990
942	24
942	62
942	98
942	227
942	342
942	349
942	367
942	383
942	424
942	480
942	563
942	570
942	583
942	599
942	609
942	645
942	739
942	768
942	827
942	838
942	866
942	885
942	900
942	904
943	65
943	103
943	208
943	396
943	463
943	511
943	541
943	577
943	730
943	754
943	790
943	793
943	803
943	811
943	831
943	867
943	868
943	876
943	896
943	949
943	952
943	982
943	993
943	997
944	55
944	145
944	286
944	313
944	320
944	352
944	401
944	456
944	469
944	539
944	543
944	544
944	598
944	605
944	613
944	649
944	737
944	769
944	838
944	922
944	933
944	938
944	959
944	981
945	6
945	169
945	183
945	184
945	272
945	350
945	370
945	384
945	392
945	434
945	440
945	449
945	743
945	770
945	777
945	784
945	834
945	879
945	889
945	941
945	967
945	972
945	978
945	1000
946	76
946	203
946	236
946	352
946	417
946	438
946	461
946	506
946	519
946	542
946	640
946	741
946	751
946	768
946	803
946	812
946	818
946	869
946	915
946	916
946	929
946	949
946	951
946	963
947	57
947	66
947	222
947	269
947	368
947	428
947	429
947	460
947	463
947	489
947	536
947	551
947	568
947	615
947	623
947	705
947	724
947	795
947	800
947	828
947	884
947	918
947	964
947	1000
948	26
948	220
948	303
948	320
948	351
948	433
948	492
948	521
948	567
948	611
948	700
948	801
948	839
948	852
948	862
948	875
948	889
948	902
948	919
948	938
948	939
948	950
948	961
948	978
949	248
949	291
949	298
949	356
949	427
949	433
949	556
949	636
949	691
949	730
949	790
949	798
949	811
949	812
949	831
949	865
949	867
949	876
949	943
949	946
949	952
949	982
949	993
949	997
950	193
950	244
950	276
950	306
950	335
950	347
950	372
950	457
950	538
950	564
950	590
950	637
950	663
950	741
950	760
950	788
950	830
950	880
950	899
950	928
950	931
950	948
950	953
950	987
951	20
951	45
951	82
951	138
951	160
951	185
951	236
951	438
951	542
951	778
951	803
951	813
951	818
951	831
951	855
951	869
951	887
951	915
951	916
951	929
951	935
951	946
951	963
951	988
952	25
952	116
952	123
952	246
952	348
952	550
952	558
952	575
952	596
952	651
952	715
952	776
952	794
952	810
952	831
952	836
952	853
952	872
952	923
952	943
952	949
952	953
952	991
952	997
953	88
953	232
953	237
953	337
953	353
953	377
953	409
953	479
953	495
953	506
953	550
953	595
953	612
953	624
953	644
953	712
953	727
953	860
953	902
953	910
953	926
953	950
953	952
953	994
954	58
954	210
954	243
954	245
954	280
954	412
954	473
954	489
954	518
954	601
954	694
954	696
954	738
954	746
954	747
954	750
954	757
954	782
954	838
954	886
954	904
954	976
954	991
954	994
954	1000
955	50
955	84
955	302
955	416
955	548
955	559
955	579
955	630
955	668
955	676
955	718
955	759
955	795
955	801
955	822
955	849
955	871
955	908
955	920
955	928
955	932
955	935
955	940
955	957
955	983
956	5
956	20
956	95
956	175
956	177
956	187
956	226
956	256
956	327
956	336
956	358
956	374
956	385
956	473
956	493
956	587
956	653
956	675
956	722
956	818
956	864
956	887
956	904
956	915
956	990
957	239
957	287
957	313
957	430
957	475
957	483
957	638
957	659
957	661
957	716
957	729
957	765
957	800
957	802
957	845
957	847
957	858
957	897
957	900
957	916
957	941
957	955
957	966
957	988
957	989
958	23
958	85
958	176
958	222
958	357
958	513
958	565
958	576
958	617
958	620
958	641
958	672
958	675
958	721
958	731
958	738
958	780
958	804
958	881
958	898
958	927
958	933
958	959
958	971
958	974
959	34
959	48
959	104
959	148
959	162
959	200
959	227
959	272
959	340
959	532
959	591
959	683
959	684
959	694
959	726
959	737
959	763
959	882
959	891
959	922
959	929
959	933
959	944
959	958
959	981
960	77
960	101
960	102
960	158
960	202
960	238
960	398
960	452
960	458
960	522
960	616
960	660
960	695
960	726
960	748
960	754
960	758
960	776
960	784
960	830
960	859
960	890
960	901
960	965
960	980
961	57
961	86
961	105
961	110
961	216
961	220
961	265
961	307
961	357
961	418
961	433
961	477
961	490
961	521
961	567
961	650
961	839
961	871
961	936
961	938
961	939
961	948
961	984
961	989
961	992
962	40
962	92
962	240
962	249
962	395
962	421
962	468
962	510
962	543
962	546
962	564
962	638
962	740
962	742
962	787
962	805
962	808
962	817
962	846
962	851
962	869
962	906
962	924
962	936
962	984
963	40
963	82
963	108
963	166
963	465
963	470
963	643
963	691
963	707
963	733
963	751
963	803
963	813
963	818
963	819
963	831
963	855
963	869
963	893
963	916
963	921
963	929
963	946
963	951
963	995
964	27
964	86
964	171
964	265
964	322
964	425
964	428
964	491
964	534
964	551
964	568
964	623
964	625
964	673
964	705
964	708
964	714
964	822
964	827
964	828
964	918
964	926
964	933
964	947
964	970
965	42
965	127
965	168
965	224
965	242
965	305
965	505
965	614
965	672
965	678
965	691
965	700
965	725
965	780
965	808
965	811
965	847
965	851
965	873
965	881
965	883
965	916
965	930
965	960
965	971
965	986
966	39
966	135
966	141
966	147
966	218
966	264
966	379
966	397
966	483
966	485
966	525
966	638
966	659
966	661
966	716
966	898
966	900
966	915
966	916
966	921
966	925
966	957
966	968
966	988
966	989
966	998
967	17
967	30
967	59
967	61
967	71
967	371
967	574
967	604
967	618
967	673
967	703
967	749
967	785
967	823
967	844
967	863
967	870
967	880
967	905
967	909
967	912
967	915
967	935
967	945
967	973
967	990
968	49
968	87
968	99
968	109
968	127
968	154
968	280
968	286
968	420
968	437
968	448
968	493
968	516
968	571
968	654
968	706
968	711
968	806
968	821
968	874
968	902
968	920
968	923
968	926
968	966
968	985
969	24
969	61
969	115
969	139
969	261
969	332
969	357
969	425
969	464
969	522
969	559
969	578
969	603
969	618
969	629
969	673
969	718
969	720
969	749
969	798
969	799
969	822
969	909
969	914
969	920
969	977
970	2
970	31
970	72
970	199
970	235
970	394
970	430
970	492
970	501
970	529
970	557
970	621
970	629
970	632
970	687
970	761
970	773
970	777
970	840
970	878
970	907
970	925
970	927
970	932
970	934
970	964
971	111
971	298
971	508
971	576
971	600
971	617
971	620
971	678
971	721
971	731
971	824
971	841
971	859
971	881
971	883
971	893
971	898
971	907
971	922
971	927
971	930
971	939
971	958
971	965
971	974
971	986
972	13
972	233
972	243
972	260
972	262
972	392
972	504
972	530
972	570
972	646
972	738
972	758
972	762
972	770
972	842
972	878
972	879
972	889
972	899
972	915
972	922
972	929
972	931
972	945
972	984
972	987
972	1000
973	50
973	79
973	124
973	129
973	254
973	443
973	463
973	536
973	573
973	579
973	630
973	682
973	687
973	698
973	747
973	755
973	763
973	790
973	844
973	846
973	849
973	894
973	895
973	909
973	941
973	967
973	990
974	65
974	108
974	181
974	470
974	507
974	551
974	576
974	611
974	614
974	620
974	632
974	636
974	648
974	657
974	780
974	819
974	824
974	850
974	865
974	875
974	881
974	902
974	919
974	930
974	958
974	971
974	995
975	103
975	116
975	183
975	235
975	275
975	302
975	321
975	370
975	395
975	407
975	481
975	530
975	535
975	555
975	721
975	744
975	770
975	777
975	783
975	818
975	835
975	878
975	879
975	880
975	889
975	978
975	1000
976	195
976	240
976	245
976	473
976	552
976	553
976	582
976	601
976	606
976	608
976	621
976	647
976	714
976	729
976	757
976	809
976	882
976	886
976	888
976	898
976	912
976	916
976	925
976	937
976	954
976	991
976	999
977	28
977	60
977	81
977	139
977	159
977	250
977	262
977	324
977	357
977	426
977	453
977	460
977	464
977	514
977	618
977	629
977	684
977	723
977	749
977	774
977	791
977	793
977	798
977	799
977	806
977	896
977	969
978	28
978	94
978	133
978	184
978	275
978	305
978	330
978	354
978	384
978	392
978	449
978	530
978	665
978	670
978	704
978	726
978	770
978	828
978	834
978	878
978	889
978	898
978	945
978	948
978	975
978	988
978	1000
979	9
979	22
979	43
979	166
979	187
979	260
979	281
979	286
979	302
979	307
979	323
979	388
979	439
979	494
979	497
979	521
979	628
979	690
979	719
979	752
979	785
979	802
979	829
979	887
979	903
979	983
979	996
980	51
980	135
980	161
980	230
980	277
980	310
980	390
980	408
980	482
980	520
980	531
980	547
980	597
980	599
980	637
980	652
980	664
980	779
980	816
980	826
980	853
980	877
980	884
980	911
980	960
980	982
980	994
981	38
981	153
981	155
981	296
981	320
981	352
981	404
981	410
981	445
981	532
981	548
981	591
981	605
981	665
981	670
981	703
981	709
981	715
981	737
981	769
981	799
981	921
981	922
981	933
981	938
981	944
981	959
982	3
982	106
982	118
982	157
982	213
982	291
982	356
982	360
982	427
982	484
982	499
982	559
982	577
982	596
982	636
982	651
982	790
982	811
982	821
982	831
982	868
982	876
982	896
982	943
982	949
982	980
982	993
982	997
983	9
983	43
983	143
983	187
983	281
983	286
983	382
983	396
983	436
983	439
983	590
983	595
983	628
983	674
983	690
983	744
983	752
983	757
983	768
983	802
983	803
983	887
983	903
983	955
983	979
983	986
983	995
983	996
984	190
984	196
984	243
984	262
984	334
984	338
984	356
984	372
984	406
984	445
984	511
984	538
984	558
984	663
984	670
984	728
984	742
984	757
984	762
984	830
984	835
984	899
984	931
984	961
984	962
984	972
984	987
984	1000
985	49
985	87
985	199
985	299
985	420
985	423
985	455
985	467
985	497
985	516
985	540
985	584
985	629
985	654
985	656
985	680
985	706
985	711
985	712
985	716
985	717
985	821
985	861
985	874
985	926
985	968
985	987
985	998
986	23
986	85
986	111
986	195
986	413
986	490
986	498
986	508
986	570
986	613
986	617
986	641
986	669
986	672
986	675
986	721
986	731
986	780
986	824
986	862
986	883
986	898
986	911
986	927
986	930
986	965
986	971
986	983
987	22
987	46
987	179
987	181
987	243
987	244
987	334
987	397
987	406
987	511
987	538
987	541
987	558
987	581
987	742
987	757
987	760
987	819
987	820
987	830
987	899
987	911
987	915
987	927
987	931
987	950
987	972
987	984
987	985
988	26
988	135
988	147
988	190
988	287
988	312
988	313
988	337
988	343
988	390
988	399
988	485
988	525
988	544
988	568
988	638
988	729
988	815
988	847
988	858
988	897
988	900
988	901
988	922
988	951
988	957
988	966
988	978
988	989
989	125
989	212
989	239
989	264
989	287
989	313
989	319
989	337
989	350
989	391
989	397
989	483
989	525
989	544
989	583
989	625
989	629
989	659
989	661
989	716
989	845
989	858
989	876
989	897
989	900
989	957
989	961
989	966
989	988
990	30
990	54
990	79
990	93
990	164
990	254
990	303
990	357
990	406
990	501
990	591
990	604
990	610
990	619
990	658
990	703
990	729
990	753
990	785
990	810
990	844
990	894
990	895
990	909
990	941
990	956
990	967
990	973
990	997
991	3
991	36
991	58
991	225
991	231
991	239
991	245
991	280
991	355
991	412
991	473
991	543
991	553
991	601
991	608
991	678
991	696
991	738
991	782
991	802
991	838
991	857
991	886
991	904
991	906
991	938
991	952
991	954
991	976
992	95
992	177
992	229
992	234
992	284
992	339
992	346
992	441
992	448
992	459
992	482
992	489
992	585
992	671
992	677
992	713
992	771
992	789
992	823
992	843
992	865
992	885
992	899
992	900
992	908
992	912
992	935
992	961
992	998
993	91
993	103
993	115
993	116
993	118
993	297
993	343
993	446
993	478
993	537
993	577
993	596
993	636
993	651
993	754
993	770
993	790
993	831
993	867
993	868
993	872
993	876
993	890
993	928
993	943
993	949
993	982
993	995
993	997
994	52
994	68
994	161
994	194
994	277
994	408
994	440
994	520
994	531
994	547
994	560
994	597
994	599
994	637
994	652
994	713
994	787
994	816
994	826
994	835
994	853
994	877
994	884
994	911
994	917
994	931
994	953
994	954
994	980
995	4
995	29
995	32
995	167
995	277
995	279
995	507
995	526
995	589
995	600
995	609
995	611
995	636
995	648
995	666
995	707
995	723
995	765
995	801
995	819
995	875
995	902
995	919
995	921
995	934
995	939
995	963
995	974
995	983
995	993
996	69
996	84
996	136
996	151
996	212
996	281
996	295
996	315
996	330
996	338
996	390
996	436
996	561
996	565
996	569
996	628
996	640
996	656
996	690
996	719
996	752
996	775
996	802
996	803
996	829
996	856
996	887
996	903
996	979
996	983
997	157
997	270
997	280
997	341
997	356
997	446
997	527
997	636
997	651
997	655
997	715
997	730
997	754
997	794
997	811
997	831
997	839
997	840
997	867
997	868
997	876
997	896
997	899
997	928
997	943
997	949
997	952
997	982
997	990
997	993
998	189
998	229
998	269
998	290
998	346
998	381
998	401
998	441
998	448
998	462
998	562
998	571
998	574
998	585
998	655
998	713
998	774
998	787
998	789
998	790
998	823
998	841
998	883
998	885
998	888
998	901
998	908
998	966
998	985
998	992
999	97
999	121
999	150
999	188
999	221
999	223
999	228
999	282
999	320
999	339
999	478
999	517
999	519
999	600
999	692
999	698
999	702
999	717
999	786
999	809
999	810
999	825
999	832
999	833
999	843
999	848
999	882
999	888
999	940
999	976
1000	6
1000	33
1000	161
1000	169
1000	192
1000	275
1000	321
1000	370
1000	450
1000	474
1000	677
1000	704
1000	712
1000	770
1000	777
1000	783
1000	834
1000	835
1000	863
1000	878
1000	879
1000	889
1000	898
1000	945
1000	947
1000	954
1000	972
1000	975
1000	978
1000	984
