1	82
1	759
1	781
1	945
1	994
2	210
2	511
2	681
2	792
2	962
3	397
3	784
3	860
3	946
3	992
4	437
4	640
4	672
4	780
4	846
5	714
5	719
5	864
5	973
6	430
6	518
6	535
6	642
6	983
7	598
7	750
7	790
7	936
7	973
8	366
8	651
8	788
8	957
8	986
9	577
9	605
9	762
9	903
9	974
10	647
10	675
10	857
10	908
10	913
11	670
11	900
11	965
11	968
11	993
12	603
12	808
12	917
12	943
12	996
13	379
13	495
13	721
13	856
13	984
14	484
14	600
14	700
14	846
14	872
15	112
15	202
15	962
15	988
15	1000
16	343
16	382
16	824
16	864
16	910
17	276
17	633
17	664
17	950
17	977
18	573
18	741
18	874
18	901
18	908
19	288
19	352
19	618
19	676
19	940
20	73
20	667
20	835
20	978
20	996
21	456
21	726
21	948
21	953
21	972
22	514
22	738
22	828
22	934
22	936
23	498
23	619
23	705
23	710
23	910
24	504
24	618
24	758
24	980
24	989
25	477
25	570
25	612
25	836
25	928
26	121
26	386
26	626
26	774
26	933
27	40
27	239
27	881
27	951
27	977
28	622
28	926
28	948
28	953
28	972
29	282
29	585
29	777
29	945
29	964
30	473
30	834
30	848
30	942
30	964
31	735
31	752
31	758
31	841
31	981
32	345
32	535
32	642
32	754
32	983
33	371
33	749
33	819
33	890
33	971
34	243
34	320
34	400
34	849
34	868
35	631
35	633
35	664
35	950
35	977
36	559
36	779
36	841
36	851
36	926
37	807
37	818
37	842
37	853
37	893
38	194
38	616
38	684
38	732
38	968
39	594
39	791
39	795
39	884
39	902
40	27
40	273
40	915
40	951
40	967
41	476
41	584
41	883
41	978
41	991
42	899
42	930
42	948
42	953
42	975
43	769
43	895
43	944
43	994
43	997
44	464
44	647
44	682
44	782
44	938
45	193
45	214
45	558
45	773
45	845
46	191
46	342
46	779
46	820
46	956
47	851
47	946
47	956
47	992
47	996
48	101
48	230
48	797
48	924
48	955
49	118
49	244
49	563
49	882
49	999
50	420
50	439
50	962
50	988
50	1000
51	454
51	700
51	815
51	822
51	942
52	745
52	864
52	910
52	951
52	980
53	458
53	808
53	889
53	922
53	943
54	218
54	636
54	723
54	846
54	975
55	352
55	415
55	625
55	698
55	877
56	285
56	535
56	673
56	813
56	965
57	94
57	353
57	389
57	772
57	867
58	82
58	781
58	871
58	893
58	945
59	103
59	660
59	758
59	811
59	927
60	168
60	750
60	763
60	965
60	993
61	344
61	659
61	833
61	888
61	908
62	567
62	572
62	619
62	930
62	965
63	146
63	248
63	569
63	645
63	691
64	138
64	720
64	796
64	916
64	979
65	74
65	409
65	956
65	970
65	990
66	321
66	416
66	498
66	567
66	619
67	460
67	771
67	821
67	854
67	870
68	542
68	592
68	854
68	918
68	998
69	558
69	657
69	837
69	867
69	943
70	542
70	560
70	706
70	924
70	975
71	156
71	650
71	911
71	978
71	985
72	409
72	545
72	794
72	956
72	981
73	20
73	601
73	810
73	906
73	978
74	65
74	717
74	742
74	900
74	991
75	202
75	859
75	937
75	976
75	990
76	236
76	738
76	934
76	935
76	936
77	308
77	344
77	560
77	743
77	901
78	611
78	919
78	951
78	952
78	974
79	739
79	883
79	962
79	969
79	1000
80	358
80	738
80	934
80	935
80	936
81	208
81	938
81	952
81	967
81	980
82	1
82	58
82	193
82	759
82	871
83	644
83	953
83	959
83	972
83	975
84	368
84	860
84	945
84	964
84	987
85	342
85	497
85	538
85	894
85	935
86	645
86	769
86	899
86	968
86	973
87	623
87	834
87	920
87	964
87	981
88	204
88	467
88	480
88	776
88	816
89	492
89	512
89	827
89	906
89	997
90	187
90	467
90	713
90	816
90	903
91	394
91	600
91	703
91	918
91	998
92	529
92	809
92	872
92	972
92	991
93	268
93	494
93	713
93	734
93	903
94	57
94	344
94	746
94	849
94	927
95	236
95	503
95	517
95	952
95	989
96	727
96	833
96	876
96	927
96	976
97	546
97	570
97	838
97	928
97	942
98	583
98	817
98	850
98	980
98	989
99	557
99	688
99	894
99	897
99	961
100	894
100	898
100	961
100	987
100	995
101	48
101	182
101	624
101	809
101	905
102	298
102	521
102	749
102	912
102	971
103	59
103	660
103	849
103	866
103	891
104	361
104	832
104	835
104	883
104	913
105	124
105	639
105	879
105	992
105	996
106	237
106	696
106	783
106	890
106	896
107	606
107	853
107	909
107	947
107	993
108	851
108	926
108	948
108	953
108	972
109	272
109	693
109	862
109	880
109	925
110	282
110	677
110	713
110	826
110	929
111	304
111	431
111	845
111	873
111	982
112	15
112	925
112	962
112	988
112	1000
113	281
113	311
113	618
113	793
113	839
114	674
114	762
114	787
114	823
114	918
115	382
115	824
115	864
115	910
115	933
116	800
116	951
116	952
116	980
116	989
117	360
117	833
117	927
117	944
117	945
118	49
118	665
118	747
118	938
118	951
119	184
119	704
119	859
119	970
119	976
120	346
120	709
120	790
120	941
120	970
121	26
121	731
121	759
121	774
121	814
122	785
122	831
122	914
122	948
122	960
123	713
123	716
123	865
123	942
123	975
124	105
124	649
124	726
124	788
124	986
125	276
125	645
125	687
125	826
125	929
126	474
126	591
126	759
126	781
126	871
127	366
127	534
127	565
127	663
127	694
128	462
128	641
128	798
128	921
128	977
129	265
129	342
129	525
129	625
129	698
130	368
130	790
130	936
130	937
130	976
131	407
131	419
131	576
131	581
131	870
132	790
132	937
132	976
132	980
132	990
133	140
133	741
133	770
133	796
133	979
134	962
134	969
134	977
134	988
134	1000
135	459
135	484
135	636
135	846
135	872
136	580
136	674
136	681
136	720
136	935
137	428
137	480
137	601
137	685
137	816
138	64
138	140
138	465
138	850
138	905
139	475
139	722
139	844
139	959
139	995
140	133
140	138
140	850
140	916
140	998
141	753
141	793
141	839
141	862
141	880
142	170
142	217
142	924
142	941
142	990
143	412
143	636
143	846
143	872
143	998
144	300
144	419
144	573
144	763
144	908
145	822
145	876
145	946
145	992
145	996
146	63
146	282
146	314
146	340
146	826
147	328
147	714
147	906
147	973
147	979
148	380
148	481
148	759
148	781
148	871
149	205
149	227
149	728
149	747
149	999
150	817
150	898
150	980
150	988
150	989
151	541
151	581
151	647
151	675
151	707
152	427
152	548
152	784
152	946
152	992
153	370
153	665
153	920
153	964
153	999
154	537
154	885
154	917
154	943
154	983
155	567
155	619
155	796
155	979
155	983
156	71
156	329
156	835
156	960
156	984
157	337
157	491
157	745
157	773
157	886
158	504
158	759
158	849
158	871
158	963
159	560
159	759
159	781
159	871
159	936
160	449
160	579
160	754
160	835
160	933
161	497
161	538
161	610
161	628
161	848
162	287
162	445
162	561
162	702
162	812
163	543
163	745
163	886
163	890
163	986
164	212
164	606
164	615
164	695
164	993
165	308
165	381
165	690
165	743
165	814
166	241
166	791
166	801
166	930
166	955
167	259
167	600
167	846
167	872
167	918
168	60
168	533
168	907
168	959
168	987
169	376
169	738
169	902
169	935
169	936
170	142
170	786
170	916
170	930
170	954
171	338
171	947
171	962
171	988
171	1000
172	203
172	254
172	750
172	763
172	870
173	709
173	835
173	861
173	911
173	978
174	279
174	684
174	692
174	717
174	901
175	483
175	923
175	953
175	975
175	1000
176	398
176	639
176	784
176	992
176	996
177	729
177	800
177	884
177	902
177	925
178	196
178	258
178	565
178	760
178	787
179	470
179	734
179	738
179	934
179	935
180	798
180	810
180	906
180	926
180	979
181	214
181	757
181	766
181	809
181	957
182	101
182	480
182	596
182	757
182	816
183	453
183	495
183	682
183	775
183	987
184	119
184	382
184	391
184	824
184	864
185	188
185	380
185	474
185	871
185	930
186	679
186	723
186	884
186	902
186	938
186	985
187	90
187	502
187	685
187	816
187	834
187	972
188	185
188	408
188	551
188	706
188	715
188	871
189	349
189	804
189	865
189	928
189	942
189	963
190	428
190	504
190	892
190	915
190	957
190	991
191	46
191	538
191	610
191	628
191	690
191	744
192	367
192	887
192	892
192	900
192	915
192	991
193	45
193	82
193	632
193	722
193	730
193	847
194	38
194	477
194	552
194	616
194	756
194	833
195	196
195	371
195	408
195	565
195	599
195	715
196	178
196	195
196	450
196	565
196	599
196	993
197	388
197	699
197	737
197	939
197	966
197	975
198	363
198	508
198	752
198	775
198	794
198	956
199	364
199	678
199	694
199	710
199	866
199	957
200	532
200	687
200	818
200	842
200	873
200	893
201	336
201	836
201	895
201	944
201	971
201	994
202	15
202	75
202	483
202	852
202	988
202	1000
203	172
203	824
203	874
203	908
203	915
203	991
204	88
204	478
204	565
204	715
204	807
204	816
205	149
205	533
205	788
205	961
205	986
205	995
206	429
206	495
206	921
206	938
206	952
206	967
207	294
207	410
207	582
207	594
207	801
207	955
208	81
208	687
208	812
208	853
208	931
208	993
209	312
209	334
209	751
209	892
209	900
209	915
210	2
210	402
210	511
210	580
210	792
210	987
211	422
211	443
211	602
211	769
211	787
211	998
212	164
212	786
212	834
212	860
212	863
212	964
213	240
213	396
213	799
213	892
213	987
213	991
214	45
214	181
214	328
214	353
214	378
214	389
215	726
215	783
215	788
215	859
215	941
215	986
216	693
216	768
216	793
216	839
216	862
216	880
217	142
217	225
217	668
217	740
217	872
217	972
218	54
218	259
218	412
218	600
218	846
218	851
219	516
219	629
219	841
219	866
219	914
219	956
220	673
220	787
220	813
220	913
220	918
220	998
221	635
221	650
221	704
221	937
221	970
221	976
222	356
222	562
222	716
222	765
222	958
222	984
223	358
223	551
223	666
223	784
223	881
223	946
224	274
224	323
224	450
224	599
224	715
224	971
225	217
225	291
225	319
225	668
225	872
225	972
226	554
226	848
226	860
226	871
226	923
226	999
227	149
227	760
227	834
227	854
227	890
227	920
228	544
228	811
228	866
228	887
228	910
228	963
229	506
229	803
229	836
229	891
229	912
229	971
230	48
230	276
230	406
230	561
230	591
230	888
231	639
231	822
231	879
231	914
231	946
231	992
232	486
232	564
232	757
232	778
232	820
232	979
233	263
233	630
233	750
233	874
233	908
233	929
234	503
234	611
234	648
234	789
234	906
234	919
235	259
235	405
235	913
235	976
235	984
235	990
236	76
236	95
236	789
236	898
236	904
236	959
237	106
237	559
237	598
237	845
237	956
237	974
238	570
238	804
238	854
238	865
238	900
238	942
239	27
239	374
239	453
239	495
239	610
239	775
240	213
240	806
240	825
240	887
240	915
240	991
241	166
241	582
241	791
241	801
241	846
241	955
242	283
242	518
242	749
242	803
242	891
242	912
243	34
243	718
243	756
243	868
243	876
243	968
244	49
244	507
244	562
244	821
244	829
244	847
245	633
245	664
245	718
245	755
245	950
245	977
246	435
246	560
246	768
246	863
246	924
246	949
247	786
247	809
247	816
247	820
247	954
247	957
248	63
248	557
248	602
248	826
248	929
248	973
249	486
249	539
249	578
249	656
249	705
249	914
250	531
250	630
250	677
250	899
250	929
250	977
251	275
251	383
251	595
251	850
251	858
251	878
252	739
252	852
252	962
252	965
252	988
252	1000
253	623
253	686
253	763
253	834
253	994
253	999
254	172
254	384
254	573
254	763
254	847
254	908
255	722
255	801
255	849
255	930
255	955
255	963
256	269
256	812
256	869
256	931
256	941
256	970
257	547
257	747
257	796
257	850
257	905
257	979
258	178
258	526
258	807
258	873
258	882
258	893
259	167
259	218
259	235
259	600
259	636
259	846
260	395
260	536
260	586
260	812
260	881
260	981
261	319
261	511
261	580
261	646
261	875
261	981
262	401
262	419
262	541
262	647
262	771
262	864
263	233
263	665
263	827
263	834
263	860
263	906
264	304
264	389
264	558
264	621
264	771
264	982
265	129
265	525
265	622
265	676
265	698
265	891
266	700
266	804
266	838
266	865
266	922
266	942
267	621
267	852
267	962
267	981
267	988
267	1000
268	93
268	400
268	451
268	571
268	914
268	974
269	256
269	635
269	790
269	806
269	937
269	990
270	363
270	507
270	597
270	623
270	829
270	999
271	540
271	805
271	808
271	889
271	917
271	983
272	109
272	378
272	772
272	837
272	982
272	986
273	40
273	919
273	966
273	969
273	977
273	989
274	224
274	323
274	408
274	599
274	706
274	888
275	251
275	317
275	869
275	878
275	895
275	997
276	17
276	125
276	230
276	875
276	981
276	994
277	280
277	497
277	628
277	629
277	683
277	744
278	832
278	919
278	951
278	952
278	967
278	980
279	174
279	332
279	610
279	681
279	682
279	775
280	277
280	440
280	672
280	780
280	805
280	865
281	113
281	587
281	876
281	884
281	888
281	963
282	29
282	110
282	146
282	598
282	899
282	944
283	242
283	749
283	769
283	836
283	912
283	971
284	394
284	651
284	663
284	700
284	760
284	990
285	56
285	831
285	899
285	931
285	960
285	965
286	341
286	461
286	662
286	878
286	994
286	997
287	162
287	448
287	509
287	561
287	702
287	719
288	19
288	714
288	719
288	940
288	973
288	992
289	402
289	516
289	701
289	844
289	909
289	993
290	662
290	753
290	839
290	862
290	880
290	925
291	225
291	529
291	665
291	668
291	809
291	972
292	631
292	664
292	943
292	950
292	959
292	987
293	393
293	602
293	720
293	760
293	968
293	998
294	207
294	401
294	686
294	707
294	821
294	870
295	360
295	419
295	874
295	901
295	908
295	970
296	671
296	728
296	886
296	932
296	940
296	986
297	553
297	582
297	714
297	887
297	973
297	991
298	102
298	463
298	504
298	632
298	845
298	923
299	387
299	449
299	589
299	911
299	953
299	996
300	144
300	360
300	384
300	856
300	874
300	908
301	346
301	385
301	523
301	589
301	868
301	876
302	835
302	856
302	911
302	978
302	984
302	996
303	376
303	729
303	800
303	884
303	902
303	985
304	111
304	264
304	354
304	730
304	961
304	987
305	357
305	717
305	731
305	813
305	901
305	980
306	572
306	609
306	909
306	947
306	960
306	993
307	586
307	614
307	666
307	879
307	946
307	992
308	77
308	165
308	399
308	413
308	629
308	933
309	339
309	712
309	756
309	852
309	888
309	962
310	752
310	765
310	779
310	794
310	956
310	981
311	113
311	346
311	523
311	849
311	898
311	927
312	209
312	767
312	799
312	892
312	915
312	991
313	604
313	691
313	861
313	899
313	929
313	973
314	146
314	454
314	589
314	645
314	899
314	929
315	659
315	721
315	792
315	849
315	857
315	984
316	320
316	785
316	941
316	944
316	976
316	990
317	275
317	623
317	687
317	773
317	878
317	994
318	672
318	685
318	845
318	982
318	986
318	989
319	225
319	261
319	485
319	792
319	935
319	963
320	34
320	316
320	344
320	899
320	929
320	955
321	66
321	416
321	496
321	498
321	567
321	619
322	447
322	541
322	844
322	931
322	947
322	965
323	224
323	274
323	408
323	565
323	599
323	715
324	390
324	673
324	692
324	717
324	784
324	813
325	424
325	475
325	667
325	754
325	830
325	984
326	461
326	477
326	552
326	616
326	689
326	724
327	531
327	557
327	826
327	929
327	954
327	973
328	147
328	214
328	730
328	867
328	921
328	982
329	156
329	832
329	911
329	913
329	958
329	978
330	425
330	857
330	913
330	952
330	984
330	989
331	437
331	440
331	626
331	640
331	683
331	780
332	279
332	453
332	502
332	684
332	727
332	775
333	337
333	524
333	573
333	874
333	901
333	908
334	209
334	371
334	859
334	941
334	970
334	990
335	545
335	752
335	841
335	886
335	932
335	940
336	201
336	800
336	902
336	951
336	980
336	989
337	157
337	333
337	426
337	750
337	896
337	940
337	949
338	171
338	372
338	717
338	739
338	962
338	988
338	1000
339	309
339	586
339	614
339	639
339	879
339	946
339	992
340	146
340	539
340	710
340	764
340	962
340	988
340	1000
341	286
341	502
341	686
341	869
341	878
341	994
341	997
342	46
342	85
342	129
342	538
342	628
342	744
342	815
343	16
343	382
343	391
343	824
343	853
343	864
343	910
344	61
344	77
344	94
344	320
344	377
344	814
344	933
345	32
345	745
345	828
345	886
345	940
345	983
345	997
346	120
346	301
346	311
346	387
346	833
346	868
346	963
347	612
347	674
347	696
347	749
347	912
347	918
347	998
348	543
348	745
348	869
348	886
348	896
348	932
348	940
349	189
349	432
349	587
349	804
349	922
349	928
349	942
350	399
350	453
350	761
350	778
350	855
350	924
350	954
351	466
351	582
351	594
351	791
351	801
351	856
351	930
352	19
352	55
352	525
352	622
352	625
352	671
352	978
353	57
353	214
353	372
353	722
353	820
353	844
353	982
354	304
354	546
354	707
354	804
354	821
354	865
354	870
355	418
355	795
355	904
355	907
355	966
355	987
355	995
356	222
356	456
356	620
356	926
356	948
356	953
356	972
357	305
357	574
357	770
357	814
357	823
357	885
357	943
358	80
358	223
358	544
358	825
358	900
358	915
358	992
359	392
359	507
359	708
359	848
359	920
359	923
359	999
360	117
360	295
360	300
360	633
360	826
360	874
360	973
361	104
361	434
361	721
361	832
361	958
361	978
361	984
362	572
362	658
362	670
362	838
362	947
362	965
362	993
363	198
363	270
363	395
363	507
363	600
363	846
363	872
364	199
364	461
364	552
364	616
364	679
364	884
364	939
365	649
365	807
365	842
365	843
365	873
365	882
365	893
366	8
366	127
366	421
366	602
366	651
366	694
366	922
367	192
367	806
367	825
367	892
367	900
367	943
367	991
368	84
368	130
368	394
368	575
368	725
368	964
368	998
369	742
369	839
369	862
369	878
369	880
369	890
369	994
370	153
370	502
370	563
370	728
370	834
370	898
370	920
371	33
371	195
371	334
371	549
371	709
371	970
371	994
372	338
372	353
372	431
372	657
372	696
372	845
372	982
373	653
373	665
373	728
373	827
373	906
373	995
373	997
374	239
374	425
374	502
374	684
374	775
374	817
374	921
375	513
375	585
375	724
375	725
375	747
375	945
375	964
376	169
376	303
376	581
376	729
376	800
376	884
376	902
377	344
377	436
377	645
377	815
377	899
377	929
377	973
378	214
378	272
378	556
378	558
378	730
378	837
378	845
379	13
379	613
379	813
379	862
379	880
379	911
379	978
380	148
380	185
380	481
380	781
380	871
380	945
380	976
381	165
381	710
381	714
381	719
381	903
381	973
381	974
382	16
382	115
382	184
382	343
382	391
382	757
382	910
383	251
383	424
383	782
383	796
383	905
383	959
383	995
384	254
384	300
384	494
384	750
384	763
384	874
384	901
385	301
385	513
385	585
385	724
385	725
385	762
385	964
386	26
386	534
386	573
386	651
386	814
386	880
386	933
387	299
387	346
387	652
387	660
387	811
387	876
387	963
388	197
388	740
388	835
388	883
388	913
388	984
388	985
389	57
389	214
389	264
389	626
389	672
389	780
389	900
390	324
390	417
390	472
390	490
390	692
390	717
390	813
391	184
391	343
391	382
391	608
391	824
391	864
391	910
392	359
392	426
392	563
392	665
392	712
392	829
392	920
393	293
393	404
393	575
393	681
393	760
393	843
393	998
394	91
394	284
394	368
394	443
394	732
394	918
394	920
395	260
395	363
395	554
395	654
395	764
395	860
395	994
396	213
396	709
396	751
396	806
396	892
396	900
396	991
397	3
397	614
397	784
397	832
397	879
397	992
397	996
398	176
398	427
398	526
398	879
398	946
398	992
398	996
399	308
399	350
399	528
399	743
399	805
399	916
399	999
400	34
400	268
400	539
400	713
400	764
400	887
400	914
401	262
401	294
401	576
401	592
401	782
401	799
401	821
402	210
402	289
402	511
402	580
402	602
402	788
402	986
403	885
403	889
403	915
403	917
403	943
403	978
403	983
404	393
404	652
404	777
404	919
404	951
404	989
404	998
405	235
405	407
405	522
405	858
405	936
405	937
405	990
406	230
406	697
406	766
406	797
406	888
406	949
406	954
407	131
407	405
407	858
407	859
407	941
407	976
407	990
408	188
408	195
408	274
408	323
408	520
408	706
408	715
409	65
409	72
409	711
409	752
409	794
409	841
409	932
410	207
410	791
410	845
410	930
410	947
410	950
410	993
411	458
411	559
411	794
411	851
411	954
411	956
411	981
412	143
412	218
412	484
412	600
412	636
412	831
412	846
413	308
413	475
413	690
413	779
413	841
413	851
413	933
414	596
414	701
414	844
414	947
414	960
414	992
414	993
415	55
415	525
415	622
415	625
415	671
415	698
415	820
416	66
416	321
416	498
416	566
416	567
416	619
416	673
417	390
417	429
417	529
417	668
417	740
417	809
417	972
418	355
418	424
418	680
418	959
418	987
418	995
418	1000
419	131
419	144
419	262
419	295
419	821
419	874
419	1000
420	50
420	506
420	749
420	803
420	891
420	912
420	971
421	366
421	434
421	496
421	515
421	663
421	707
421	938
422	211
422	818
422	842
422	843
422	873
422	882
422	893
423	502
423	848
423	852
423	889
423	988
423	999
423	1000
424	325
424	383
424	418
424	574
424	792
424	830
424	995
425	330
425	374
425	442
425	690
425	774
425	798
425	906
426	337
426	392
426	680
426	747
426	829
426	874
426	908
427	152
427	398
427	869
427	946
427	954
427	981
427	994
428	137
428	190
428	467
428	816
428	830
428	924
428	949
429	206
429	417
429	529
429	668
429	740
429	872
429	972
430	6
430	535
430	642
430	697
430	758
430	828
430	983
431	111
431	372
431	696
431	730
431	772
431	783
431	997
432	349
432	776
432	798
432	854
432	865
432	928
432	942
433	518
433	836
433	857
433	858
433	912
433	941
433	976
434	361
434	421
434	534
434	651
434	663
434	694
434	706
435	246
435	557
435	560
435	624
435	809
435	905
435	949
436	377
436	569
436	691
436	859
436	899
436	929
436	944
437	4
437	331
437	626
437	672
437	683
437	780
437	932
438	802
438	810
438	827
438	874
438	907
438	979
438	987
439	50
439	568
439	605
439	662
439	716
439	988
439	1000
440	280
440	331
440	478
440	626
440	640
440	727
440	780
441	553
441	564
441	763
441	892
441	901
441	908
441	991
442	425
442	549
442	579
442	731
442	805
442	901
442	933
443	211
443	394
443	575
443	674
443	736
443	741
443	853
444	456
444	681
444	926
444	930
444	948
444	953
444	971
445	162
445	561
445	751
445	839
445	861
445	862
445	867
446	649
446	677
446	726
446	788
446	852
446	986
447	322
447	831
447	838
447	862
447	960
447	965
447	993
448	287
448	509
448	561
448	744
448	848
448	861
448	935
449	160
449	299
449	756
449	835
449	911
449	984
449	996
450	196
450	224
450	555
450	565
450	599
450	706
450	715
451	268
451	455
451	588
451	802
451	818
451	882
451	974
452	723
452	729
452	800
452	884
452	901
452	902
452	939
452	985
453	183
453	239
453	332
453	350
453	775
453	798
453	817
453	921
454	51
454	314
454	515
454	563
454	691
454	885
454	917
454	943
455	451
455	526
455	532
455	843
455	853
455	882
455	888
455	893
456	21
456	356
456	444
456	607
456	627
456	824
456	926
456	969
457	529
457	605
457	739
457	852
457	925
457	969
457	988
457	1000
458	53
458	411
458	509
458	561
458	617
458	851
458	861
458	956
459	135
459	609
459	631
459	641
459	670
459	831
459	931
459	977
460	67
460	466
460	592
460	675
460	714
460	719
460	883
460	973
461	286
461	326
461	364
461	477
461	552
461	616
461	689
461	756
462	128
462	869
462	878
462	890
462	896
462	931
462	958
462	994
463	298
463	597
463	607
463	730
463	772
463	773
463	837
463	847
464	44
464	466
464	604
464	606
464	821
464	870
464	983
464	993
465	138
465	734
465	951
465	952
465	966
465	967
465	980
465	989
466	351
466	460
466	464
466	695
466	791
466	930
466	947
466	950
467	88
467	90
467	428
467	469
467	480
467	776
467	816
467	834
468	482
468	488
468	492
468	542
468	810
468	827
468	906
468	997
469	467
469	472
469	480
469	623
469	673
469	776
469	813
469	816
470	179
470	514
470	714
470	738
470	828
470	934
470	935
470	936
471	489
471	606
471	644
471	689
471	840
471	926
471	953
471	965
472	390
472	469
472	490
472	673
472	692
472	717
472	813
472	871
473	30
473	562
473	665
473	848
473	920
473	923
473	945
473	999
474	126
474	185
474	475
474	481
474	802
474	897
474	940
474	945
475	139
475	325
475	413
475	474
475	877
475	904
475	907
475	961
476	41
476	482
476	512
476	810
476	906
476	956
476	979
476	997
477	25
477	194
477	326
477	461
477	552
477	616
477	689
477	756
478	204
478	440
478	580
478	743
478	774
478	776
478	816
478	933
479	685
479	777
479	837
479	845
479	867
479	931
479	932
479	982
480	88
480	137
480	182
480	467
480	469
480	654
480	685
480	816
481	148
481	380
481	474
481	759
481	781
481	839
481	871
481	945
482	468
482	476
482	653
482	810
482	827
482	906
482	979
482	997
483	175
483	202
483	568
483	714
483	852
483	969
483	988
483	1000
484	14
484	135
484	412
484	500
484	600
484	636
484	846
484	872
485	319
485	670
485	767
485	858
485	927
485	937
485	970
485	990
486	232
486	249
486	624
486	757
486	768
486	778
486	786
486	916
487	621
487	638
487	818
487	858
487	937
487	970
487	976
487	990
488	468
488	492
488	810
488	827
488	896
488	906
488	979
488	997
489	471
489	620
489	644
489	763
489	840
489	926
489	930
489	971
490	390
490	472
490	673
490	689
490	692
490	717
490	733
490	813
491	157
491	850
491	886
491	896
491	932
491	940
491	945
491	986
492	89
492	468
492	488
492	512
492	810
492	881
492	906
492	997
493	566
493	745
493	842
493	873
493	882
493	893
493	940
493	986
494	93
494	384
494	510
494	678
494	776
494	928
494	942
494	974
495	13
495	183
495	206
495	239
495	499
495	705
495	958
495	978
496	321
496	421
496	679
496	707
496	782
496	884
496	938
496	939
497	85
497	161
497	277
497	666
497	704
497	744
497	815
497	966
498	23
498	66
498	321
498	416
498	566
498	567
498	619
498	801
499	495
499	721
499	857
499	875
499	913
499	978
499	984
499	985
500	484
500	708
500	716
500	785
500	922
500	928
500	942
500	974
501	522
501	524
501	699
501	737
501	886
501	939
501	966
501	975
502	187
502	332
502	341
502	370
502	374
502	423
502	634
502	921
503	95
503	234
503	584
503	650
503	795
503	961
503	967
503	989
504	24
504	158
504	190
504	298
504	722
504	891
504	932
504	982
505	583
505	714
505	719
505	854
505	864
505	952
505	967
505	973
506	229
506	420
506	657
506	790
506	859
506	912
506	970
506	976
507	244
507	270
507	359
507	363
507	829
507	860
507	892
507	964
508	198
508	682
508	684
508	749
508	775
508	798
508	817
508	836
509	287
509	448
509	458
509	561
509	617
509	702
509	861
509	970
510	494
510	588
510	657
510	895
510	896
510	914
510	974
510	981
511	2
511	210
511	261
511	402
511	580
511	681
511	792
511	959
512	89
512	476
512	492
512	793
512	810
512	827
512	906
512	979
513	375
513	385
513	652
513	724
513	725
513	762
513	777
513	960
514	22
514	470
514	738
514	828
514	934
514	935
514	936
514	937
515	421
515	454
515	516
515	630
515	661
515	831
515	899
515	993
516	219
516	289
516	515
516	844
516	947
516	960
516	965
516	993
517	95
517	590
517	817
517	918
517	938
517	967
517	969
517	989
518	6
518	242
518	433
518	612
518	803
518	822
518	836
518	912
519	550
519	757
519	766
519	778
519	855
519	916
519	929
519	954
520	408
520	572
520	609
520	701
520	748
520	877
520	894
520	999
521	102
521	539
521	770
521	802
521	803
521	836
521	912
521	971
522	405
522	501
522	524
522	699
522	737
522	939
522	966
522	975
523	301
523	311
523	660
523	761
523	849
523	868
523	876
523	888
524	333
524	501
524	522
524	699
524	737
524	939
524	966
524	975
525	129
525	265
525	352
525	415
525	618
525	698
525	768
525	827
526	258
526	398
526	455
526	818
526	842
526	843
526	873
526	882
527	704
527	858
527	859
527	881
527	936
527	937
527	941
527	976
528	399
528	601
528	608
528	757
528	766
528	855
528	888
528	949
529	92
529	291
529	417
529	429
529	457
529	809
529	872
529	972
530	643
530	702
530	715
530	732
530	884
530	902
530	985
530	998
531	250
531	327
531	620
531	645
531	661
531	677
531	826
531	929
531	977
532	200
532	455
532	750
532	763
532	842
532	874
532	887
532	893
532	908
533	168
533	205
533	667
533	828
533	897
533	898
533	904
533	907
533	987
534	127
534	386
534	434
534	542
534	547
534	652
534	663
534	694
534	957
535	6
535	32
535	56
535	430
535	642
535	697
535	758
535	828
535	983
536	260
536	577
536	741
536	787
536	823
536	854
536	968
536	985
536	998
537	154
537	540
537	885
537	889
537	914
537	917
537	922
537	934
537	943
538	85
538	161
538	191
538	342
538	548
538	575
538	610
538	628
538	744
539	249
539	340
539	400
539	521
539	713
539	764
539	794
539	903
539	974
540	271
540	537
540	655
540	693
540	885
540	889
540	917
540	943
540	985
541	151
541	262
541	322
541	581
541	592
541	634
541	675
541	771
541	782
542	68
542	70
542	468
542	534
542	602
542	651
542	663
542	694
542	957
543	163
543	348
543	697
543	850
543	886
543	901
543	934
543	940
543	986
544	228
544	358
544	632
544	753
544	793
544	839
544	862
544	867
544	880
545	72
545	335
545	735
545	765
545	779
545	794
545	851
545	921
545	956
546	97
546	354
546	700
546	804
546	815
546	865
546	928
546	942
546	951
547	257
547	534
547	651
547	694
547	796
547	831
547	850
547	957
547	979
548	152
548	538
548	619
548	666
548	744
548	879
548	935
548	946
548	992
549	371
549	442
549	773
549	869
549	875
549	890
549	895
549	994
549	997
550	519
550	685
550	761
550	768
550	786
550	820
550	924
550	949
550	954
551	188
551	223
551	584
551	637
551	797
551	806
551	879
551	900
551	992
552	194
552	326
552	364
552	461
552	477
552	616
552	689
552	756
552	928
553	297
553	441
553	746
553	804
553	825
553	845
553	892
553	900
553	991
554	226
554	395
554	653
554	701
554	747
554	847
554	860
554	861
554	999
555	450
555	667
555	830
555	894
555	897
555	959
555	961
555	987
555	995
556	378
556	601
556	627
556	742
556	840
556	930
556	948
556	953
556	999
557	99
557	248
557	327
557	435
557	630
557	691
557	897
557	904
557	995
558	45
558	69
558	264
558	378
558	621
558	845
558	921
558	923
558	954
559	36
559	237
559	411
559	711
559	735
559	841
559	851
559	981
559	988
560	70
560	77
560	159
560	246
560	435
560	781
560	871
560	924
560	945
561	162
561	230
561	287
561	445
561	448
561	458
561	509
561	617
561	861
562	222
562	244
562	473
562	728
562	849
562	857
562	913
562	920
562	984
563	49
563	370
563	392
563	454
563	665
563	728
563	829
563	874
563	999
564	232
564	441
564	766
564	786
564	855
564	863
564	905
564	949
564	957
565	127
565	178
565	195
565	196
565	204
565	323
565	450
565	599
565	715
566	416
566	493
566	498
566	567
566	595
566	597
566	619
566	916
566	979
567	62
567	66
567	155
567	321
567	416
567	498
567	566
567	619
567	989
568	439
568	483
568	605
568	739
568	852
568	925
568	961
568	988
568	1000
569	63
569	436
569	645
569	691
569	701
569	815
569	899
569	929
569	973
570	25
570	97
570	238
570	700
570	804
570	922
570	928
570	942
570	991
571	268
571	675
571	707
571	771
571	783
571	811
571	870
571	876
571	963
572	62
572	306
572	362
572	520
572	695
572	853
572	912
572	950
572	993
573	18
573	144
573	254
573	333
573	386
573	702
573	750
573	874
573	908
574	357
574	424
574	634
574	748
574	877
574	907
574	959
574	961
574	995
575	368
575	393
575	443
575	538
575	602
575	720
575	787
575	918
575	968
576	131
576	401
576	615
576	771
576	772
576	870
576	909
576	950
576	993
577	9
577	536
577	652
577	674
577	703
577	716
577	762
577	918
577	998
578	249
578	580
578	653
578	785
578	829
578	866
578	910
578	964
578	999
579	160
579	442
579	638
579	731
579	743
579	770
579	774
579	848
579	933
580	136
580	210
580	261
580	402
580	478
580	511
580	578
580	681
580	792
581	131
581	151
581	376
581	541
581	675
581	707
581	782
581	821
581	938
582	207
582	241
582	297
582	351
582	594
582	766
582	791
582	801
582	955
583	98
583	505
583	611
583	734
583	836
583	965
583	967
583	980
583	989
584	41
584	503
584	551
584	797
584	806
584	825
584	900
584	915
584	991
585	29
585	375
585	385
585	724
585	725
585	790
585	829
585	945
585	964
586	260
586	307
586	339
586	614
586	879
586	928
586	946
586	992
586	996
587	281
587	349
587	612
587	683
587	718
587	746
587	833
587	927
587	963
588	451
588	510
588	705
588	808
588	866
588	903
588	914
588	920
588	974
589	299
589	301
589	314
589	718
589	727
589	755
589	868
589	933
589	963
590	517
590	640
590	643
590	683
590	780
590	818
590	843
590	873
590	882
591	126
591	230
591	654
591	687
591	773
591	799
591	875
591	994
591	997
592	68
592	401
592	460
592	541
592	703
592	710
592	762
592	823
592	996
593	607
593	633
593	641
593	791
593	801
593	867
593	921
593	955
593	977
594	39
594	207
594	351
594	582
594	791
594	801
594	827
594	930
594	955
595	251
595	566
595	770
595	796
595	850
595	878
595	905
595	966
595	979
596	182
596	414
596	853
596	909
596	947
596	957
596	960
596	965
596	993
597	270
597	463
597	566
597	783
597	854
597	916
597	932
597	979
597	982
598	7
598	237
598	282
598	677
598	772
598	826
598	923
598	982
598	993
599	195
599	196
599	224
599	274
599	323
599	450
599	565
599	656
599	715
600	14
600	91
600	167
600	218
600	259
600	363
600	412
600	484
600	723
600	846
601	73
601	137
601	528
601	556
601	733
601	883
601	911
601	913
601	930
601	953
602	211
602	248
602	293
602	366
602	402
602	542
602	575
602	663
602	720
602	957
603	12
603	655
603	668
603	808
603	877
603	885
603	889
603	934
603	943
603	983
604	313
604	464
604	610
604	630
604	691
604	814
604	815
604	819
604	947
604	960
605	9
605	439
605	457
605	568
605	720
605	852
605	925
605	962
605	988
605	1000
606	107
606	164
606	464
606	471
606	838
606	844
606	909
606	960
606	968
606	993
607	456
607	463
607	593
607	733
607	789
607	791
607	801
607	840
607	926
607	955
608	391
608	528
608	624
608	768
608	863
608	885
608	889
608	917
608	924
608	934
609	306
609	459
609	520
609	632
609	831
609	844
609	909
609	947
609	960
609	965
610	161
610	191
610	239
610	279
610	538
610	604
610	684
610	744
610	798
610	935
611	78
611	234
611	583
611	673
611	907
611	951
611	952
611	967
611	980
611	989
612	25
612	347
612	518
612	587
612	758
612	767
612	836
612	912
612	913
612	963
613	379
613	693
613	753
613	793
613	819
613	839
613	862
613	867
613	880
613	925
614	307
614	339
614	397
614	586
614	639
614	879
614	914
614	946
614	992
614	996
615	164
615	576
615	701
615	728
615	838
615	909
615	950
615	960
615	968
615	971
616	38
616	194
616	326
616	364
616	461
616	477
616	552
616	689
616	727
616	756
617	458
617	509
617	561
617	649
617	702
617	726
617	788
617	861
617	906
617	986
618	19
618	24
618	113
618	525
618	622
618	698
618	710
618	713
618	785
618	866
619	23
619	62
619	66
619	155
619	321
619	416
619	498
619	548
619	566
619	567
620	356
620	489
620	531
620	644
620	708
620	840
620	948
620	953
620	971
620	972
621	264
621	267
621	487
621	558
621	688
621	739
621	847
621	867
621	962
621	988
622	28
622	265
622	352
622	415
622	618
622	625
622	671
622	676
622	698
622	870
623	87
623	253
623	270
623	317
623	469
623	646
623	860
623	920
623	923
623	999
624	101
624	435
624	486
624	608
624	628
624	761
624	820
624	888
624	905
624	994
625	55
625	129
625	352
625	415
625	622
625	671
625	676
625	698
625	811
625	890
626	26
626	331
626	389
626	437
626	440
626	640
626	683
626	727
626	780
626	805
627	456
627	556
627	658
627	742
627	785
627	824
627	840
627	926
627	948
627	975
628	161
628	191
628	277
628	342
628	538
628	624
628	661
628	666
628	802
628	935
629	219
629	277
629	308
629	705
629	713
629	764
629	785
629	866
629	903
629	974
630	233
630	250
630	515
630	557
630	604
630	658
630	826
630	899
630	973
630	978
631	35
631	292
631	459
631	633
631	641
631	664
631	755
631	866
631	950
631	977
632	193
632	298
632	544
632	609
632	693
632	795
632	837
632	839
632	880
632	982
633	17
633	35
633	245
633	360
633	593
633	631
633	664
633	755
633	950
633	977
634	502
634	541
634	574
634	637
634	771
634	782
634	830
634	870
634	907
634	938
635	221
635	269
635	696
635	858
635	894
635	936
635	941
635	970
635	976
635	990
636	54
636	135
636	143
636	259
636	412
636	484
636	723
636	755
636	846
636	917
637	551
637	634
637	722
637	830
637	898
637	904
637	907
637	977
637	987
637	995
638	487
638	579
638	664
638	690
638	731
638	774
638	858
638	901
638	941
638	990
639	105
639	176
639	231
639	339
639	614
639	675
639	879
639	946
639	967
639	992
640	4
640	331
640	440
640	590
640	626
640	672
640	683
640	727
640	780
640	805
641	128
641	459
641	593
641	631
641	664
641	755
641	904
641	921
641	950
641	977
642	6
642	32
642	430
642	535
642	697
642	735
642	758
642	828
642	958
642	983
643	530
643	590
643	732
643	741
643	852
643	918
643	962
643	988
643	998
643	1000
644	83
644	471
644	489
644	620
644	689
644	824
644	926
644	971
644	975
644	1000
645	63
645	86
645	125
645	314
645	377
645	531
645	569
645	801
645	899
645	944
646	261
646	623
646	674
646	736
646	834
646	860
646	918
646	964
646	998
646	999
647	10
647	44
647	151
647	262
647	675
647	782
647	821
647	870
647	938
647	970
648	234
648	789
648	817
648	918
648	919
648	951
648	966
648	967
648	977
648	980
649	124
649	365
649	446
649	617
649	677
649	726
649	788
649	958
649	986
650	71
650	221
650	503
650	802
650	897
650	904
650	959
650	961
650	987
650	995
651	8
651	284
651	366
651	386
651	434
651	542
651	547
651	706
651	911
651	957
652	387
652	404
652	513
652	534
652	577
652	724
652	732
652	945
652	964
652	998
653	373
653	482
653	554
653	578
653	728
653	747
653	839
653	847
653	860
653	999
654	395
654	480
654	591
654	869
654	872
654	878
654	896
654	931
654	981
654	997
655	540
655	603
655	699
655	771
655	808
655	885
655	889
655	917
655	943
655	983
656	249
656	599
656	705
656	759
656	781
656	807
656	866
656	871
656	903
656	945
657	69
657	372
657	506
657	510
657	696
657	730
657	837
657	921
657	923
657	932
658	362
658	627
658	630
658	815
658	826
658	840
658	929
658	944
658	948
658	953
659	61
659	315
659	718
659	767
659	833
659	868
659	891
659	893
659	927
659	963
660	59
660	103
660	387
660	523
660	755
660	811
660	849
660	868
660	891
660	927
660	988
661	515
661	531
661	628
661	666
661	751
661	815
661	826
661	848
661	899
661	929
661	935
662	286
662	290
662	439
662	875
662	890
662	895
662	962
662	969
662	988
662	994
662	1000
663	127
663	284
663	421
663	434
663	534
663	542
663	602
663	694
663	730
663	939
663	957
664	17
664	35
664	245
664	292
664	631
664	633
664	638
664	641
664	780
664	950
664	977
665	118
665	153
665	263
665	291
665	373
665	392
665	473
665	563
665	728
665	829
665	999
666	223
666	307
666	497
666	548
666	628
666	661
666	784
666	848
666	852
666	946
666	992
667	20
667	325
667	533
667	555
667	830
667	898
667	904
667	907
667	953
667	961
667	987
668	217
668	225
668	291
668	417
668	429
668	603
668	740
668	809
668	870
668	872
668	972
669	699
669	729
669	737
669	800
669	884
669	902
669	939
669	961
669	966
669	968
669	975
670	11
670	362
670	459
670	485
670	831
670	844
670	909
670	931
670	947
670	965
670	968
671	296
671	352
671	415
671	622
671	625
671	698
671	806
671	850
671	886
671	940
671	986
672	4
672	280
672	318
672	389
672	437
672	640
672	683
672	727
672	780
672	805
672	938
673	56
673	220
673	324
673	416
673	469
673	472
673	490
673	611
673	692
673	742
673	813
674	114
674	136
674	347
674	443
674	577
674	646
674	703
674	732
674	736
674	787
674	827
675	10
675	151
675	460
675	541
675	571
675	581
675	639
675	647
675	821
675	870
675	938
676	19
676	265
676	622
676	625
676	698
676	808
676	878
676	951
676	966
676	967
676	989
677	110
677	250
677	446
677	531
677	598
677	649
677	691
677	726
677	740
677	788
677	986
678	199
678	494
678	705
678	736
678	764
678	785
678	866
678	910
678	914
678	974
678	993
679	186
679	364
679	496
679	729
679	800
679	823
679	884
679	885
679	902
679	939
679	985
680	418
680	426
680	688
680	748
680	795
680	825
680	894
680	959
680	961
680	987
680	995
681	2
681	136
681	279
681	393
681	444
681	511
681	580
681	720
681	792
681	823
681	998
682	44
682	183
682	279
682	508
682	775
682	776
682	804
682	865
682	928
682	942
682	943
683	277
683	331
683	437
683	587
683	590
683	626
683	640
683	672
683	727
683	780
683	805
684	38
684	174
684	332
684	374
684	508
684	610
684	775
684	798
684	817
684	899
684	921
685	137
685	187
685	318
685	479
685	480
685	550
685	772
685	776
685	792
685	816
685	847
686	253
686	294
686	341
686	707
686	738
686	782
686	870
686	875
686	878
686	938
686	994
687	125
687	200
687	208
687	317
687	591
687	869
687	875
687	890
687	931
687	958
687	981
688	99
688	621
688	680
688	748
688	841
688	894
688	897
688	904
688	907
688	959
688	961
689	326
689	461
689	471
689	477
689	490
689	552
689	616
689	644
689	840
689	926
689	953
690	165
690	191
690	413
690	425
690	638
690	710
690	731
690	743
690	774
690	933
690	955
691	63
691	313
691	436
691	454
691	557
691	569
691	604
691	677
691	698
691	815
691	944
692	174
692	324
692	390
692	472
692	490
692	673
692	717
692	733
692	742
692	797
692	813
693	109
693	216
693	540
693	613
693	632
693	753
693	793
693	862
693	880
693	895
693	925
694	127
694	199
694	366
694	434
694	534
694	542
694	547
694	663
694	706
694	742
694	957
695	164
695	466
695	572
695	701
695	783
695	825
695	831
695	844
695	931
695	960
695	965
696	106
696	347
696	372
696	431
696	635
696	657
696	772
696	773
696	837
696	867
696	921
697	406
697	430
697	535
697	543
697	642
697	754
697	828
697	886
697	940
697	982
697	983
698	55
698	129
698	265
698	415
698	525
698	618
698	622
698	625
698	671
698	676
698	691
699	197
699	501
699	522
699	524
699	655
699	669
699	708
699	737
699	939
699	966
699	975
700	14
700	51
700	266
700	284
700	546
700	570
700	804
700	838
700	865
700	928
700	942
701	289
701	414
701	520
701	554
701	569
701	615
701	695
701	819
701	960
701	965
701	968
702	162
702	287
702	509
702	530
702	573
702	617
702	750
702	763
702	861
702	874
702	908
703	91
703	577
703	592
703	674
703	799
703	823
703	825
703	892
703	900
703	949
703	991
704	119
704	221
704	497
704	527
704	709
704	858
704	863
704	937
704	941
704	970
704	976
704	990
705	23
705	249
705	495
705	588
705	629
705	656
705	678
705	736
705	903
705	910
705	974
705	989
706	70
706	188
706	274
706	408
706	434
706	450
706	651
706	694
706	715
706	779
706	939
706	957
707	151
707	294
707	354
707	421
707	496
707	571
707	581
707	686
707	771
707	821
707	969
707	981
708	359
708	500
708	620
708	699
708	737
708	764
708	866
708	914
708	939
708	966
708	974
708	975
709	120
709	173
709	371
709	396
709	704
709	832
709	937
709	970
709	976
709	978
709	984
709	985
710	23
710	199
710	340
710	381
710	592
710	618
710	690
710	774
710	805
710	814
710	833
710	933
711	409
711	559
711	735
711	752
711	775
711	779
711	794
711	841
711	851
711	902
711	956
711	981
712	309
712	392
712	767
712	811
712	842
712	843
712	873
712	876
712	882
712	893
712	911
712	963
713	90
713	93
713	110
713	123
713	400
713	539
713	618
713	629
713	722
713	866
713	910
713	914
714	5
714	147
714	288
714	297
714	381
714	460
714	470
714	483
714	505
714	719
714	864
714	973
715	188
715	195
715	204
715	224
715	323
715	408
715	450
715	530
715	565
715	599
715	706
715	928
716	123
716	222
716	439
716	500
716	577
716	807
716	856
716	883
716	903
716	958
716	974
716	996
717	74
717	174
717	305
717	324
717	338
717	390
717	472
717	490
717	692
717	733
717	813
717	891
718	243
718	245
718	587
718	589
718	659
718	811
718	868
718	876
718	888
718	927
718	963
718	967
719	5
719	287
719	288
719	381
719	460
719	505
719	714
719	864
719	973
719	1000
720	64
720	136
720	293
720	575
720	602
720	605
720	681
720	732
720	769
720	918
720	968
720	998
721	13
721	315
721	361
721	499
721	832
721	835
721	846
721	856
721	911
721	913
721	978
721	985
722	139
722	193
722	255
722	353
722	504
722	637
722	713
722	748
722	897
722	932
722	982
722	995
723	54
723	186
723	452
723	600
723	636
723	729
723	744
723	846
723	872
723	902
723	951
723	985
724	326
724	375
724	385
724	513
724	585
724	652
724	725
724	777
724	833
724	945
724	964
724	994
725	368
725	375
725	385
725	513
725	585
725	724
725	762
725	776
725	777
725	922
725	945
725	964
726	21
726	124
726	215
726	446
726	617
726	649
726	677
726	788
726	986
727	96
727	332
727	440
727	589
727	616
727	626
727	640
727	672
727	683
727	756
727	833
727	963
728	149
728	296
728	370
728	373
728	562
728	563
728	615
728	653
728	665
728	747
728	920
728	999
729	177
729	303
729	376
729	452
729	669
729	679
729	723
729	800
729	884
729	902
729	939
729	985
730	193
730	304
730	328
730	378
730	431
730	463
730	657
730	663
730	772
730	792
730	837
730	982
731	121
731	305
731	442
731	579
731	638
731	690
731	743
731	774
731	814
731	901
731	933
731	993
732	38
732	394
732	530
732	643
732	652
732	674
732	720
732	760
732	787
732	892
732	918
732	968
733	490
733	601
733	607
733	692
733	717
733	742
733	743
733	813
733	913
733	926
733	930
733	948
734	93
734	179
734	465
734	583
734	789
734	919
734	951
734	952
734	967
734	969
734	977
734	989
735	31
735	545
735	559
735	642
735	711
735	752
735	794
735	841
735	851
735	956
735	981
735	984
736	443
736	646
736	674
736	678
736	705
736	854
736	866
736	887
736	903
736	914
736	940
736	998
737	197
737	501
737	522
737	524
737	669
737	699
737	708
737	781
737	840
737	939
737	966
737	975
738	22
738	76
738	80
738	169
738	179
738	470
738	514
738	686
738	810
738	828
738	934
738	935
738	936
739	79
739	252
739	338
739	457
739	568
739	621
739	902
739	925
739	962
739	969
739	988
739	990
739	1000
740	217
740	388
740	417
740	429
740	668
740	677
740	856
740	883
740	972
740	978
740	984
740	985
740	986
741	18
741	133
741	443
741	536
741	643
741	760
741	818
741	842
741	843
741	873
741	893
741	918
741	998
742	74
742	369
742	556
742	627
742	673
742	692
742	694
742	733
742	813
742	948
742	953
742	971
742	975
743	77
743	165
743	399
743	478
743	579
743	690
743	731
743	733
743	770
743	774
743	814
743	933
743	979
744	191
744	277
744	342
744	448
744	497
744	538
744	548
744	610
744	723
744	815
744	848
744	935
744	939
745	52
745	157
745	163
745	345
745	348
745	493
745	754
745	850
745	886
745	896
745	904
745	932
745	940
746	94
746	553
746	587
746	751
746	767
746	799
746	806
746	895
746	896
746	915
746	927
746	963
746	991
747	118
747	149
747	257
747	375
747	426
747	554
747	653
747	728
747	847
747	848
747	861
747	920
747	999
748	520
748	574
748	680
748	688
748	722
748	773
748	795
748	830
748	885
748	897
748	907
748	961
748	987
749	33
749	102
749	242
749	283
749	347
749	420
749	508
749	803
749	822
749	891
749	912
749	952
749	971
750	7
750	60
750	172
750	233
750	337
750	384
750	532
750	573
750	702
750	763
750	879
750	901
750	908
751	209
751	396
751	445
751	661
751	746
751	799
751	806
751	825
751	887
751	892
751	900
751	915
751	991
752	31
752	198
752	310
752	335
752	409
752	711
752	735
752	779
752	841
752	940
752	956
752	964
752	981
753	141
753	290
753	544
753	613
753	693
753	793
753	819
753	837
753	839
753	862
753	867
753	880
753	925
754	32
754	160
754	325
754	697
754	745
754	886
754	894
754	940
754	959
754	961
754	986
754	987
754	995
755	245
755	589
755	631
755	633
755	636
755	641
755	660
755	833
755	848
755	888
755	927
755	950
755	977
756	194
756	243
756	309
756	449
756	461
756	477
756	552
756	616
756	727
756	758
756	811
756	868
756	944
757	181
757	182
757	232
757	382
757	486
757	519
757	528
757	766
757	768
757	847
757	855
757	863
757	924
758	24
758	31
758	59
758	430
758	535
758	612
758	642
758	756
758	828
758	927
758	963
758	976
758	983
759	1
759	82
759	121
759	126
759	148
759	158
759	159
759	481
759	656
759	781
759	813
759	871
759	945
760	178
760	227
760	284
760	293
760	393
760	732
760	741
760	787
760	918
760	934
760	960
760	968
760	998
761	350
761	523
761	550
761	624
761	768
761	786
761	855
761	863
761	888
761	924
761	949
761	954
761	995
762	9
762	114
762	385
762	513
762	577
762	592
762	725
762	777
762	809
762	854
762	951
762	964
762	998
763	60
763	144
763	172
763	253
763	254
763	384
763	441
763	489
763	532
763	702
763	750
763	874
763	908
764	340
764	395
764	400
764	539
764	629
764	678
764	708
764	785
764	887
764	903
764	914
764	974
764	982
765	222
765	310
765	545
765	835
765	851
765	856
765	857
765	863
765	883
765	932
765	956
765	981
765	984
766	181
766	406
766	519
766	528
766	564
766	582
766	757
766	778
766	855
766	949
766	954
766	955
766	991
767	312
767	485
767	612
767	659
767	712
767	746
767	778
767	811
767	833
767	868
767	876
767	888
767	927
768	216
768	246
768	486
768	525
768	550
768	608
768	757
768	761
768	855
768	924
768	949
768	954
768	955
769	43
769	86
769	211
769	283
769	720
769	812
769	878
769	890
769	918
769	950
769	968
769	994
769	998
770	133
770	357
770	521
770	579
770	595
770	743
770	796
770	814
770	868
770	901
770	916
770	933
770	979
771	67
771	262
771	264
771	541
771	571
771	576
771	634
771	655
771	707
771	782
771	821
771	870
771	938
772	57
772	272
772	431
772	463
772	576
772	598
772	685
772	696
772	730
772	783
772	867
772	920
772	921
772	932
773	45
773	157
773	317
773	463
773	549
773	591
773	696
773	748
773	777
773	792
773	812
773	820
773	895
773	958
774	26
774	121
774	425
774	478
774	579
774	638
774	690
774	710
774	731
774	743
774	814
774	868
774	912
774	933
775	183
775	198
775	239
775	279
775	332
775	374
775	453
775	508
775	682
775	684
775	711
775	817
775	921
775	978
776	88
776	432
776	467
776	469
776	478
776	494
776	682
776	685
776	725
776	804
776	816
776	865
776	928
776	983
777	29
777	404
777	479
777	513
777	724
777	725
777	762
777	773
777	820
777	845
777	921
777	945
777	975
777	982
778	232
778	350
778	486
778	519
778	766
778	767
778	786
778	855
778	863
778	905
778	954
778	955
778	957
778	958
779	36
779	46
779	310
779	413
779	545
779	706
779	711
779	752
779	794
779	841
779	851
779	915
779	956
779	981
780	4
780	280
780	331
780	389
780	437
780	440
780	590
780	626
780	640
780	664
780	672
780	683
780	805
780	949
781	1
781	58
781	126
781	148
781	159
781	380
781	481
781	560
781	656
781	737
781	759
781	850
781	871
781	945
782	44
782	383
782	401
782	496
782	541
782	581
782	634
782	647
782	686
782	771
782	816
782	821
782	870
782	907
783	106
783	215
783	431
783	571
783	597
783	695
783	772
783	845
783	936
783	937
783	970
783	976
783	982
783	990
784	3
784	152
784	176
784	223
784	324
784	397
784	666
784	822
784	879
784	881
784	922
784	946
784	992
784	996
785	122
785	316
785	500
785	578
785	618
785	627
785	629
785	678
785	764
785	807
785	903
785	910
785	914
785	974
786	170
786	212
786	247
786	486
786	550
786	564
786	761
786	778
786	863
786	868
786	916
786	924
786	954
786	960
787	114
787	178
787	211
787	220
787	536
787	575
787	674
787	732
787	760
787	797
787	823
787	854
787	903
787	998
788	8
788	124
788	205
788	215
788	402
788	446
788	617
788	649
788	677
788	726
788	832
788	970
788	986
789	234
789	236
789	607
789	648
789	734
789	881
789	919
789	938
789	952
789	967
789	969
789	974
789	980
789	989
790	7
790	120
790	130
790	132
790	269
790	506
790	585
790	859
790	884
790	937
790	941
790	970
790	976
790	990
791	39
791	166
791	241
791	351
791	410
791	466
791	582
791	593
791	594
791	607
791	801
791	930
791	952
791	955
792	2
792	210
792	315
792	319
792	424
792	511
792	580
792	681
792	685
792	730
792	773
792	837
792	923
792	982
793	113
793	141
793	216
793	512
793	544
793	613
793	693
793	753
793	839
793	862
793	867
793	880
793	925
793	956
794	72
794	198
794	310
794	409
794	411
794	539
794	545
794	711
794	735
794	779
794	841
794	851
794	907
794	956
795	39
795	355
795	503
795	632
795	680
795	748
795	877
795	894
795	897
795	898
795	904
795	907
795	959
795	987
796	64
796	133
796	155
796	257
796	383
796	547
796	595
796	770
796	850
796	869
796	905
796	916
796	968
796	979
797	48
797	406
797	551
797	584
797	692
797	787
797	799
797	806
797	855
797	892
797	915
797	948
797	949
797	954
798	128
798	180
798	425
798	432
798	453
798	508
798	610
798	684
798	803
798	810
798	827
798	906
798	921
798	997
799	213
799	312
799	401
799	591
799	703
799	746
799	751
799	797
799	806
799	825
799	900
799	905
799	915
799	991
800	116
800	177
800	303
800	336
800	376
800	452
800	669
800	679
800	729
800	884
800	902
800	903
800	939
800	985
801	166
801	207
801	241
801	255
801	351
801	498
801	582
801	593
801	594
801	607
801	645
801	791
801	930
801	955
802	438
802	451
802	474
802	521
802	628
802	650
802	803
802	822
802	836
802	891
802	894
802	907
802	912
802	983
803	229
803	242
803	420
803	518
803	521
803	749
803	798
803	802
803	822
803	836
803	884
803	891
803	912
803	971
804	189
804	238
804	266
804	349
804	354
804	546
804	553
804	570
804	682
804	700
804	776
804	923
804	928
804	942
805	271
805	280
805	399
805	442
805	626
805	640
805	672
805	683
805	710
805	780
805	814
805	847
805	901
805	933
806	240
806	269
806	367
806	396
806	551
806	584
806	671
806	746
806	751
806	797
806	799
806	825
806	887
806	900
806	991
807	37
807	204
807	258
807	365
807	656
807	716
807	785
807	818
807	843
807	887
807	893
807	903
807	917
807	973
807	974
808	12
808	53
808	271
808	588
808	603
808	655
808	676
808	823
808	877
808	885
808	889
808	917
808	922
808	943
808	983
809	92
809	101
809	181
809	247
809	291
809	417
809	435
809	529
809	668
809	762
809	949
809	954
809	955
809	972
809	999
810	73
810	180
810	438
810	468
810	476
810	482
810	488
810	492
810	512
810	738
810	798
810	827
810	829
810	979
810	997
811	59
811	228
811	387
811	571
811	625
811	660
811	712
811	718
811	756
811	767
811	833
811	849
811	891
811	927
811	998
812	162
812	208
812	256
812	260
812	769
812	773
812	875
812	878
812	890
812	895
812	931
812	944
812	958
812	963
812	994
813	56
813	220
813	305
813	324
813	379
813	390
813	469
813	472
813	490
813	673
813	692
813	717
813	733
813	742
813	759
814	121
814	165
814	344
814	357
814	386
814	604
814	710
814	731
814	743
814	770
814	774
814	805
814	886
814	901
814	933
815	51
815	342
815	377
815	497
815	546
815	569
815	604
815	658
815	661
815	691
815	744
815	848
815	929
815	935
815	992
816	88
816	90
816	137
816	182
816	187
816	204
816	247
816	428
816	467
816	469
816	478
816	480
816	685
816	776
816	782
817	98
817	150
817	374
817	453
817	508
817	517
817	648
817	684
817	775
817	898
817	921
817	927
817	931
817	966
817	977
818	37
818	200
818	422
818	451
818	487
818	526
818	590
818	741
818	807
818	842
818	843
818	873
818	882
818	893
818	981
819	33
819	604
819	613
819	701
819	753
819	869
819	890
819	896
819	909
819	931
819	947
819	960
819	965
819	985
819	994
820	46
820	232
820	247
820	353
820	415
820	550
820	624
820	773
820	777
820	847
820	863
820	921
820	923
820	949
820	954
821	67
821	244
821	294
821	354
821	401
821	419
821	464
821	581
821	647
821	675
821	707
821	771
821	782
821	870
821	984
822	51
822	145
822	231
822	518
822	749
822	784
822	802
822	803
822	836
822	882
822	891
822	912
822	946
822	992
822	996
823	114
823	357
823	536
823	592
823	679
823	681
823	703
823	787
823	808
823	854
823	885
823	917
823	943
823	971
823	983
824	16
824	115
824	184
824	203
824	343
824	391
824	456
824	627
824	644
824	864
824	895
824	910
824	930
824	948
824	971
825	240
825	358
825	367
825	553
825	584
825	680
825	695
825	703
825	751
825	799
825	806
825	892
825	897
825	900
825	915
825	991
826	110
826	125
826	146
826	248
826	327
826	360
826	531
826	598
826	630
826	658
826	661
826	857
826	899
826	929
826	948
826	973
827	89
827	263
827	373
827	438
827	468
827	482
827	488
827	512
827	525
827	594
827	674
827	798
827	810
827	906
827	979
827	997
828	22
828	345
828	430
828	470
828	514
828	533
828	535
828	642
828	697
828	738
828	758
828	934
828	935
828	936
828	941
828	983
829	244
829	270
829	392
829	426
829	507
829	563
829	578
829	585
829	665
829	810
829	847
829	861
829	920
829	923
829	964
829	999
830	325
830	424
830	428
830	555
830	634
830	637
830	667
830	748
830	894
830	897
830	904
830	927
830	959
830	961
830	987
830	995
831	122
831	285
831	412
831	447
831	459
831	515
831	547
831	609
831	670
831	695
831	909
831	947
831	950
831	960
831	965
831	993
832	104
832	278
832	329
832	361
832	397
832	709
832	721
832	788
832	857
832	883
832	911
832	913
832	958
832	978
832	984
832	996
833	61
833	96
833	117
833	194
833	346
833	587
833	659
833	710
833	724
833	727
833	755
833	767
833	811
833	849
833	868
833	876
834	30
834	87
834	187
834	212
834	227
834	253
834	263
834	370
834	467
834	646
834	861
834	869
834	920
834	923
834	969
834	999
835	20
835	104
835	156
835	160
835	173
835	302
835	388
835	449
835	721
835	765
835	857
835	883
835	910
835	911
835	963
835	996
836	25
836	201
836	229
836	283
836	433
836	508
836	518
836	521
836	583
836	612
836	802
836	803
836	822
836	891
836	912
836	971
837	69
837	272
837	378
837	463
837	479
837	632
837	657
837	696
837	730
837	753
837	792
837	841
837	867
837	923
837	932
837	982
838	97
838	266
838	362
838	447
838	606
838	615
838	700
838	844
838	865
838	909
838	922
838	928
838	937
838	942
838	944
838	968
839	113
839	141
839	216
839	290
839	369
839	445
839	481
839	544
839	613
839	632
839	653
839	753
839	793
839	862
839	867
839	880
840	471
840	489
840	556
840	607
840	620
840	627
840	658
840	689
840	737
840	926
840	948
840	953
840	971
840	972
840	973
840	975
841	31
841	36
841	219
841	335
841	409
841	413
841	559
841	688
841	711
841	735
841	752
841	779
841	794
841	837
841	851
841	956
842	37
842	200
842	365
842	422
842	493
842	526
842	532
842	712
842	741
842	818
842	843
842	853
842	867
842	873
842	882
842	986
843	365
843	393
843	422
843	455
843	526
843	590
843	712
843	741
843	807
843	818
843	842
843	853
843	873
843	882
843	889
843	893
844	139
844	289
844	322
844	353
844	414
844	516
844	606
844	609
844	670
844	695
844	838
844	852
844	909
844	960
844	965
844	993
845	45
845	111
845	237
845	298
845	318
845	372
845	378
845	410
845	479
845	553
845	558
845	777
845	783
845	847
845	932
845	982
846	4
846	14
846	54
846	135
846	143
846	167
846	218
846	241
846	259
846	363
846	412
846	484
846	600
846	636
846	721
846	723
846	872
847	193
847	244
847	254
847	463
847	554
847	621
847	653
847	685
847	747
847	757
847	805
847	820
847	829
847	845
847	860
847	861
847	982
848	30
848	161
848	226
848	359
848	423
848	448
848	473
848	579
848	661
848	666
848	744
848	747
848	755
848	815
848	860
848	892
848	935
849	34
849	94
849	103
849	158
849	255
849	311
849	315
849	523
849	562
849	660
849	811
849	833
849	876
849	891
849	927
849	959
849	963
850	98
850	138
850	140
850	251
850	257
850	491
850	543
850	547
850	595
850	671
850	745
850	781
850	796
850	896
850	905
850	940
850	986
851	36
851	47
851	108
851	218
851	411
851	413
851	458
851	545
851	559
851	711
851	735
851	765
851	779
851	794
851	841
851	919
851	956
852	202
852	252
852	267
852	309
852	423
852	446
852	457
852	483
852	568
852	605
852	643
852	666
852	844
852	962
852	969
852	988
852	1000
853	37
853	107
853	208
853	343
853	443
853	455
853	572
853	596
853	842
853	843
853	873
853	882
853	893
853	947
853	960
853	967
853	968
854	67
854	68
854	227
854	238
854	432
854	505
854	536
854	597
854	736
854	762
854	787
854	823
854	865
854	922
854	928
854	942
854	998
855	350
855	519
855	528
855	564
855	757
855	761
855	766
855	768
855	778
855	797
855	888
855	905
855	911
855	916
855	933
855	949
855	955
856	13
856	300
856	302
856	351
856	716
856	721
856	740
856	765
856	857
856	883
856	911
856	913
856	978
856	984
856	985
856	996
856	998
857	10
857	315
857	330
857	433
857	499
857	562
857	765
857	826
857	832
857	835
857	856
857	883
857	911
857	913
857	958
857	978
857	984
858	251
858	405
858	407
858	433
858	485
858	487
858	527
858	635
858	638
858	704
858	859
858	937
858	941
858	970
858	976
858	990
858	995
859	75
859	119
859	215
859	334
859	407
859	436
859	506
859	527
859	790
859	858
859	925
859	936
859	937
859	941
859	970
859	976
859	990
860	3
860	84
860	212
860	226
860	263
860	395
860	507
860	554
860	623
860	646
860	653
860	847
860	848
860	879
860	920
860	923
860	999
861	173
861	313
861	445
861	448
861	458
861	509
861	554
861	561
861	617
861	702
861	747
861	829
861	834
861	847
861	889
861	920
861	964
861	999
862	109
862	141
862	216
862	290
862	369
862	379
862	445
862	447
862	544
862	613
862	693
862	753
862	793
862	839
862	867
862	880
862	909
862	925
863	212
863	246
863	564
863	608
863	704
863	757
863	761
863	765
863	778
863	786
863	820
863	888
863	905
863	916
863	949
863	954
863	955
863	957
864	5
864	16
864	52
864	115
864	184
864	262
864	343
864	391
864	505
864	714
864	719
864	824
864	910
864	963
864	971
864	973
865	123
865	189
865	238
865	266
865	280
865	354
865	432
865	546
865	682
865	700
865	776
865	838
865	854
865	919
865	922
865	928
865	942
865	950
866	103
866	199
866	219
866	228
866	578
866	588
866	618
866	629
866	631
866	656
866	678
866	708
866	713
866	736
866	887
866	914
866	924
866	974
867	57
867	69
867	328
867	445
867	479
867	544
867	593
867	613
867	621
867	696
867	753
867	772
867	793
867	837
867	839
867	842
867	862
867	925
868	34
868	243
868	301
868	346
868	523
868	589
868	659
868	660
868	718
868	756
868	767
868	770
868	774
868	786
868	833
868	876
868	891
868	963
869	256
869	275
869	341
869	348
869	427
869	462
869	549
869	654
869	687
869	796
869	819
869	834
869	875
869	895
869	944
869	958
869	994
869	997
870	67
870	131
870	172
870	294
870	354
870	464
870	571
870	576
870	622
870	634
870	647
870	668
870	675
870	686
870	771
870	782
870	821
870	938
871	58
871	82
871	126
871	148
871	158
871	159
871	185
871	188
871	226
871	380
871	472
871	481
871	560
871	656
871	759
871	781
871	945
871	999
872	14
872	92
872	135
872	143
872	167
872	217
872	225
872	363
872	429
872	484
872	529
872	654
872	668
872	723
872	846
872	937
872	962
872	972
873	111
873	200
873	258
873	365
873	422
873	493
873	526
873	590
873	712
873	741
873	818
873	842
873	843
873	853
873	882
873	893
873	935
873	976
874	18
874	203
874	233
874	295
874	300
874	333
874	360
874	384
874	419
874	426
874	438
874	532
874	563
874	573
874	702
874	763
874	901
874	908
875	261
875	276
875	499
875	549
875	591
875	662
875	686
875	687
875	812
875	869
875	890
875	895
875	938
875	944
875	958
875	972
875	981
875	994
876	96
876	145
876	243
876	281
876	301
876	387
876	523
876	571
876	712
876	718
876	767
876	833
876	849
876	868
876	891
876	924
876	927
876	985
877	55
877	475
877	520
877	574
877	603
877	795
877	808
877	885
877	889
877	904
877	917
877	934
877	943
877	950
877	959
877	961
877	983
877	995
878	251
878	275
878	286
878	317
878	341
878	369
878	462
878	595
878	654
878	676
878	686
878	769
878	812
878	890
878	895
878	944
878	946
878	958
879	105
879	231
879	307
879	339
879	397
879	398
879	548
879	551
879	586
879	614
879	639
879	750
879	784
879	860
879	881
879	919
879	946
879	992
880	109
880	141
880	216
880	290
880	369
880	379
880	386
880	544
880	613
880	632
880	693
880	753
880	793
880	839
880	862
880	925
880	989
880	996
881	27
881	223
881	260
881	492
881	527
881	784
881	789
881	879
881	919
881	946
881	951
881	967
881	977
881	980
881	984
881	989
881	992
881	996
882	49
882	258
882	365
882	422
882	451
882	455
882	493
882	526
882	590
882	712
882	818
882	822
882	842
882	843
882	853
882	873
882	893
882	964
883	41
883	79
883	104
883	388
883	460
883	601
883	716
883	740
883	765
883	832
883	835
883	856
883	857
883	913
883	942
883	958
883	978
883	984
883	985
884	39
884	177
884	186
884	281
884	303
884	364
884	376
884	452
884	496
884	530
884	669
884	679
884	729
884	790
884	800
884	803
884	902
884	939
884	985
885	154
885	357
885	403
885	454
885	537
885	540
885	603
885	608
885	655
885	679
885	748
885	808
885	823
885	877
885	889
885	917
885	922
885	934
885	943
886	157
886	163
886	296
886	335
886	345
886	348
886	491
886	501
886	543
886	671
886	697
886	745
886	754
886	814
886	888
886	896
886	932
886	940
886	986
887	192
887	228
887	240
887	297
887	400
887	532
887	736
887	751
887	764
887	806
887	807
887	866
887	892
887	900
887	903
887	915
887	955
887	974
887	991
888	61
888	230
888	274
888	281
888	309
888	406
888	455
888	523
888	528
888	624
888	718
888	755
888	761
888	767
888	855
888	863
888	886
888	954
888	963
889	53
889	271
889	403
889	423
889	537
889	540
889	603
889	608
889	655
889	808
889	843
889	861
889	877
889	885
889	917
889	922
889	934
889	943
889	983
890	33
890	106
890	163
890	227
890	369
890	462
890	549
890	625
890	662
890	687
890	769
890	812
890	819
890	875
890	878
890	944
890	958
890	994
890	997
891	103
891	229
891	242
891	265
891	420
891	504
891	659
891	660
891	717
891	749
891	802
891	803
891	811
891	822
891	836
891	849
891	868
891	876
891	941
892	190
892	192
892	209
892	213
892	312
892	367
892	396
892	441
892	507
892	553
892	703
892	732
892	751
892	797
892	825
892	848
892	887
892	915
892	991
893	37
893	58
893	200
893	258
893	365
893	422
893	455
893	493
893	532
893	659
893	712
893	741
893	807
893	818
893	843
893	853
893	873
893	882
893	916
894	85
894	99
894	100
894	520
894	555
894	635
894	680
894	688
894	754
894	795
894	802
894	830
894	898
894	907
894	958
894	959
894	961
894	987
894	995
895	43
895	201
895	275
895	510
895	549
895	662
895	693
895	746
895	773
895	812
895	824
895	869
895	875
895	878
895	896
895	931
895	981
895	994
895	997
896	106
896	337
896	348
896	462
896	488
896	491
896	510
896	654
896	745
896	746
896	819
896	850
896	886
896	895
896	932
896	940
896	958
896	986
896	997
897	99
897	474
897	533
897	555
897	557
897	650
897	688
897	722
897	748
897	795
897	825
897	830
897	907
897	931
897	959
897	961
897	979
897	987
897	995
898	100
898	150
898	236
898	311
898	370
898	533
898	637
898	667
898	795
898	817
898	894
898	926
898	952
898	967
898	977
898	980
898	987
898	989
898	995
899	42
899	86
899	250
899	282
899	285
899	313
899	314
899	320
899	377
899	436
899	515
899	569
899	630
899	645
899	661
899	684
899	826
899	929
899	944
900	11
900	74
900	192
900	209
900	238
900	358
900	367
900	389
900	396
900	551
900	553
900	584
900	703
900	751
900	799
900	806
900	825
900	887
900	915
900	991
901	18
901	77
901	174
901	295
901	305
901	333
901	384
901	441
901	442
901	452
901	543
901	638
901	731
901	750
901	770
901	805
901	814
901	874
901	908
901	933
902	39
902	169
902	177
902	186
902	303
902	336
902	376
902	452
902	530
902	669
902	679
902	711
902	723
902	729
902	739
902	800
902	884
902	939
902	973
902	985
903	9
903	90
903	93
903	381
903	539
903	588
903	629
903	656
903	705
903	716
903	736
903	764
903	785
903	787
903	800
903	807
903	887
903	914
903	951
903	974
904	236
904	355
904	475
904	533
904	557
904	637
904	641
904	650
904	667
904	688
904	745
904	795
904	830
904	877
904	906
904	907
904	959
904	961
904	987
904	995
905	101
905	138
905	257
905	383
905	435
905	564
905	595
905	624
905	778
905	796
905	799
905	850
905	855
905	863
905	916
905	918
905	924
905	955
905	979
905	994
906	73
906	89
906	147
906	180
906	234
906	263
906	373
906	425
906	468
906	476
906	482
906	488
906	492
906	512
906	617
906	798
906	827
906	904
906	979
906	997
907	168
907	355
907	438
907	475
907	533
907	574
907	611
907	634
907	637
907	667
907	688
907	748
907	782
907	794
907	795
907	802
907	894
907	897
907	904
907	987
908	10
908	18
908	61
908	144
908	203
908	233
908	254
908	295
908	300
908	333
908	426
908	441
908	532
908	573
908	702
908	750
908	763
908	874
908	901
908	941
909	107
909	289
909	306
909	576
909	596
909	606
909	609
909	615
909	670
909	819
909	831
909	838
909	844
909	862
909	917
909	929
909	947
909	960
909	965
909	968
910	16
910	23
910	52
910	115
910	228
910	343
910	382
910	391
910	578
910	678
910	705
910	713
910	785
910	824
910	835
910	864
910	914
910	961
910	974
910	985
911	71
911	173
911	299
911	302
911	329
911	379
911	449
911	601
911	651
911	712
911	721
911	832
911	835
911	855
911	856
911	857
911	958
911	978
911	984
911	996
912	102
912	229
912	242
912	283
912	347
912	420
912	433
912	506
912	518
912	521
912	572
912	612
912	749
912	774
912	802
912	803
912	822
912	836
912	920
912	971
913	10
913	104
913	220
913	235
913	329
913	330
913	388
913	499
913	562
913	601
913	612
913	721
913	733
913	832
913	856
913	857
913	883
913	978
913	984
913	996
914	122
914	219
914	231
914	249
914	268
914	400
914	510
914	537
914	588
914	614
914	678
914	708
914	713
914	736
914	764
914	785
914	866
914	903
914	910
914	974
915	40
915	190
915	192
915	203
915	209
915	240
915	312
915	358
915	403
915	584
915	746
915	751
915	779
915	797
915	799
915	825
915	887
915	892
915	900
915	991
916	64
916	140
916	170
916	399
916	486
916	519
916	566
916	597
916	770
916	786
916	796
916	855
916	863
916	893
916	905
916	924
916	944
916	954
916	979
916	982
917	12
917	154
917	271
917	403
917	454
917	537
917	540
917	608
917	636
917	655
917	807
917	808
917	823
917	877
917	885
917	889
917	909
917	922
917	934
917	943
917	983
918	68
918	91
918	114
918	167
918	220
918	347
918	394
918	517
918	575
918	577
918	643
918	646
918	648
918	720
918	732
918	741
918	760
918	769
918	905
918	968
918	998
919	78
919	234
919	273
919	278
919	404
919	648
919	734
919	789
919	851
919	865
919	879
919	881
919	924
919	938
919	951
919	952
919	966
919	969
919	977
919	980
919	989
920	87
920	153
920	227
920	359
920	370
920	392
920	394
920	473
920	562
920	588
920	623
920	728
920	747
920	772
920	829
920	834
920	860
920	861
920	912
920	923
920	999
921	128
921	206
921	328
921	374
921	453
921	502
921	545
921	558
921	593
921	641
921	657
921	684
921	696
921	772
921	775
921	777
921	798
921	817
921	820
921	923
921	982
922	53
922	266
922	349
922	366
922	500
922	537
922	570
922	725
922	784
922	808
922	838
922	854
922	865
922	885
922	889
922	917
922	928
922	934
922	942
922	943
922	983
923	175
923	226
923	298
923	359
923	473
923	558
923	598
923	623
923	657
923	792
923	804
923	820
923	829
923	834
923	837
923	860
923	920
923	921
923	947
923	982
923	999
924	48
924	70
924	142
924	246
924	350
924	428
924	550
924	560
924	608
924	757
924	761
924	768
924	786
924	866
924	876
924	905
924	916
924	919
924	949
924	954
924	957
925	109
925	112
925	177
925	290
925	457
925	568
925	605
925	613
925	693
925	739
925	753
925	793
925	859
925	862
925	867
925	880
925	929
925	962
925	969
925	988
925	1000
926	28
926	36
926	108
926	180
926	356
926	444
926	456
926	471
926	489
926	607
926	627
926	644
926	689
926	733
926	840
926	898
926	930
926	948
926	953
926	971
926	975
927	59
927	94
927	96
927	117
927	311
927	485
927	587
927	659
927	660
927	718
927	746
927	755
927	758
927	767
927	811
927	817
927	830
927	849
927	876
927	962
927	963
928	25
928	97
928	189
928	349
928	432
928	494
928	500
928	546
928	552
928	570
928	586
928	682
928	700
928	715
928	776
928	804
928	838
928	854
928	865
928	922
928	942
929	110
929	125
929	233
929	248
929	250
929	313
929	314
929	320
929	327
929	377
929	436
929	519
929	531
929	569
929	658
929	661
929	815
929	826
929	899
929	909
929	925
930	42
930	62
930	166
930	170
930	185
930	255
930	351
930	410
930	444
930	466
930	489
930	556
930	594
930	601
930	733
930	791
930	801
930	824
930	926
930	948
930	955
931	208
931	256
931	285
931	322
931	459
931	462
931	479
931	654
931	670
931	687
931	695
931	812
931	817
931	819
931	895
931	897
931	947
931	950
931	958
931	993
931	997
932	296
932	335
932	348
932	409
932	437
932	479
932	491
932	504
932	597
932	657
932	722
932	745
932	765
932	772
932	837
932	845
932	886
932	896
932	940
932	982
932	986
933	26
933	115
933	160
933	308
933	344
933	386
933	413
933	442
933	478
933	579
933	589
933	690
933	710
933	731
933	743
933	770
933	774
933	805
933	814
933	855
933	901
934	22
934	76
934	80
934	179
934	470
934	514
934	537
934	543
934	603
934	608
934	738
934	760
934	828
934	877
934	885
934	889
934	917
934	922
934	935
934	936
934	943
934	964
935	76
935	80
935	85
935	136
935	169
935	179
935	319
935	448
935	470
935	514
935	548
935	610
935	628
935	661
935	738
935	744
935	815
935	828
935	848
935	873
935	934
935	936
936	7
936	22
936	76
936	80
936	130
936	159
936	169
936	405
936	470
936	514
936	527
936	635
936	738
936	783
936	828
936	859
936	934
936	935
936	941
936	970
936	990
936	992
937	75
937	130
937	132
937	221
937	269
937	405
937	485
937	487
937	514
937	527
937	704
937	709
937	783
937	790
937	838
937	858
937	859
937	872
937	941
937	970
937	976
937	990
938	44
938	81
938	118
938	186
938	206
938	421
938	496
938	517
938	581
938	634
938	647
938	672
938	675
938	686
938	771
938	789
938	870
938	875
938	919
938	969
938	980
938	989
939	197
939	364
939	452
939	496
939	501
939	522
939	524
939	663
939	669
939	679
939	699
939	706
939	708
939	729
939	737
939	744
939	800
939	884
939	902
939	966
939	975
939	985
940	19
940	288
940	296
940	335
940	337
940	345
940	348
940	474
940	491
940	493
940	543
940	671
940	697
940	736
940	745
940	752
940	754
940	850
940	886
940	896
940	932
940	986
941	120
941	142
941	215
941	256
941	316
941	334
941	407
941	433
941	527
941	635
941	638
941	704
941	790
941	828
941	858
941	859
941	891
941	908
941	936
941	937
941	970
941	990
942	30
942	51
942	97
942	123
942	189
942	238
942	266
942	349
942	432
942	494
942	500
942	546
942	570
942	682
942	700
942	804
942	838
942	854
942	865
942	883
942	922
942	928
942	997
943	12
943	53
943	69
943	154
943	292
943	357
943	367
943	403
943	454
943	537
943	540
943	603
943	655
943	682
943	808
943	823
943	877
943	885
943	889
943	917
943	922
943	934
943	983
944	43
944	117
944	201
944	282
944	316
944	436
944	645
944	658
944	691
944	756
944	812
944	838
944	869
944	875
944	878
944	890
944	899
944	916
944	957
944	973
944	981
944	990
944	994
945	1
945	29
945	58
945	84
945	117
945	375
945	380
945	473
945	474
945	481
945	491
945	560
945	585
945	652
945	656
945	724
945	725
945	759
945	777
945	781
945	871
945	964
945	980
946	3
946	47
946	145
946	152
946	223
946	231
946	307
946	339
946	398
946	427
946	548
946	586
946	614
946	639
946	666
946	784
946	822
946	878
946	879
946	881
946	986
946	988
946	992
947	107
947	171
947	306
947	322
947	362
947	410
947	414
947	466
947	516
947	596
947	604
947	609
947	670
947	819
947	831
947	853
947	909
947	923
947	931
947	960
947	965
947	993
947	996
948	21
948	28
948	42
948	108
948	122
948	356
948	444
948	556
948	620
948	627
948	658
948	733
948	742
948	797
948	824
948	826
948	840
948	926
948	930
948	953
948	971
948	972
948	975
949	246
949	337
949	406
949	428
949	435
949	528
949	550
949	564
949	703
949	761
949	766
949	768
949	780
949	797
949	809
949	820
949	855
949	863
949	924
949	954
949	955
949	957
949	997
950	17
950	35
950	245
950	292
950	410
950	466
950	572
950	576
950	615
950	631
950	633
950	641
950	664
950	755
950	769
950	831
950	865
950	877
950	931
950	960
950	968
950	977
950	993
951	27
951	40
951	52
951	78
951	116
951	118
951	278
951	336
951	404
951	465
951	546
951	611
951	648
951	676
951	723
951	734
951	762
951	881
951	903
951	919
951	952
951	969
951	980
951	989
952	78
952	81
952	95
952	116
952	206
952	278
952	330
952	465
952	505
952	611
952	734
952	749
952	789
952	791
952	898
952	919
952	951
952	957
952	966
952	967
952	969
952	980
952	983
952	989
953	21
953	28
953	42
953	83
953	108
953	175
953	299
953	356
953	444
953	471
953	556
953	601
953	620
953	658
953	667
953	689
953	742
953	840
953	926
953	948
953	971
953	972
953	975
953	982
954	170
954	247
954	327
954	350
954	406
954	411
954	427
954	519
954	550
954	558
954	761
954	766
954	768
954	778
954	786
954	797
954	809
954	820
954	863
954	888
954	916
954	924
954	949
954	957
955	48
955	166
955	207
955	241
955	255
955	320
955	582
955	593
955	594
955	607
955	690
955	766
955	768
955	778
955	791
955	801
955	809
955	855
955	863
955	887
955	905
955	930
955	949
955	957
956	46
956	47
956	65
956	72
956	198
956	219
956	237
956	310
956	411
956	458
956	476
956	545
956	711
956	735
956	752
956	765
956	779
956	793
956	794
956	841
956	851
956	967
956	972
956	981
957	8
957	181
957	190
957	199
957	247
957	534
957	542
957	547
957	564
957	596
957	602
957	651
957	663
957	694
957	706
957	778
957	863
957	924
957	944
957	949
957	952
957	954
957	955
957	972
958	222
958	329
958	361
958	462
958	495
958	642
958	649
958	687
958	716
958	773
958	778
958	812
958	832
958	857
958	869
958	875
958	878
958	883
958	890
958	894
958	896
958	911
958	931
958	985
959	83
959	139
959	168
959	236
959	292
959	383
959	418
959	511
959	555
959	574
959	650
959	680
959	688
959	754
959	795
959	830
959	849
959	877
959	894
959	897
959	904
959	961
959	973
959	987
959	995
960	122
960	156
960	285
960	306
960	414
960	447
960	513
960	516
960	596
960	604
960	606
960	609
960	615
960	695
960	701
960	760
960	786
960	819
960	831
960	844
960	853
960	909
960	947
960	950
960	993
961	99
961	100
961	205
961	304
961	475
961	503
961	555
961	568
961	574
961	650
961	667
961	669
961	680
961	688
961	748
961	754
961	830
961	877
961	894
961	897
961	904
961	910
961	959
961	987
961	995
962	2
962	15
962	50
962	79
962	112
962	134
962	171
962	252
962	267
962	309
962	338
962	340
962	605
962	621
962	643
962	662
962	739
962	852
962	872
962	925
962	927
962	969
962	979
962	988
962	1000
963	158
963	189
963	228
963	255
963	281
963	319
963	346
963	387
963	571
963	587
963	589
963	612
963	659
963	712
963	718
963	727
963	746
963	758
963	812
963	835
963	849
963	864
963	868
963	888
963	927
964	29
964	30
964	84
964	87
964	153
964	212
964	368
964	375
964	385
964	507
964	578
964	585
964	646
964	652
964	724
964	725
964	752
964	762
964	829
964	861
964	882
964	934
964	945
964	991
964	999
965	11
965	56
965	60
965	62
965	252
965	285
965	322
965	362
965	447
965	471
965	516
965	583
965	596
965	609
965	670
965	695
965	701
965	819
965	831
965	844
965	909
965	947
965	968
965	990
965	993
966	197
966	273
966	355
966	465
966	497
966	501
966	522
966	524
966	595
966	648
966	669
966	676
966	699
966	708
966	737
966	817
966	919
966	939
966	952
966	967
966	975
966	977
966	980
966	996
967	40
967	81
967	206
967	278
967	465
967	503
967	505
967	517
967	583
967	611
967	639
967	648
967	676
967	718
967	734
967	789
967	853
967	881
967	898
967	952
967	956
967	966
967	977
967	980
967	989
968	11
968	38
968	86
968	243
968	293
968	536
968	575
968	606
968	615
968	669
968	670
968	701
968	720
968	732
968	760
968	769
968	796
968	838
968	853
968	909
968	918
968	950
968	965
968	974
968	998
969	79
969	134
969	273
969	456
969	457
969	483
969	517
969	662
969	707
969	734
969	739
969	789
969	834
969	852
969	919
969	925
969	938
969	951
969	952
969	962
969	977
969	980
969	988
969	997
969	1000
970	65
970	119
970	120
970	221
970	256
970	295
970	334
970	371
970	485
970	487
970	506
970	509
970	635
970	647
970	704
970	709
970	783
970	788
970	790
970	858
970	859
970	936
970	937
970	941
970	976
970	990
971	33
971	102
971	201
971	224
971	229
971	283
971	420
971	444
971	489
971	521
971	615
971	620
971	644
971	742
971	749
971	803
971	823
971	824
971	836
971	840
971	864
971	912
971	926
971	948
971	953
971	972
972	21
972	28
972	83
972	92
972	108
972	187
972	217
972	225
972	291
972	356
972	417
972	429
972	529
972	620
972	668
972	740
972	809
972	840
972	872
972	875
972	948
972	953
972	956
972	957
972	971
972	975
973	5
973	7
973	86
973	147
973	248
973	288
973	297
973	313
973	327
973	360
973	377
973	381
973	460
973	505
973	569
973	630
973	714
973	719
973	807
973	826
973	840
973	864
973	902
973	944
973	959
974	9
974	78
974	237
974	268
974	381
974	451
974	494
974	500
974	510
974	539
974	588
974	629
974	678
974	705
974	708
974	716
974	764
974	785
974	789
974	807
974	866
974	887
974	903
974	910
974	914
974	968
975	42
975	54
975	70
975	83
975	123
975	175
975	197
975	501
975	522
975	524
975	627
975	644
975	669
975	699
975	708
975	737
975	742
975	777
975	840
975	926
975	939
975	948
975	953
975	966
975	972
976	75
976	96
976	119
976	130
976	132
976	221
976	235
976	316
976	380
976	407
976	433
976	487
976	506
976	527
976	635
976	704
976	709
976	758
976	783
976	790
976	858
976	859
976	873
976	937
976	970
976	990
977	17
977	27
977	35
977	128
977	134
977	245
977	250
977	273
977	459
977	531
977	593
977	631
977	633
977	637
977	641
977	648
977	664
977	734
977	755
977	817
977	881
977	898
977	919
977	950
977	966
977	967
977	969
978	20
978	41
978	71
978	73
978	173
978	302
978	329
978	352
978	361
978	379
978	403
978	495
978	499
978	630
978	709
978	721
978	740
978	775
978	832
978	856
978	857
978	883
978	911
978	913
978	984
978	985
978	996
979	64
979	133
979	147
979	155
979	180
979	232
979	257
979	438
979	476
979	482
979	488
979	512
979	547
979	566
979	595
979	597
979	743
979	770
979	796
979	810
979	827
979	897
979	905
979	906
979	916
979	962
979	997
980	24
980	52
980	81
980	98
980	116
980	132
980	150
980	278
980	305
980	336
980	465
980	583
980	611
980	648
980	789
980	881
980	898
980	919
980	938
980	945
980	951
980	952
980	966
980	967
980	969
980	989
980	995
981	31
981	72
981	87
981	260
981	261
981	267
981	276
981	310
981	411
981	427
981	510
981	559
981	654
981	687
981	707
981	711
981	735
981	752
981	765
981	779
981	818
981	875
981	895
981	944
981	956
981	994
981	997
982	111
982	264
982	272
982	318
982	328
982	353
982	372
982	479
982	504
982	597
982	598
982	632
982	697
982	722
982	730
982	764
982	777
982	783
982	792
982	837
982	845
982	847
982	916
982	921
982	923
982	932
982	953
983	6
983	32
983	154
983	155
983	271
983	345
983	403
983	430
983	464
983	535
983	603
983	642
983	655
983	697
983	758
983	776
983	802
983	808
983	823
983	828
983	877
983	889
983	917
983	922
983	943
983	952
984	13
984	156
984	222
984	235
984	302
984	315
984	325
984	330
984	361
984	388
984	449
984	499
984	562
984	709
984	735
984	740
984	765
984	821
984	832
984	856
984	857
984	881
984	883
984	911
984	913
984	978
984	985
984	996
985	71
985	186
985	303
985	388
985	452
985	499
985	530
985	536
985	540
985	679
985	709
985	721
985	723
985	729
985	740
985	800
985	819
985	856
985	876
985	883
985	884
985	902
985	910
985	939
985	958
985	978
985	984
985	996
986	8
986	124
986	163
986	205
986	215
986	272
986	296
986	318
986	402
986	446
986	491
986	493
986	543
986	617
986	649
986	671
986	677
986	726
986	740
986	754
986	788
986	842
986	850
986	886
986	896
986	932
986	940
986	946
987	84
987	100
987	168
987	183
987	210
987	213
987	292
987	304
987	355
987	418
987	438
987	533
987	555
987	637
987	650
987	667
987	680
987	748
987	754
987	795
987	830
987	894
987	897
987	898
987	904
987	907
987	959
987	961
987	995
988	15
988	50
988	112
988	134
988	150
988	171
988	202
988	252
988	267
988	338
988	340
988	423
988	439
988	457
988	483
988	559
988	568
988	605
988	621
988	643
988	660
988	662
988	739
988	852
988	925
988	946
988	962
988	969
988	1000
989	24
989	95
989	98
989	116
989	150
989	273
989	318
989	330
989	336
989	404
989	465
989	503
989	517
989	567
989	583
989	611
989	676
989	705
989	734
989	789
989	880
989	881
989	898
989	919
989	938
989	951
989	952
989	967
989	980
990	65
990	75
990	132
990	142
990	235
990	269
990	284
990	316
990	334
990	405
990	407
990	485
990	487
990	635
990	638
990	704
990	739
990	783
990	790
990	858
990	859
990	936
990	937
990	941
990	944
990	965
990	970
990	976
990	992
991	41
991	74
991	92
991	190
991	192
991	203
991	213
991	240
991	297
991	312
991	367
991	396
991	441
991	553
991	570
991	584
991	703
991	746
991	751
991	766
991	799
991	806
991	825
991	887
991	892
991	900
991	915
991	964
991	995
992	3
992	47
992	105
992	145
992	152
992	176
992	231
992	288
992	307
992	339
992	358
992	397
992	398
992	414
992	548
992	551
992	586
992	614
992	639
992	666
992	784
992	815
992	822
992	879
992	881
992	936
992	946
992	990
992	996
993	11
993	60
993	107
993	164
993	196
993	208
993	289
993	306
993	362
993	410
993	414
993	447
993	464
993	515
993	516
993	572
993	576
993	596
993	598
993	606
993	678
993	731
993	831
993	844
993	931
993	947
993	950
993	960
993	965
994	1
994	43
994	201
994	253
994	276
994	286
994	317
994	341
994	369
994	371
994	395
994	427
994	462
994	549
994	591
994	624
994	662
994	686
994	724
994	769
994	812
994	819
994	869
994	875
994	890
994	895
994	905
994	944
994	981
995	100
995	139
995	205
995	355
995	373
995	383
995	418
995	424
995	555
995	557
995	574
995	637
995	650
995	680
995	722
995	754
995	761
995	830
995	858
995	877
995	894
995	897
995	898
995	904
995	959
995	961
995	980
995	987
995	991
996	12
996	20
996	47
996	105
996	145
996	176
996	299
996	302
996	397
996	398
996	449
996	586
996	592
996	614
996	716
996	784
996	822
996	832
996	835
996	856
996	880
996	881
996	911
996	913
996	947
996	966
996	978
996	984
996	985
996	992
997	43
997	89
997	275
997	286
997	341
997	345
997	373
997	431
997	468
997	476
997	482
997	488
997	492
997	549
997	591
997	654
997	798
997	810
997	827
997	869
997	890
997	895
997	896
997	906
997	931
997	942
997	949
997	969
997	979
997	981
998	68
998	91
998	140
998	143
998	211
998	220
998	293
998	347
998	368
998	393
998	404
998	530
998	536
998	577
998	643
998	646
998	652
998	681
998	720
998	736
998	741
998	760
998	762
998	769
998	787
998	811
998	854
998	856
998	918
998	968
999	49
999	149
999	153
999	226
999	253
999	270
999	359
999	399
999	423
999	473
999	520
999	554
999	556
999	563
999	578
999	623
999	646
999	653
999	665
999	728
999	747
999	809
999	829
999	834
999	860
999	861
999	871
999	920
999	923
999	964
1000	15
1000	50
1000	79
1000	112
1000	134
1000	171
1000	175
1000	202
1000	252
1000	267
1000	338
1000	340
1000	418
1000	419
1000	423
1000	439
1000	457
1000	483
1000	568
1000	605
1000	643
1000	644
1000	662
1000	719
1000	739
1000	852
1000	925
1000	962
1000	969
1000	988
