1	307
1	506
1	518
1	638
1	992
2	397
2	478
2	777
2	790
2	807
3	330
3	564
3	768
3	780
3	925
4	519
4	809
4	909
4	959
4	965
5	405
5	460
5	563
5	610
5	776
6	686
6	976
6	989
6	991
6	995
7	760
7	845
7	878
7	900
7	980
8	497
8	520
8	564
8	602
8	829
9	558
9	762
9	916
9	972
9	985
10	160
10	700
10	791
10	905
10	972
11	776
11	788
11	805
11	927
11	943
12	381
12	768
12	780
12	903
12	973
13	709
13	747
13	870
13	891
13	979
14	373
14	626
14	928
14	987
14	993
15	77
15	91
15	376
15	452
15	802
16	285
16	571
16	611
16	634
16	977
17	255
17	630
17	901
17	938
17	988
18	128
18	192
18	395
18	669
18	886
19	503
19	551
19	874
19	914
19	934
20	102
20	726
20	737
20	871
20	915
21	106
21	443
21	502
21	566
21	757
22	45
22	519
22	754
22	809
22	969
23	319
23	495
23	643
23	729
23	828
24	710
24	848
24	905
24	941
24	981
25	792
25	808
25	850
25	864
25	873
26	419
26	778
26	859
26	972
26	985
27	359
27	548
27	560
27	832
27	872
28	144
28	185
28	352
28	767
28	858
29	214
29	410
29	674
29	694
29	1000
30	682
30	826
30	860
30	869
30	885
31	263
31	271
31	564
31	957
31	999
32	320
32	695
32	701
32	903
32	994
33	87
33	463
33	563
33	676
33	872
34	588
34	679
34	781
34	821
34	853
35	553
35	716
35	778
35	797
35	938
36	217
36	349
36	430
36	697
36	807
37	93
37	637
37	809
37	909
37	961
38	39
38	348
38	576
38	654
38	872
39	38
39	456
39	614
39	670
39	949
40	279
40	311
40	603
40	797
40	938
41	557
41	768
41	780
41	884
41	928
42	794
42	806
42	840
42	941
42	963
43	281
43	386
43	571
43	802
43	963
44	623
44	625
44	767
44	907
44	939
45	22
45	110
45	252
45	442
45	920
46	476
46	639
46	828
46	913
46	931
47	677
47	704
47	838
47	960
47	978
48	163
48	239
48	879
48	886
48	905
49	741
49	742
49	779
49	916
49	984
50	714
50	880
50	907
50	939
50	967
51	262
51	837
51	875
51	890
51	917
52	272
52	277
52	826
52	987
52	993
53	560
53	899
53	926
53	994
53	1000
54	796
54	894
54	910
54	937
54	948
55	277
55	716
55	796
55	887
55	951
56	69
56	447
56	719
56	825
56	953
57	104
57	495
57	832
57	868
57	922
58	710
58	849
58	960
58	974
58	978
59	76
59	409
59	726
59	871
59	900
60	706
60	715
60	830
60	852
60	865
61	582
61	612
61	699
61	848
61	980
62	453
62	800
62	843
62	853
62	962
63	375
63	498
63	642
63	920
63	935
64	704
64	816
64	954
64	983
64	998
65	100
65	250
65	439
65	971
65	988
66	685
66	742
66	910
66	952
66	984
67	599
67	681
67	768
67	974
67	992
68	551
68	798
68	874
68	913
68	932
69	56
69	221
69	810
69	840
69	890
70	128
70	395
70	669
70	820
70	886
71	215
71	608
71	668
71	712
71	982
72	150
72	441
72	587
72	683
72	769
73	663
73	812
73	912
73	918
73	936
74	319
74	537
74	597
74	729
74	828
75	541
75	685
75	923
75	937
75	952
76	59
76	288
76	466
76	873
76	924
77	15
77	426
77	452
77	511
77	802
78	135
78	179
78	386
78	511
78	802
79	314
79	494
79	605
79	879
79	896
80	299
80	543
80	699
80	884
80	928
81	341
81	489
81	589
81	682
81	841
82	522
82	702
82	761
82	765
82	794
83	485
83	726
83	736
83	820
83	907
84	317
84	913
84	931
84	942
84	970
85	547
85	663
85	812
85	867
85	912
86	778
86	804
86	827
86	848
86	938
87	33
87	526
87	592
87	769
87	872
88	599
88	741
88	748
88	940
88	984
89	541
89	647
89	688
89	893
89	951
90	172
90	471
90	495
90	533
90	910
91	15
91	376
91	386
91	452
91	802
92	384
92	770
92	852
92	949
92	955
93	37
93	606
93	796
93	916
93	973
94	464
94	715
94	883
94	902
94	939
95	399
95	517
95	766
95	810
95	948
96	385
96	824
96	834
96	961
96	969
97	333
97	469
97	823
97	905
97	911
98	588
98	781
98	821
98	853
98	996
99	812
99	813
99	867
99	918
99	936
100	65
100	568
100	731
100	971
100	988
101	711
101	873
101	924
101	953
101	996
102	20
102	646
102	820
102	871
102	966
103	675
103	837
103	895
103	933
103	999
104	57
104	160
104	554
104	855
104	943
105	203
105	698
105	904
105	929
105	997
106	21
106	384
106	770
106	854
106	990
107	800
107	812
107	912
107	918
107	936
108	497
108	520
108	602
108	836
108	854
109	666
109	739
109	829
109	900
109	970
110	45
110	118
110	508
110	809
110	909
111	201
111	701
111	867
111	918
111	936
112	292
112	714
112	795
112	945
112	967
113	624
113	650
113	877
113	887
113	982
114	460
114	492
114	781
114	799
114	821
115	298
115	956
115	967
115	974
115	978
116	505
116	877
116	958
116	960
116	978
117	478
117	556
117	737
117	914
117	943
118	110
118	417
118	519
118	635
118	905
119	283
119	847
119	939
119	977
119	991
120	269
120	586
120	993
120	996
120	998
121	149
121	413
121	819
121	983
121	998
122	169
122	194
122	656
122	738
122	891
123	165
123	492
123	904
123	980
123	997
124	372
124	399
124	561
124	633
124	765
125	334
125	727
125	883
125	902
125	975
126	374
126	453
126	502
126	707
126	986
127	312
127	738
127	787
127	817
127	933
128	18
128	70
128	669
128	820
128	886
129	725
129	844
129	923
129	937
129	988
130	229
130	408
130	830
130	865
130	949
131	418
131	665
131	814
131	851
131	864
132	792
132	947
132	976
132	977
132	986
133	753
133	775
133	861
133	891
133	899
134	240
134	291
134	633
134	777
134	785
135	78
135	325
135	484
135	584
135	872
136	312
136	738
136	891
136	979
136	997
137	389
137	429
137	523
137	688
137	957
138	648
138	661
138	711
138	909
138	993
139	224
139	399
139	592
139	691
139	810
140	598
140	634
140	960
140	974
140	978
141	157
141	596
141	727
141	832
141	847
142	269
142	348
142	385
142	700
142	959
143	715
143	723
143	727
143	883
143	902
144	28
144	329
144	357
144	745
144	869
145	782
145	808
145	827
145	848
145	997
146	233
146	239
146	527
146	652
146	988
147	235
147	412
147	681
147	870
147	891
148	678
148	725
148	937
148	951
148	988
149	121
149	587
149	683
149	769
149	914
150	72
150	158
150	572
150	683
150	769
151	222
151	377
151	500
151	857
151	943
152	218
152	263
152	675
152	786
152	811
153	775
153	803
153	810
153	835
153	861
154	485
154	712
154	726
154	866
154	915
155	503
155	551
155	732
155	874
155	932
156	213
156	273
156	779
156	882
156	931
157	141
157	434
157	464
157	833
157	883
158	150
158	528
158	683
158	900
158	930
159	290
159	436
159	961
159	989
159	995
160	10
160	104
160	333
160	710
160	886
161	404
161	821
161	853
161	898
161	991
162	851
162	882
162	892
162	919
162	942
163	48
163	545
163	574
163	733
163	877
164	266
164	773
164	798
164	912
164	918
165	123
165	539
165	836
165	904
165	916
166	216
166	310
166	512
166	933
166	979
167	274
167	552
167	899
167	985
167	1000
168	682
168	841
168	860
168	869
168	885
169	122
169	406
169	870
169	895
169	936
170	707
170	770
170	843
170	962
170	971
171	522
171	660
171	702
171	810
171	896
172	90
172	533
172	796
172	937
172	951
173	262
173	695
173	701
173	903
173	994
174	726
174	737
174	866
174	871
174	966
175	451
175	848
175	885
175	900
175	904
176	501
176	527
176	609
176	875
176	988
177	581
177	883
177	902
177	947
177	969
178	732
178	737
178	805
178	889
178	908
179	78
179	248
179	252
179	452
179	802
180	338
180	585
180	672
180	707
180	888
181	492
181	781
181	821
181	853
181	898
182	184
182	491
182	716
182	797
182	938
183	481
183	690
183	903
183	973
183	994
184	182
184	348
184	510
184	897
184	989
185	28
185	726
185	820
185	915
185	987
186	711
186	774
186	906
186	924
186	996
187	559
187	665
187	851
187	919
187	928
188	259
188	578
188	839
188	932
188	998
189	389
189	856
189	901
189	924
189	1000
190	741
190	774
190	779
190	935
190	940
191	372
191	499
191	633
191	733
191	777
192	18
192	323
192	395
192	669
192	820
193	532
193	712
193	833
193	911
193	978
194	122
194	762
194	962
194	986
194	990
195	568
195	609
195	713
195	870
195	979
196	491
196	778
196	784
196	797
196	938
197	350
197	659
197	758
197	817
197	985
198	427
198	640
198	646
198	710
198	915
199	220
199	511
199	802
199	931
199	942
200	644
200	645
200	861
200	862
200	890
201	111
201	867
201	912
201	918
201	936
202	496
202	749
202	765
202	794
202	818
203	105
203	612
203	742
203	919
203	928
204	381
204	514
204	592
204	690
204	903
205	375
205	604
205	777
205	888
205	985
206	399
206	496
206	915
206	948
206	963
207	450
207	880
207	945
207	956
207	967
208	551
208	803
208	862
208	882
208	971
209	251
209	491
209	553
209	728
209	938
210	227
210	690
210	701
210	903
210	994
211	546
211	791
211	889
211	908
211	921
212	220
212	322
212	484
212	851
212	919
213	156
213	273
213	882
213	913
213	942
214	29
214	651
214	652
214	674
214	899
214	1000
215	71
215	258
215	473
215	712
215	911
215	982
216	166
216	409
216	880
216	927
216	953
216	966
217	36
217	476
217	643
217	696
217	697
217	828
218	152
218	313
218	549
218	615
218	968
218	999
219	295
219	399
219	553
219	662
219	808
219	850
220	199
220	212
220	647
220	822
220	919
220	928
221	69
221	592
221	840
221	881
221	963
221	991
222	151
222	482
222	837
222	892
222	914
222	934
223	657
223	825
223	909
223	961
223	969
223	970
224	139
224	384
224	566
224	863
224	888
224	986
225	292
225	479
225	484
225	563
225	833
225	863
226	362
226	623
226	734
226	768
226	907
226	939
227	210
227	621
227	838
227	903
227	974
227	978
228	394
228	590
228	790
228	811
228	906
228	999
229	130
229	257
229	865
229	949
229	955
229	964
230	235
230	501
230	826
230	841
230	860
230	913
231	496
231	639
231	702
231	806
231	810
231	840
232	331
232	760
232	772
232	845
232	878
232	959
233	146
233	265
233	516
233	542
233	884
233	919
234	546
234	772
234	842
234	845
234	878
234	893
235	147
235	230
235	241
235	682
235	869
235	885
236	329
236	807
236	935
236	944
236	975
236	990
237	611
237	634
237	755
237	903
237	930
237	977
238	256
238	310
238	557
238	613
238	981
238	992
239	48
239	146
239	314
239	846
239	875
239	970
240	134
240	313
240	536
240	776
240	927
240	944
241	235
241	841
241	860
241	869
241	885
241	950
242	272
242	622
242	782
242	904
242	980
242	992
243	678
243	784
243	796
243	824
243	894
243	951
244	530
244	686
244	764
244	897
244	989
244	995
245	347
245	738
245	811
245	958
245	987
245	999
246	441
246	572
246	587
246	673
246	683
246	769
247	342
247	534
247	570
247	610
247	903
247	1000
248	179
248	511
248	802
248	960
248	974
248	978
249	260
249	284
249	594
249	912
249	936
249	993
250	65
250	801
250	846
250	917
250	934
250	967
251	209
251	435
251	866
251	871
251	907
251	915
252	45
252	179
252	376
252	386
252	511
252	802
253	565
253	832
253	868
253	879
253	922
253	935
254	338
254	536
254	743
254	776
254	788
254	982
255	17
255	635
255	876
255	901
255	923
255	1000
256	238
256	318
256	425
256	927
256	981
256	982
257	229
257	419
257	539
257	916
257	972
257	985
258	215
258	660
258	668
258	712
258	911
258	982
259	188
259	328
259	419
259	551
259	732
259	932
260	249
260	701
260	830
260	867
260	912
260	918
261	353
261	523
261	647
261	688
261	778
261	893
262	51
262	173
262	381
262	837
262	855
262	903
263	31
263	152
263	617
263	675
263	957
263	999
264	394
264	449
264	636
264	703
264	957
264	999
265	233
265	289
265	314
265	416
265	971
265	988
266	164
266	525
266	657
266	659
266	739
266	970
267	656
267	812
267	867
267	912
267	918
267	936
268	271
268	458
268	599
268	619
268	780
268	925
269	120
269	142
269	629
269	713
269	878
269	927
270	292
270	325
270	445
270	484
270	859
270	956
271	31
271	268
271	456
271	599
271	780
271	925
272	52
272	242
272	402
272	826
272	836
272	992
273	156
273	213
273	773
273	783
273	931
273	942
274	167
274	644
274	899
274	901
274	994
274	1000
275	280
275	454
275	691
275	707
275	757
275	962
276	343
276	427
276	820
276	866
276	871
276	915
277	52
277	55
277	594
277	910
277	923
277	987
278	518
278	552
278	642
278	664
278	847
278	922
279	40
279	716
279	837
279	908
279	938
279	959
280	275
280	567
280	762
280	770
280	922
280	935
281	43
281	447
281	840
281	918
281	963
281	991
282	805
282	819
282	837
282	889
282	917
282	1000
283	119
283	465
283	513
283	920
283	935
283	975
284	249
284	425
284	681
284	836
284	987
284	993
285	16
285	571
285	611
285	634
285	708
285	977
286	649
286	901
286	929
286	994
286	995
286	1000
287	500
287	837
287	855
287	908
287	917
287	943
288	76
288	446
288	569
288	786
288	957
288	999
289	265
289	439
289	641
289	731
289	846
289	988
290	159
290	474
290	787
290	818
290	989
290	995
291	134
291	540
291	675
291	855
291	957
291	999
292	112
292	225
292	270
292	563
292	859
292	872
293	604
293	632
293	730
293	777
293	790
293	944
294	684
294	694
294	894
294	952
294	962
294	988
295	219
295	299
295	655
295	737
295	851
295	991
296	307
296	506
296	518
296	590
296	947
296	992
297	314
297	439
297	527
297	605
297	801
297	875
298	115
298	316
298	625
298	827
298	939
298	941
299	80
299	295
299	322
299	689
299	711
299	993
300	506
300	590
300	712
300	955
300	982
300	992
301	365
301	489
301	825
301	829
301	841
301	869
302	328
302	503
302	570
302	730
302	732
302	973
303	331
303	577
303	756
303	760
303	845
303	878
304	721
304	792
304	814
304	850
304	864
304	947
305	722
305	839
305	929
305	954
305	987
305	998
306	398
306	651
306	856
306	973
306	985
306	1000
307	1
307	296
307	506
307	518
307	590
307	992
308	428
308	592
308	670
308	908
308	914
308	921
309	582
309	612
309	698
309	813
309	948
309	968
310	166
310	238
310	367
310	405
310	650
310	713
311	40
311	565
311	932
311	938
311	987
311	993
312	127
312	136
312	400
312	787
312	895
312	941
313	218
313	240
313	499
313	615
313	633
313	733
314	79
314	239
314	265
314	297
314	774
314	970
315	475
315	580
315	805
315	857
315	921
315	943
316	298
316	366
316	582
316	619
316	827
316	848
317	84
317	437
317	591
317	882
317	931
317	942
318	256
318	585
318	650
318	720
318	927
318	981
319	23
319	74
319	554
319	597
319	639
319	828
320	32
320	570
320	903
320	953
320	973
320	994
321	457
321	812
321	867
321	912
321	918
321	936
322	212
322	299
322	415
322	557
322	822
322	884
323	192
323	395
323	627
323	637
323	669
323	886
324	644
324	696
324	803
324	861
324	862
324	944
325	135
325	270
325	463
325	654
325	781
325	872
326	381
326	422
326	618
326	836
326	858
326	877
327	382
327	808
327	814
327	846
327	850
327	864
328	259
328	302
328	430
328	503
328	874
328	932
329	144
329	236
329	561
329	632
329	882
329	944
330	3
330	410
330	564
330	768
330	780
330	925
331	232
331	303
331	771
331	772
331	893
331	908
332	706
332	734
332	865
332	949
332	964
332	965
333	97
333	160
333	394
333	611
333	905
333	906
334	125
334	417
334	715
334	723
334	905
334	937
335	349
335	566
335	754
335	782
335	842
335	997
336	595
336	783
336	798
336	913
336	942
336	956
337	924
337	946
337	953
337	966
337	977
337	996
338	180
338	254
338	629
338	788
338	789
338	981
339	692
339	844
339	876
339	951
339	967
339	988
340	440
340	740
340	815
340	818
340	945
340	967
341	81
341	489
341	589
341	624
341	841
341	869
342	247
342	567
342	698
342	701
342	922
342	975
343	276
343	726
343	736
343	737
343	907
343	915
344	789
344	852
344	863
344	873
344	955
344	965
345	714
345	849
345	945
345	960
345	967
345	974
346	742
346	774
346	779
346	812
346	940
346	984
347	245
347	620
347	671
347	877
347	895
347	993
348	38
348	142
348	184
348	445
348	676
348	823
349	36
349	335
349	385
349	639
349	828
349	962
350	197
350	363
350	391
350	686
350	931
350	942
351	434
351	525
351	727
351	880
351	965
351	967
352	28
352	574
352	604
352	730
352	733
352	767
353	261
353	523
353	566
353	647
353	688
353	893
354	759
354	795
354	945
354	956
354	965
354	967
355	724
355	764
355	897
355	972
355	989
355	995
356	586
356	718
356	849
356	960
356	974
356	978
357	144
357	385
357	809
357	959
357	961
357	997
358	591
358	714
358	795
358	843
358	880
358	967
359	27
359	417
359	670
359	846
359	859
359	863
360	402
360	681
360	858
360	931
360	932
360	958
361	444
361	770
361	843
361	854
361	962
361	990
362	226
362	623
362	625
362	734
362	883
362	939
363	350
363	521
363	638
363	645
363	985
363	997
364	429
364	786
364	801
364	831
364	965
364	979
365	301
365	602
365	838
365	854
365	974
365	978
366	316
366	482
366	813
366	859
366	948
366	980
367	310
367	586
367	629
367	927
367	981
367	982
368	600
368	772
368	878
368	898
368	959
368	998
369	662
369	792
369	814
369	829
369	850
369	864
370	524
370	700
370	957
370	980
370	997
370	999
371	422
371	468
371	628
371	958
371	987
371	992
372	124
372	191
372	488
372	633
372	925
372	944
373	14
373	504
373	626
373	822
373	851
373	928
374	126
374	454
374	707
374	757
374	770
374	866
375	63
375	205
375	719
375	916
375	972
375	985
376	15
376	91
376	252
376	386
376	426
376	802
377	151
377	523
377	647
377	688
377	859
377	980
378	550
378	663
378	867
378	912
378	918
378	936
379	569
379	675
379	696
379	786
379	811
379	957
379	968
380	585
380	586
380	629
380	706
380	751
380	927
380	982
381	12
381	204
381	262
381	326
381	480
381	695
381	994
382	327
382	617
382	721
382	792
382	808
382	850
382	864
383	648
383	662
383	792
383	808
383	814
383	864
383	947
384	92
384	106
384	224
384	444
384	707
384	843
384	962
385	96
385	142
385	349
385	357
385	671
385	834
385	909
386	43
386	78
386	91
386	252
386	376
386	802
386	909
387	463
387	728
387	759
387	784
387	795
387	945
387	967
388	641
388	714
388	795
388	945
388	965
388	967
388	975
389	137
389	189
389	468
389	629
389	788
389	927
389	1000
390	401
390	452
390	682
390	719
390	860
390	885
390	953
391	350
391	513
391	558
391	578
391	638
391	752
391	985
392	513
392	645
392	762
392	778
392	916
392	973
392	985
393	447
393	793
393	806
393	840
393	890
393	960
393	963
394	228
394	264
394	333
394	791
394	905
394	906
394	911
395	18
395	70
395	192
395	323
395	405
395	669
395	820
396	674
396	676
396	813
396	827
396	848
396	856
396	1000
397	2
397	680
397	730
397	777
397	807
397	925
397	944
398	306
398	645
398	752
398	803
398	861
398	862
398	902
399	95
399	124
399	139
399	206
399	219
399	793
399	898
400	312
400	593
400	738
400	815
400	831
400	870
400	994
401	390
401	409
401	500
401	719
401	930
401	946
401	985
402	272
402	360
402	472
402	618
402	620
402	958
402	993
403	753
403	787
403	815
403	831
403	895
403	933
403	979
404	161
404	679
404	781
404	799
404	821
404	853
404	898
405	5
405	310
405	395
405	602
405	669
405	886
405	927
406	169
406	672
406	753
406	815
406	817
406	895
406	940
407	723
407	833
407	883
407	939
407	947
407	969
407	975
408	130
408	881
408	903
408	949
408	951
408	952
408	955
409	59
409	216
409	401
409	825
409	873
409	953
409	996
410	29
410	330
410	599
410	673
410	780
410	819
410	837
411	466
411	691
411	825
411	873
411	924
411	977
411	996
412	147
412	567
412	642
412	841
412	860
412	973
412	975
413	121
413	538
413	653
413	822
413	839
413	983
413	998
414	436
414	451
414	686
414	744
414	819
414	897
414	972
415	322
415	699
415	716
415	797
415	822
415	851
415	938
416	265
416	677
416	816
416	849
416	960
416	974
416	978
417	118
417	334
417	359
417	700
417	710
417	886
417	905
418	131
418	577
418	581
418	803
418	861
418	862
418	902
419	26
419	257
419	259
419	645
419	752
419	916
419	985
420	568
420	758
420	846
420	875
420	959
420	970
420	988
421	502
421	635
421	801
421	920
421	946
421	953
421	966
422	326
422	371
422	587
422	628
422	671
422	987
422	993
423	568
423	743
423	758
423	788
423	879
423	927
423	944
424	525
424	657
424	659
424	666
424	739
424	829
424	970
425	256
425	284
425	517
425	622
425	691
425	843
425	858
426	77
426	376
426	481
426	695
426	802
426	803
426	973
427	198
427	276
427	656
427	752
427	818
427	891
427	907
428	308
428	456
428	463
428	584
428	592
428	833
428	872
429	137
429	364
429	438
429	703
429	811
429	881
429	999
430	36
430	328
430	495
430	537
430	643
430	729
430	828
431	565
431	596
431	847
431	868
431	920
431	922
431	990
432	436
432	744
432	798
432	882
432	913
432	931
432	942
433	581
433	644
433	775
433	861
433	862
433	890
433	902
434	157
434	351
434	727
434	833
434	883
434	902
434	969
435	251
435	737
435	750
435	871
435	915
435	966
435	990
436	159
436	414
436	432
436	926
436	976
436	989
436	991
437	317
437	509
437	595
437	631
437	773
437	913
437	971
438	429
438	517
438	703
438	754
438	834
438	959
438	999
439	65
439	289
439	297
439	527
439	875
439	946
439	971
440	340
440	572
440	683
440	769
440	870
440	979
440	993
441	72
441	246
441	572
441	587
441	673
441	769
441	922
442	45
442	702
442	866
442	871
442	909
442	966
442	969
443	21
443	492
443	679
443	789
443	853
443	865
443	949
444	361
444	384
444	453
444	454
444	658
444	762
444	990
445	270
445	348
445	484
445	670
445	846
445	872
445	956
446	288
446	569
446	786
446	790
446	839
446	881
446	999
447	56
447	281
447	393
447	512
447	755
447	766
447	840
448	562
448	653
448	717
448	722
448	839
448	983
448	998
449	264
449	591
449	740
449	880
449	945
449	957
449	999
450	207
450	684
450	692
450	759
450	910
450	965
450	967
451	175
451	414
451	848
451	956
451	976
451	980
451	991
452	15
452	77
452	91
452	179
452	390
452	511
452	802
453	62
453	126
453	444
453	693
453	757
453	843
453	962
454	275
454	374
454	444
454	757
454	854
454	917
454	990
455	622
455	672
455	728
455	811
455	957
455	958
455	999
456	39
456	271
456	428
456	833
456	863
456	872
456	956
457	321
457	547
457	579
457	867
457	912
457	918
457	936
458	268
458	497
458	631
458	691
458	888
458	962
458	986
459	805
459	835
459	889
459	908
459	914
459	921
459	943
460	5
460	114
460	570
460	610
460	695
460	903
460	994
461	721
461	814
461	822
461	834
461	864
461	919
461	928
462	467
462	737
462	860
462	892
462	908
462	914
462	917
463	33
463	325
463	387
463	428
463	563
463	576
463	670
464	94
464	157
464	531
464	640
464	723
464	883
464	947
465	283
465	847
465	868
465	879
465	910
465	951
465	952
466	76
466	411
466	471
466	825
466	873
466	946
466	977
467	462
467	726
467	771
467	914
467	917
467	921
467	943
468	371
468	389
468	652
468	664
468	924
468	994
468	1000
469	97
469	640
469	651
469	700
469	710
469	905
469	911
470	472
470	648
470	741
470	742
470	774
470	779
470	984
471	90
471	466
471	763
471	825
471	952
471	966
471	987
472	402
472	470
472	741
472	742
472	774
472	779
472	940
473	215
473	608
473	609
473	616
473	668
473	911
473	982
474	290
474	476
474	593
474	709
474	891
474	899
474	979
475	315
475	791
475	855
475	857
475	917
475	934
475	982
476	46
476	217
476	474
476	495
476	554
476	729
476	828
477	625
477	720
477	751
477	767
477	788
477	878
477	939
478	2
478	117
478	857
478	869
478	885
478	934
478	950
479	225
479	484
479	670
479	676
479	846
479	859
479	863
480	381
480	638
480	916
480	973
480	983
480	985
480	994
481	183
481	426
481	690
481	903
481	911
481	973
481	994
482	222
482	366
482	549
482	574
482	730
482	889
482	934
482	944
483	524
483	746
483	775
483	929
483	954
483	983
483	996
483	998
484	135
484	212
484	225
484	270
484	445
484	479
484	654
484	670
485	83
485	154
485	750
485	866
485	871
485	907
485	915
485	966
486	646
486	737
486	750
486	866
486	871
486	915
486	966
486	975
487	559
487	589
487	655
487	826
487	860
487	869
487	884
487	950
488	372
488	665
488	764
488	887
488	926
488	961
488	972
488	989
489	81
489	301
489	341
489	840
489	841
489	869
489	885
489	950
490	534
490	548
490	596
490	764
490	832
490	868
490	922
490	935
491	182
491	196
491	209
491	603
491	716
491	797
491	849
491	938
492	114
492	123
492	181
492	443
492	679
492	781
492	821
492	853
493	508
493	571
493	611
493	634
493	761
493	765
493	835
493	977
494	79
494	746
494	749
494	929
494	954
494	983
494	996
494	998
495	23
495	57
495	90
495	430
495	476
495	554
495	639
495	729
496	202
496	206
496	231
496	749
496	755
496	761
496	780
496	948
497	8
497	108
497	458
497	520
497	566
497	829
497	843
497	884
498	63
498	616
498	619
498	780
498	925
498	972
498	973
498	985
499	191
499	313
499	574
499	604
499	632
499	767
499	944
499	999
500	151
500	287
500	401
500	680
500	867
500	930
500	943
500	946
501	176
501	230
501	682
501	839
501	860
501	885
501	983
501	998
502	21
502	126
502	421
502	637
502	829
502	834
502	854
502	969
503	19
503	155
503	302
503	328
503	541
503	551
503	874
503	932
504	373
504	544
504	567
504	655
504	884
504	946
504	953
504	977
505	116
505	583
505	724
505	926
505	976
505	989
505	991
505	995
506	1
506	296
506	300
506	307
506	537
506	590
506	952
506	992
507	523
507	616
507	647
507	668
507	688
507	823
507	893
507	982
508	110
508	493
508	517
508	671
508	745
508	754
508	961
508	984
509	437
509	584
509	603
509	773
509	783
509	798
509	931
509	971
510	184
510	606
510	745
510	754
510	823
510	920
510	959
510	969
511	77
511	78
511	199
511	248
511	252
511	452
511	538
511	802
512	166
512	447
512	586
512	720
512	743
512	776
512	788
512	981
513	283
513	391
513	392
513	553
513	784
513	797
513	916
513	938
514	204
514	570
514	690
514	695
514	806
514	941
514	963
514	981
515	570
515	698
515	859
515	941
515	948
515	968
515	980
515	997
516	233
516	665
516	689
516	699
516	707
516	822
516	884
516	919
517	95
517	425
517	438
517	508
517	707
517	754
517	909
517	962
518	1
518	278
518	296
518	307
518	537
518	584
518	590
518	992
519	4
519	22
519	118
519	606
519	628
519	745
519	834
519	961
520	8
520	108
520	497
520	575
520	602
520	708
520	854
520	892
521	363
521	742
521	752
521	774
521	779
521	916
521	984
521	985
522	82
522	171
522	702
522	840
522	875
522	890
522	948
522	963
523	137
523	261
523	353
523	377
523	507
523	647
523	688
523	893
524	370
524	483
524	786
524	929
524	957
524	983
524	998
524	999
525	266
525	351
525	424
525	657
525	659
525	666
525	739
525	970
526	87
526	572
526	587
526	668
526	769
526	911
526	958
526	982
527	146
527	176
527	297
527	439
527	801
527	896
527	988
527	994
528	158
528	544
528	695
528	835
528	917
528	921
528	953
528	977
529	630
529	667
529	693
529	796
529	844
529	894
529	910
529	952
530	244
530	800
530	854
530	888
530	897
530	981
530	990
530	995
531	464
531	715
531	723
531	751
531	766
531	793
531	835
531	991
532	193
532	718
532	816
532	838
532	862
532	960
532	974
532	978
533	90
533	172
533	605
533	678
533	692
533	725
533	910
533	952
534	247
534	490
534	697
534	809
534	847
534	903
534	973
534	990
535	612
535	738
535	817
535	818
535	831
535	870
535	933
535	997
536	240
536	254
536	627
536	743
536	751
536	788
536	927
536	981
537	74
537	430
537	506
537	518
537	590
537	597
537	828
537	992
538	413
538	511
538	717
538	722
538	839
538	954
538	983
538	998
539	165
539	257
539	580
539	757
539	819
539	855
539	917
539	985
540	291
540	617
540	690
540	753
540	831
540	881
540	933
540	999
541	75
541	89
541	503
541	692
541	824
541	910
541	937
541	951
542	233
542	568
542	809
542	823
542	896
542	909
542	920
542	971
543	80
543	626
543	628
543	655
543	681
543	851
543	987
543	993
544	504
544	528
544	606
544	711
544	825
544	900
544	906
544	953
545	163
545	568
545	731
545	735
545	758
545	971
545	988
545	992
546	211
546	234
546	760
546	772
546	845
546	878
546	893
546	959
547	85
547	457
547	579
547	663
547	800
547	918
547	936
547	998
548	27
548	490
548	771
548	842
548	868
548	879
548	922
548	935
549	218
549	482
549	733
549	790
549	807
549	853
549	888
549	944
550	378
550	614
550	706
550	789
550	852
550	865
550	949
550	955
551	19
551	68
551	155
551	208
551	259
551	503
551	874
551	932
552	167
552	278
552	560
552	748
552	856
552	901
552	994
552	1000
553	35
553	209
553	219
553	513
553	728
553	778
553	797
553	938
554	104
554	319
554	476
554	495
554	643
554	697
554	729
554	828
555	685
555	718
555	816
555	838
555	849
555	960
555	974
555	978
556	117
556	816
556	825
556	873
556	946
556	960
556	974
556	996
557	41
557	238
557	322
557	647
557	688
557	893
557	919
557	928
558	9
558	391
558	578
558	638
558	645
558	894
558	916
558	985
559	187
559	487
559	711
559	789
559	851
559	884
559	919
559	928
560	27
560	53
560	552
560	627
560	664
560	856
560	924
560	1000
561	124
561	329
561	574
561	632
561	633
561	730
561	815
561	944
562	448
562	722
562	749
562	835
562	929
562	954
562	983
562	996
562	998
563	5
563	33
563	225
563	292
563	463
563	576
563	654
563	676
563	872
564	3
564	8
564	31
564	330
564	599
564	619
564	748
564	768
564	925
565	253
565	311
565	431
565	832
565	868
565	920
565	922
565	935
565	975
566	21
566	224
566	335
566	353
566	497
566	631
566	757
566	762
566	962
567	280
567	342
567	412
567	504
567	847
567	879
567	922
567	935
567	975
568	100
568	195
568	420
568	423
568	542
568	545
568	801
568	837
568	970
569	288
569	379
569	446
569	597
569	636
569	703
569	957
569	968
569	999
570	247
570	302
570	320
570	460
570	514
570	515
570	695
570	973
570	994
571	16
571	43
571	285
571	493
571	611
571	634
571	708
571	977
572	150
572	246
572	440
572	441
572	526
572	587
572	683
572	769
572	914
573	601
573	607
573	756
573	772
573	845
573	878
573	891
573	893
573	959
574	163
574	352
574	482
574	499
574	561
574	777
574	807
574	944
574	988
575	520
575	602
575	649
575	708
575	854
575	875
575	897
575	976
575	995
576	38
576	463
576	563
576	579
576	654
576	676
576	859
576	872
576	956
577	303
577	418
577	644
577	760
577	775
577	803
577	845
577	862
577	878
578	188
578	391
578	558
578	638
578	762
578	778
578	916
578	972
578	985
579	457
579	547
579	576
579	663
579	800
579	812
579	867
579	912
579	936
580	315
580	539
580	837
580	857
580	889
580	917
580	921
580	934
580	943
581	177
581	418
581	433
581	775
581	803
581	861
581	862
581	890
581	902
582	61
582	309
582	316
582	698
582	848
582	859
582	898
582	900
582	980
583	505
583	897
583	926
583	961
583	976
583	986
583	989
583	991
583	995
584	135
584	428
584	509
584	518
584	590
584	833
584	863
584	992
585	180
585	318
585	380
585	629
585	700
585	720
585	743
585	745
585	751
586	120
586	356
586	367
586	380
586	512
586	700
586	849
586	974
586	978
587	72
587	149
587	246
587	422
587	441
587	526
587	572
587	673
587	683
588	34
588	98
588	612
588	679
588	722
588	799
588	821
588	853
588	898
589	81
589	341
589	487
589	613
589	791
589	841
589	860
589	869
589	885
590	228
590	296
590	300
590	307
590	506
590	518
590	537
590	584
590	992
591	317
591	358
591	449
591	714
591	740
591	759
591	880
591	965
591	967
592	87
592	139
592	204
592	221
592	308
592	428
592	670
592	761
592	963
593	400
593	474
593	631
593	753
593	817
593	818
593	831
593	891
593	979
594	249
594	277
594	618
594	624
594	658
594	800
594	826
594	836
594	993
595	336
595	437
595	783
595	882
595	913
595	931
595	942
595	971
595	983
596	141
596	431
596	490
596	654
596	832
596	842
596	879
596	935
596	990
597	74
597	319
597	537
597	569
597	643
597	696
597	697
597	729
597	828
598	140
598	677
598	704
598	816
598	849
598	851
598	960
598	974
598	978
599	67
599	88
599	268
599	271
599	410
599	564
599	616
599	768
599	831
600	368
600	653
600	692
600	746
600	898
600	954
600	983
600	996
600	998
601	573
601	735
601	756
601	760
601	772
601	845
601	878
601	893
601	959
602	8
602	108
602	365
602	405
602	520
602	575
602	708
602	829
602	854
603	40
603	491
603	509
603	630
603	783
603	799
603	908
603	913
603	938
604	205
604	293
604	352
604	499
604	632
604	733
604	807
604	925
604	944
605	79
605	297
605	533
605	672
605	753
605	787
605	817
605	879
605	971
606	93
606	510
606	519
606	544
606	635
606	909
606	959
606	969
606	984
607	573
607	756
607	772
607	813
607	878
607	904
607	968
607	980
607	987
608	71
608	473
608	609
608	616
608	629
608	668
608	712
608	911
608	982
609	176
609	195
609	473
609	608
609	712
609	758
609	970
609	982
609	988
610	5
610	247
610	460
610	690
610	695
610	701
610	903
610	968
610	994
611	16
611	237
611	285
611	333
611	493
611	571
611	634
611	708
611	977
612	61
612	203
612	309
612	535
612	588
612	781
612	821
612	827
612	853
613	238
613	589
613	617
613	860
613	869
613	881
613	885
613	957
613	999
614	39
614	550
614	705
614	734
614	830
614	852
614	949
614	955
614	964
615	218
615	313
615	632
615	730
615	767
615	807
615	888
615	907
615	925
616	473
616	498
616	507
616	599
616	608
616	712
616	768
616	780
616	980
617	263
617	382
617	540
617	613
617	675
617	703
617	786
617	881
617	999
618	326
618	402
618	594
618	621
618	923
618	958
618	987
618	992
618	993
619	268
619	316
619	498
619	564
619	674
619	768
619	900
619	980
619	997
620	347
620	402
620	621
620	624
620	836
620	932
620	964
620	987
620	993
621	227
621	618
621	620
621	622
621	639
621	681
621	858
621	958
621	993
622	242
622	425
622	455
622	621
622	628
622	836
622	852
622	858
622	958
623	44
623	226
623	362
623	625
623	727
623	734
623	767
623	907
623	939
624	113
624	341
624	594
624	620
624	841
624	854
624	885
624	950
624	993
625	44
625	298
625	362
625	477
625	623
625	734
625	767
625	907
625	939
626	14
626	373
626	543
626	667
626	689
626	699
626	822
626	884
626	928
627	323
627	536
627	560
627	651
627	669
627	820
627	856
627	886
627	994
628	371
628	422
628	519
628	543
628	622
628	877
628	932
628	958
628	987
628	992
629	269
629	338
629	367
629	380
629	389
629	585
629	608
629	776
629	981
629	982
630	17
630	529
630	603
630	684
630	705
630	716
630	784
630	797
630	923
630	988
631	437
631	458
631	566
631	593
631	843
631	882
631	888
631	913
631	931
631	971
632	293
632	329
632	499
632	561
632	604
632	615
632	790
632	925
632	944
632	981
633	124
633	134
633	191
633	313
633	372
633	561
633	735
633	838
633	888
633	925
634	16
634	140
634	237
634	285
634	493
634	571
634	611
634	708
634	977
635	118
635	255
635	421
635	606
635	637
635	671
635	745
635	834
635	909
635	984
636	264
636	569
636	675
636	703
636	786
636	790
636	920
636	957
636	968
636	999
637	37
637	323
637	502
637	635
637	661
637	754
637	823
637	834
637	909
637	920
638	1
638	363
638	391
638	480
638	558
638	578
638	645
638	752
638	916
638	985
639	46
639	231
639	319
639	349
639	495
639	621
639	648
639	804
639	877
639	987
640	198
640	464
640	469
640	675
640	723
640	727
640	883
640	905
640	906
640	975
641	289
641	388
641	714
641	740
641	759
641	784
641	795
641	880
641	945
641	956
642	63
642	278
642	412
642	847
642	868
642	920
642	922
642	935
642	966
642	975
643	23
643	217
643	430
643	554
643	597
643	684
643	696
643	697
643	729
643	828
644	200
644	274
644	324
644	433
644	577
644	775
644	803
644	861
644	862
644	902
645	200
645	363
645	392
645	398
645	419
645	558
645	638
645	752
645	916
645	973
646	102
646	198
646	486
646	737
646	750
646	866
646	871
646	907
646	915
646	920
647	89
647	220
647	261
647	353
647	377
647	507
647	523
647	557
647	688
647	893
648	138
648	383
648	470
648	639
648	671
648	741
648	774
648	836
648	984
648	987
649	286
649	575
649	724
649	764
649	897
649	919
649	926
649	976
649	989
649	995
650	113
650	310
650	318
650	720
650	751
650	776
650	788
650	927
650	951
650	981
651	214
651	306
651	469
651	627
651	687
651	763
651	804
651	856
651	901
651	1000
652	146
652	214
652	468
652	687
652	694
652	804
652	901
652	924
652	994
652	1000
653	413
653	448
653	600
653	709
653	785
653	921
653	929
653	983
653	996
653	998
654	38
654	325
654	484
654	563
654	576
654	596
654	676
654	846
654	863
654	956
655	295
655	487
655	504
655	543
655	689
655	699
655	771
655	884
655	919
655	928
656	122
656	267
656	427
656	817
656	870
656	895
656	933
656	950
656	979
656	997
657	223
657	266
657	424
657	525
657	659
657	666
657	739
657	748
657	970
657	984
658	444
658	594
658	671
658	873
658	924
658	946
658	953
658	958
658	966
658	993
659	197
659	266
659	424
659	525
659	657
659	666
659	739
659	748
659	829
659	970
660	171
660	258
660	691
660	757
660	810
660	941
660	962
660	963
660	990
660	991
661	138
661	637
661	745
661	792
661	814
661	823
661	850
661	864
661	932
661	984
662	219
662	369
662	383
662	721
662	808
662	814
662	850
662	862
662	864
662	947
663	73
663	85
663	378
663	547
663	579
663	718
663	812
663	867
663	912
663	936
664	278
664	468
664	560
664	674
664	804
664	856
664	901
664	936
664	994
664	1000
665	131
665	187
665	488
665	516
665	689
665	699
665	822
665	884
665	919
665	928
666	109
666	424
666	525
666	657
666	659
666	729
666	739
666	748
666	829
666	970
667	529
667	626
667	678
667	693
667	796
667	824
667	887
667	894
667	937
667	940
668	71
668	258
668	473
668	507
668	526
668	608
668	712
668	773
668	911
668	982
669	18
669	70
669	128
669	192
669	323
669	395
669	405
669	627
669	820
669	886
670	39
670	308
670	359
670	445
670	463
670	479
670	484
670	592
670	676
670	721
670	859
671	347
671	385
671	422
671	508
671	635
671	648
671	658
671	754
671	808
671	969
671	993
672	180
672	406
672	455
672	605
672	815
672	858
672	877
672	950
672	958
672	979
672	993
673	246
673	410
673	441
673	587
673	683
673	766
673	769
673	805
673	855
673	857
673	908
674	29
674	214
674	396
674	619
674	664
674	763
674	804
674	856
674	901
674	924
674	1000
675	103
675	152
675	263
675	291
675	379
675	617
675	636
675	640
675	811
675	957
675	968
676	33
676	348
676	396
676	479
676	563
676	576
676	654
676	670
676	833
676	872
676	956
677	47
677	416
677	598
677	682
677	704
677	816
677	838
677	849
677	960
677	974
677	978
678	148
678	243
678	533
678	667
678	685
678	814
678	844
678	881
678	894
678	952
678	964
679	34
679	404
679	443
679	492
679	588
679	781
679	799
679	821
679	853
679	898
679	902
680	397
680	500
680	719
680	825
680	838
680	849
680	946
680	953
680	960
680	974
680	978
681	67
681	147
681	284
681	360
681	543
681	621
681	858
681	877
681	958
681	987
681	993
682	30
682	81
682	168
682	235
682	390
682	501
682	677
682	826
682	860
682	885
682	950
683	72
683	149
683	150
683	158
683	246
683	440
683	572
683	587
683	673
683	739
683	769
684	294
684	450
684	630
684	643
684	693
684	824
684	894
684	923
684	937
684	940
684	951
685	66
685	75
685	555
685	678
685	824
685	876
685	910
685	923
685	940
685	952
685	964
686	6
686	244
686	350
686	414
686	926
686	972
686	976
686	981
686	986
686	989
686	995
687	651
687	652
687	737
687	750
687	805
687	819
687	889
687	892
687	901
687	994
687	1000
688	89
688	137
688	261
688	353
688	377
688	507
688	523
688	557
688	647
688	792
688	893
689	299
689	516
689	626
689	655
689	665
689	711
689	822
689	851
689	884
689	928
689	969
690	183
690	204
690	210
690	481
690	514
690	540
690	610
690	695
690	903
690	973
690	994
691	139
691	275
691	411
691	425
691	458
691	660
691	757
691	762
691	770
691	962
691	986
692	339
692	450
692	533
692	541
692	600
692	693
692	824
692	844
692	894
692	910
692	937
693	453
693	529
693	667
693	684
693	692
693	694
693	876
693	910
693	923
693	937
693	952
694	29
694	294
694	652
694	693
694	856
694	901
694	937
694	952
694	964
694	984
694	1000
695	32
695	173
695	381
695	426
695	460
695	514
695	528
695	570
695	610
695	690
695	973
696	217
696	324
696	379
696	597
696	643
696	729
696	775
696	803
696	828
696	861
696	862
697	36
697	217
697	534
697	554
697	597
697	643
697	847
697	868
697	911
697	922
697	990
698	105
698	309
698	342
698	515
698	582
698	782
698	813
698	848
698	900
698	904
698	980
699	61
699	80
699	415
699	516
699	626
699	655
699	665
699	822
699	884
699	919
699	928
700	10
700	142
700	370
700	417
700	469
700	585
700	586
700	720
700	905
700	911
700	927
701	32
701	111
701	173
701	210
701	260
701	342
701	610
701	812
701	894
701	918
701	936
702	82
702	171
702	231
702	442
702	522
702	766
702	793
702	810
702	840
702	948
702	963
703	264
703	429
703	438
703	569
703	617
703	636
703	786
703	811
703	957
703	968
703	986
704	47
704	64
704	598
704	677
704	718
704	816
704	824
704	838
704	960
704	974
704	978
705	614
705	630
705	706
705	736
705	755
705	789
705	830
705	852
705	863
705	930
705	949
706	60
706	332
706	380
706	550
706	705
706	830
706	852
706	863
706	865
706	949
706	955
707	126
707	170
707	180
707	275
707	374
707	384
707	516
707	517
707	770
707	800
707	962
708	285
708	520
708	571
708	575
708	602
708	611
708	634
708	829
708	854
708	871
708	977
709	13
709	474
709	653
709	746
709	817
709	818
709	839
709	889
709	895
709	954
709	983
710	24
710	58
710	160
710	198
710	417
710	469
710	791
710	886
710	905
710	906
710	911
711	101
711	138
711	186
711	299
711	544
711	559
711	689
711	884
711	919
711	946
711	977
712	71
712	154
712	193
712	215
712	258
712	300
712	608
712	609
712	616
712	668
712	911
712	982
713	195
713	269
713	310
713	743
713	751
713	788
713	926
713	961
713	976
713	986
713	989
713	995
714	50
714	112
714	345
714	358
714	388
714	591
714	641
714	795
714	880
714	925
714	945
714	967
715	60
715	94
715	143
715	334
715	531
715	723
715	727
715	833
715	939
715	947
715	969
715	975
716	35
716	55
716	182
716	279
716	415
716	491
716	630
716	728
716	778
716	784
716	797
716	938
717	448
717	538
717	746
717	785
717	839
717	898
717	928
717	929
717	954
717	983
717	996
717	998
718	356
718	532
718	555
718	663
718	704
718	739
718	816
718	838
718	849
718	960
718	974
718	978
719	56
719	375
719	390
719	401
719	680
719	787
719	825
719	906
719	924
719	946
719	953
719	996
720	318
720	477
720	512
720	585
720	650
720	700
720	743
720	751
720	776
720	832
720	927
720	974
721	304
721	382
721	461
721	662
721	670
721	792
721	808
721	814
721	850
721	864
721	947
721	995
722	305
722	448
722	538
722	562
722	588
722	731
722	746
722	929
722	954
722	983
722	996
722	998
723	143
723	334
723	407
723	464
723	531
723	640
723	715
723	863
723	883
723	947
723	969
723	975
724	355
724	505
724	649
724	744
724	764
724	883
724	887
724	926
724	976
724	981
724	989
724	991
725	129
725	148
725	533
725	844
725	876
725	887
725	894
725	906
725	923
725	952
725	964
725	979
726	20
726	59
726	83
726	154
726	174
726	185
726	343
726	467
726	750
726	866
726	915
726	966
727	125
727	141
727	143
727	351
727	434
727	623
727	640
727	715
727	883
727	939
727	969
727	975
728	209
728	387
728	455
728	553
728	716
728	740
728	797
728	880
728	938
728	945
728	956
728	967
729	23
729	74
729	430
729	476
729	495
729	554
729	597
729	643
729	666
729	696
729	828
729	989
730	293
730	302
730	352
730	397
730	482
730	561
730	615
730	733
730	790
730	888
730	926
730	944
731	100
731	289
731	545
731	722
731	839
731	879
731	924
731	929
731	954
731	971
731	983
731	998
732	155
732	178
732	259
732	302
732	794
732	835
732	874
732	892
732	895
732	908
732	914
732	932
733	163
733	191
733	313
733	352
733	549
733	604
733	730
733	735
733	807
733	925
733	944
733	983
734	226
734	332
734	362
734	614
734	623
734	625
734	830
734	907
734	949
734	955
734	965
734	972
735	545
735	601
735	633
735	733
735	758
735	767
735	846
735	879
735	888
735	902
735	944
735	971
736	83
736	343
736	705
736	750
736	866
736	868
736	871
736	947
736	949
736	955
736	964
736	965
737	20
737	117
737	174
737	178
737	295
737	343
737	435
737	462
737	486
737	646
737	687
737	914
738	122
738	127
738	136
738	245
738	400
738	535
738	787
738	818
738	870
738	891
738	895
738	997
739	109
739	266
739	424
739	525
739	657
739	659
739	666
739	683
739	718
739	748
739	829
739	970
740	340
740	449
740	591
740	641
740	728
740	759
740	880
740	945
740	956
740	965
740	967
740	969
741	49
741	88
741	190
741	470
741	472
741	648
741	742
741	774
741	779
741	880
741	940
741	984
742	49
742	66
742	203
742	346
742	470
742	472
742	521
742	741
742	774
742	779
742	940
742	984
743	254
743	423
743	512
743	536
743	585
743	713
743	720
743	751
743	776
743	927
743	960
743	982
744	414
744	432
744	724
744	783
744	845
744	882
744	887
744	913
744	926
744	942
744	981
744	995
745	144
745	508
745	510
745	519
745	585
745	635
745	661
745	754
745	809
745	823
745	933
745	961
746	483
746	494
746	600
746	709
746	717
746	722
746	839
746	929
746	954
746	983
746	995
746	998
747	13
747	773
747	783
747	801
747	815
747	870
747	882
747	904
747	931
747	942
747	950
747	979
748	88
748	552
748	564
748	657
748	659
748	666
748	739
748	768
748	780
748	829
748	925
748	970
749	202
749	494
749	496
749	562
749	755
749	810
749	816
749	913
749	929
749	941
749	954
749	996
750	435
750	485
750	486
750	646
750	687
750	726
750	736
750	820
750	866
750	871
750	907
750	915
751	380
751	477
751	531
751	536
751	585
751	650
751	713
751	720
751	743
751	788
751	981
751	982
752	391
752	398
752	419
752	427
752	521
752	638
752	645
752	778
752	916
752	972
752	973
752	985
753	133
753	403
753	406
753	540
753	593
753	605
753	801
753	831
753	888
753	895
753	933
753	997
754	22
754	335
754	438
754	508
754	510
754	517
754	637
754	671
754	745
754	823
754	909
754	959
755	237
755	447
755	496
755	705
755	749
755	761
755	789
755	840
755	863
755	949
755	955
755	992
756	303
756	573
756	601
756	607
756	760
756	771
756	772
756	845
756	846
756	878
756	893
756	959
757	21
757	275
757	374
757	453
757	454
757	539
757	566
757	660
757	691
757	800
757	843
757	986
758	197
758	420
758	423
758	545
758	609
758	735
758	881
758	896
758	916
758	972
758	973
758	985
759	354
759	387
759	450
759	591
759	641
759	740
759	762
759	795
759	880
759	918
759	945
759	956
759	967
760	7
760	232
760	303
760	546
760	577
760	601
760	756
760	771
760	845
760	865
760	878
760	893
760	959
761	82
761	493
761	496
761	592
761	755
761	766
761	793
761	794
761	875
761	896
761	946
761	948
761	963
762	9
762	194
762	280
762	392
762	444
762	566
762	578
762	691
762	759
762	916
762	962
762	973
762	985
763	471
763	651
763	674
763	796
763	804
763	844
763	856
763	894
763	901
763	937
763	951
763	977
763	1000
764	244
764	355
764	488
764	490
764	649
764	724
764	811
764	897
764	976
764	981
764	986
764	989
764	995
765	82
765	124
765	202
765	493
765	782
765	806
765	810
765	813
765	827
765	848
765	904
765	912
765	948
766	95
766	447
766	531
766	673
766	702
766	761
766	794
766	806
766	835
766	840
766	896
766	941
766	963
767	28
767	44
767	352
767	477
767	499
767	615
767	623
767	625
767	735
767	777
767	907
767	939
767	964
768	3
768	12
768	41
768	67
768	226
768	330
768	564
768	599
768	616
768	619
768	748
768	780
768	925
769	72
769	87
769	149
769	150
769	246
769	440
769	441
769	526
769	572
769	673
769	683
769	841
769	876
770	92
770	106
770	170
770	280
770	361
770	374
770	691
770	707
770	800
770	843
770	927
770	986
770	990
771	331
771	467
771	548
771	655
771	756
771	760
771	772
771	835
771	845
771	878
771	892
771	914
771	934
772	232
772	234
772	331
772	368
772	546
772	573
772	601
772	607
772	756
772	771
772	878
772	959
772	1000
773	164
773	273
773	437
773	509
773	668
773	747
773	783
773	798
773	845
773	882
773	913
773	931
773	942
774	186
774	190
774	314
774	346
774	470
774	472
774	521
774	648
774	741
774	742
774	779
774	940
774	984
775	133
775	153
775	433
775	483
775	577
775	581
775	644
775	696
775	803
775	861
775	862
775	890
775	902
776	5
776	11
776	240
776	254
776	512
776	629
776	650
776	720
776	743
776	788
776	927
776	937
776	982
777	2
777	134
777	191
777	205
777	293
777	397
777	574
777	767
777	790
777	807
777	861
777	888
777	925
778	26
778	35
778	86
778	196
778	261
778	392
778	553
778	578
778	716
778	752
778	938
778	972
778	985
779	49
779	156
779	190
779	346
779	470
779	472
779	521
779	741
779	742
779	774
779	940
779	978
779	984
780	3
780	12
780	41
780	268
780	271
780	330
780	410
780	496
780	498
780	616
780	748
780	768
780	925
781	34
781	98
781	114
781	181
781	325
781	404
781	492
781	612
781	679
781	799
781	821
781	853
781	898
782	145
782	242
782	335
782	698
782	765
782	813
782	827
782	941
782	948
782	955
782	968
782	980
782	997
783	273
783	336
783	509
783	595
783	603
783	744
783	747
783	773
783	798
783	913
783	931
783	942
783	966
784	196
784	243
784	387
784	513
784	630
784	641
784	716
784	795
784	797
784	880
784	938
784	945
784	967
785	134
785	653
785	717
785	786
785	811
785	881
785	905
785	929
785	949
785	954
785	957
785	983
785	998
785	999
786	152
786	288
786	364
786	379
786	446
786	524
786	617
786	636
786	703
786	785
786	943
786	957
786	968
786	999
787	127
787	290
787	312
787	403
787	605
787	719
787	738
787	815
787	817
787	818
787	870
787	891
787	899
787	933
788	11
788	254
788	338
788	389
788	423
788	477
788	512
788	536
788	650
788	713
788	751
788	776
788	948
788	982
789	338
789	344
789	443
789	550
789	559
789	705
789	755
789	830
789	865
789	930
789	949
789	955
789	964
789	965
790	2
790	228
790	293
790	446
790	549
790	632
790	636
790	730
790	777
790	811
790	944
790	968
790	986
790	999
791	10
791	211
791	394
791	475
791	589
791	710
791	886
791	889
791	892
791	905
791	906
791	914
791	921
791	934
792	25
792	132
792	304
792	369
792	382
792	383
792	661
792	688
792	721
792	808
792	814
792	850
792	864
792	947
793	393
793	399
793	531
793	702
793	761
793	794
793	806
793	835
793	875
793	890
793	941
793	950
793	963
793	991
794	42
794	82
794	202
794	732
794	761
794	766
794	793
794	806
794	840
794	875
794	890
794	896
794	948
794	963
795	112
795	354
795	358
795	387
795	388
795	641
795	714
795	759
795	784
795	924
795	945
795	956
795	965
795	967
796	54
796	55
796	93
796	172
796	243
796	529
796	667
796	763
796	876
796	881
796	887
796	952
796	964
796	990
797	35
797	40
797	182
797	196
797	415
797	491
797	513
797	553
797	630
797	716
797	728
797	784
797	844
797	938
798	68
798	164
798	336
798	432
798	509
798	773
798	783
798	799
798	810
798	882
798	925
798	931
798	942
798	971
799	114
799	404
799	588
799	603
799	679
799	781
799	798
799	821
799	853
799	882
799	897
799	913
799	942
799	971
800	62
800	107
800	530
800	547
800	579
800	594
800	707
800	757
800	770
800	812
800	847
800	867
800	918
800	962
801	250
801	297
801	364
801	421
801	527
801	568
801	747
801	753
801	818
801	831
801	891
801	896
801	970
801	979
802	15
802	43
802	77
802	78
802	91
802	179
802	199
802	248
802	252
802	376
802	386
802	426
802	452
802	511
803	153
803	208
803	324
803	398
803	418
803	426
803	577
803	581
803	644
803	696
803	775
803	861
803	862
803	890
804	86
804	639
804	651
804	652
804	664
804	674
804	763
804	836
804	856
804	877
804	958
804	987
804	992
804	1000
805	11
805	178
805	282
805	315
805	459
805	673
805	687
805	835
805	855
805	892
805	908
805	921
805	943
805	952
806	42
806	231
806	393
806	514
806	765
806	766
806	793
806	794
806	835
806	840
806	882
806	890
806	896
806	963
807	2
807	36
807	236
807	397
807	549
807	574
807	604
807	615
807	733
807	777
807	886
807	888
807	925
807	944
808	25
808	145
808	219
808	327
808	382
808	383
808	662
808	671
808	721
808	792
808	814
808	850
808	864
808	947
809	4
809	22
809	37
809	110
809	357
809	534
809	542
809	745
809	823
809	834
809	909
809	920
809	959
809	984
810	69
810	95
810	139
810	153
810	171
810	231
810	660
810	702
810	749
810	765
810	798
810	840
810	875
810	948
810	991
811	152
811	228
811	245
811	379
811	429
811	455
811	675
811	703
811	764
811	785
811	790
811	881
811	957
811	968
811	999
812	73
812	85
812	99
812	107
812	267
812	321
812	346
812	579
812	663
812	701
812	800
812	867
812	912
812	918
812	936
813	99
813	309
813	366
813	396
813	607
813	698
813	765
813	782
813	859
813	900
813	904
813	917
813	941
813	948
813	980
814	131
814	304
814	327
814	369
814	383
814	461
814	661
814	662
814	678
814	721
814	792
814	808
814	850
814	864
814	947
815	340
815	400
815	403
815	406
815	561
815	672
815	747
815	787
815	831
815	891
815	895
815	933
815	966
815	979
815	997
816	64
816	416
816	532
816	555
816	556
816	598
816	677
816	704
816	718
816	749
816	838
816	849
816	960
816	974
816	978
817	127
817	197
817	406
817	535
817	593
817	605
817	656
817	709
817	787
817	870
817	886
817	891
817	895
817	933
817	979
818	202
818	290
818	340
818	427
818	535
818	593
818	709
818	738
818	787
818	801
818	831
818	899
818	933
818	950
818	979
819	121
819	282
819	410
819	414
819	539
819	687
819	857
819	872
819	889
819	892
819	908
819	914
819	917
819	934
819	943
820	70
820	83
820	102
820	128
820	185
820	192
820	276
820	395
820	627
820	669
820	750
820	866
820	886
820	915
820	988
821	34
821	98
821	114
821	161
821	181
821	404
821	492
821	588
821	612
821	679
821	781
821	799
821	853
821	898
821	986
822	220
822	322
822	373
822	413
822	415
822	461
822	516
822	626
822	665
822	689
822	699
822	851
822	884
822	919
822	928
823	97
823	348
823	507
823	510
823	542
823	637
823	661
823	745
823	754
823	809
823	834
823	909
823	959
823	961
823	984
824	96
824	243
824	541
824	667
824	684
824	685
824	692
824	704
824	844
824	881
824	923
824	937
824	940
824	951
824	964
825	56
825	223
825	301
825	409
825	411
825	466
825	471
825	544
825	556
825	680
825	719
825	873
825	900
825	906
825	946
826	30
826	52
826	230
826	272
826	487
826	594
826	682
826	858
826	860
826	869
826	877
826	932
826	950
826	987
826	995
827	86
827	145
827	298
827	316
827	396
827	612
827	765
827	782
827	842
827	848
827	899
827	904
827	968
827	980
827	991
828	23
828	46
828	74
828	217
828	319
828	349
828	430
828	476
828	537
828	554
828	597
828	643
828	696
828	729
828	866
829	8
829	109
829	301
829	369
829	424
829	497
829	502
829	602
829	659
829	666
829	708
829	739
829	748
829	854
829	970
830	60
830	130
830	260
830	614
830	705
830	706
830	734
830	789
830	852
830	863
830	865
830	930
830	955
830	964
830	965
831	364
831	400
831	403
831	535
831	540
831	593
831	599
831	753
831	801
831	815
831	818
831	870
831	950
831	979
831	997
832	27
832	57
832	141
832	253
832	490
832	565
832	596
832	720
832	868
832	920
832	922
832	935
832	936
832	975
832	990
833	157
833	193
833	225
833	407
833	428
833	434
833	456
833	584
833	676
833	715
833	863
833	939
833	956
833	969
833	975
834	96
834	385
834	438
834	461
834	502
834	519
834	635
834	637
834	809
834	823
834	909
834	920
834	959
834	961
834	984
835	153
835	459
835	493
835	528
835	531
835	562
835	732
835	766
835	771
835	793
835	805
835	806
835	855
835	889
835	991
836	108
836	165
836	272
836	284
836	326
836	594
836	620
836	622
836	648
836	804
836	877
836	932
836	958
836	987
836	992
836	993
837	51
837	103
837	222
837	262
837	279
837	282
837	287
837	410
837	568
837	580
837	855
837	857
837	892
837	908
837	921
837	943
838	47
838	227
838	365
838	532
838	555
838	633
838	677
838	680
838	704
838	718
838	816
838	849
838	960
838	968
838	974
838	978
839	188
839	305
839	413
839	446
839	448
839	501
839	538
839	709
839	717
839	731
839	746
839	898
839	929
839	954
839	983
839	998
840	42
840	69
840	221
840	231
840	281
840	393
840	447
840	489
840	522
840	702
840	755
840	766
840	794
840	806
840	810
840	963
841	81
841	168
841	230
841	241
841	301
841	341
841	412
841	489
841	589
841	624
841	769
841	860
841	861
841	869
841	885
841	950
842	234
842	335
842	548
842	596
842	827
842	847
842	848
842	868
842	887
842	935
842	941
842	948
842	975
842	980
842	990
842	997
843	62
843	170
843	358
843	361
843	384
843	425
843	453
843	497
843	631
843	757
843	770
843	850
843	888
843	962
843	986
843	990
844	129
844	339
844	529
844	678
844	692
844	725
844	763
844	797
844	824
844	857
844	876
844	894
844	910
844	937
844	951
844	964
845	7
845	232
845	234
845	303
845	546
845	573
845	577
845	601
845	744
845	756
845	760
845	771
845	773
845	878
845	893
845	959
846	239
846	250
846	289
846	327
846	359
846	420
846	445
846	479
846	654
846	735
846	756
846	859
846	863
846	872
846	896
846	971
847	119
847	141
847	278
847	431
847	465
847	534
847	567
847	642
847	697
847	800
847	842
847	872
847	879
847	922
847	935
847	990
848	24
848	61
848	86
848	145
848	175
848	316
848	396
848	451
848	582
848	698
848	765
848	827
848	842
848	904
848	941
848	980
849	58
849	345
849	356
849	416
849	491
849	555
849	586
849	598
849	677
849	680
849	718
849	816
849	838
849	960
849	974
849	978
850	25
850	219
850	304
850	327
850	369
850	382
850	661
850	662
850	721
850	792
850	808
850	814
850	843
850	864
850	934
850	947
851	131
851	162
851	187
851	212
851	295
851	373
851	415
851	543
851	559
851	598
851	689
851	822
851	884
851	919
851	922
851	928
852	60
852	92
852	344
852	550
852	614
852	622
852	705
852	706
852	830
852	863
852	865
852	930
852	949
852	955
852	964
852	965
853	34
853	62
853	98
853	161
853	181
853	404
853	443
853	492
853	549
853	588
853	612
853	679
853	781
853	799
853	821
853	898
854	106
854	108
854	361
854	365
854	454
854	502
854	520
854	530
854	575
854	602
854	624
854	708
854	829
854	962
854	984
854	986
855	104
855	262
855	287
855	291
855	475
855	539
855	673
855	805
855	835
855	837
855	857
855	892
855	896
855	914
855	921
855	934
856	189
856	306
856	396
856	552
856	560
856	627
856	651
856	664
856	674
856	694
856	763
856	804
856	924
856	990
856	994
856	1000
857	151
857	315
857	475
857	478
857	580
857	673
857	819
857	837
857	844
857	855
857	874
857	889
857	914
857	917
857	921
857	934
858	28
858	326
858	360
858	425
858	621
858	622
858	672
858	681
858	826
858	877
858	942
858	958
858	965
858	987
858	992
858	993
859	26
859	270
859	292
859	359
859	366
859	377
859	479
859	515
859	576
859	582
859	670
859	813
859	846
859	904
859	932
859	956
859	980
860	30
860	168
860	230
860	241
860	390
860	412
860	462
860	487
860	501
860	589
860	613
860	682
860	826
860	841
860	869
860	885
860	941
861	133
861	153
861	200
861	324
861	398
861	418
861	433
861	581
861	644
861	696
861	775
861	777
861	803
861	841
861	862
861	890
861	902
862	200
862	208
862	324
862	398
862	418
862	433
862	532
862	577
862	581
862	644
862	662
862	696
862	775
862	803
862	861
862	890
862	902
863	224
863	225
863	344
863	359
863	456
863	479
863	584
863	654
863	705
863	706
863	723
863	755
863	830
863	833
863	846
863	852
863	955
864	25
864	131
864	304
864	327
864	369
864	382
864	383
864	461
864	661
864	662
864	721
864	792
864	808
864	814
864	850
864	947
864	999
865	60
865	130
865	229
865	332
865	443
865	550
865	706
865	760
865	789
865	830
865	852
865	930
865	949
865	955
865	958
865	964
865	965
866	154
866	174
866	251
866	276
866	374
866	442
866	485
866	486
866	646
866	726
866	736
866	750
866	820
866	828
866	871
866	915
866	966
867	85
867	99
867	111
867	201
867	260
867	267
867	321
867	378
867	457
867	500
867	579
867	663
867	800
867	812
867	912
867	918
867	936
868	57
868	253
868	431
868	465
868	490
868	548
868	565
868	642
868	697
868	736
868	832
868	842
868	922
868	935
868	951
868	975
868	990
869	30
869	144
869	168
869	235
869	241
869	301
869	341
869	478
869	487
869	489
869	589
869	613
869	826
869	841
869	860
869	885
869	950
870	13
870	147
870	169
870	195
870	400
870	440
870	535
870	656
870	738
870	747
870	787
870	817
870	831
870	899
870	968
870	979
870	997
871	20
871	59
871	102
871	174
871	251
871	276
871	435
871	442
871	485
871	486
871	646
871	708
871	736
871	750
871	866
871	915
871	971
872	27
872	33
872	38
872	87
872	135
872	292
872	325
872	428
872	445
872	456
872	563
872	576
872	676
872	819
872	846
872	847
872	956
873	25
873	76
873	101
873	344
873	409
873	411
873	466
873	556
873	658
873	825
873	906
873	930
873	946
873	953
873	966
873	977
873	996
874	19
874	68
874	155
874	328
874	503
874	551
874	732
874	857
874	887
874	900
874	926
874	932
874	961
874	972
874	976
874	991
874	995
875	51
875	176
875	239
875	297
875	420
875	439
875	522
875	575
875	761
875	793
875	794
875	810
875	948
875	970
875	971
875	988
875	991
876	255
876	339
876	685
876	693
876	725
876	769
876	796
876	844
876	881
876	887
876	894
876	937
876	951
876	952
876	964
876	988
876	989
877	113
877	116
877	163
877	326
877	347
877	628
877	639
877	672
877	681
877	804
877	826
877	836
877	858
877	879
877	958
877	987
877	993
878	7
878	232
878	234
878	269
878	303
878	368
878	477
878	546
878	573
878	577
878	601
878	607
878	756
878	760
878	771
878	772
878	845
878	959
879	48
879	79
879	253
879	423
879	465
879	548
879	567
879	596
879	605
879	731
879	735
879	847
879	877
879	935
879	970
879	975
879	980
879	988
880	50
880	207
880	216
880	351
880	358
880	449
880	591
880	641
880	714
880	728
880	740
880	741
880	759
880	784
880	945
880	956
880	965
880	967
881	221
881	408
881	429
881	446
881	540
881	613
881	617
881	678
881	758
881	785
881	796
881	811
881	824
881	876
881	923
881	952
881	988
881	999
882	156
882	162
882	208
882	213
882	317
882	329
882	432
882	595
882	631
882	744
882	747
882	773
882	798
882	799
882	806
882	931
882	942
882	971
883	94
883	125
883	143
883	157
883	177
883	362
883	407
883	434
883	464
883	640
883	723
883	724
883	727
883	902
883	939
883	947
883	969
883	975
884	41
884	80
884	233
884	322
884	487
884	497
884	504
884	516
884	559
884	626
884	655
884	665
884	689
884	699
884	711
884	822
884	851
884	919
885	30
885	168
885	175
885	235
885	241
885	390
885	478
885	489
885	501
885	589
885	613
885	624
885	682
885	841
885	860
885	869
885	930
885	950
886	18
886	48
886	70
886	128
886	160
886	323
886	405
886	417
886	627
886	669
886	710
886	791
886	807
886	817
886	820
886	905
886	906
886	911
887	55
887	113
887	488
887	667
887	724
887	725
887	744
887	796
887	842
887	874
887	876
887	923
887	926
887	940
887	976
887	988
887	989
887	995
888	180
888	205
888	224
888	458
888	530
888	549
888	615
888	631
888	633
888	730
888	735
888	753
888	777
888	807
888	843
888	944
888	986
888	990
889	178
889	211
889	282
889	459
889	482
889	580
889	687
889	709
889	791
889	819
889	835
889	857
889	892
889	908
889	910
889	917
889	921
889	934
890	51
890	69
890	200
890	393
890	433
890	522
890	581
890	775
890	793
890	794
890	803
890	806
890	861
890	862
890	902
890	954
890	963
890	992
891	13
891	122
891	133
891	136
891	147
891	427
891	474
891	573
891	593
891	738
891	787
891	801
891	815
891	817
891	895
891	933
891	979
891	997
892	162
892	222
892	462
892	520
892	687
892	732
892	771
892	791
892	805
892	819
892	837
892	855
892	889
892	908
892	917
892	921
892	934
892	943
893	89
893	234
893	261
893	331
893	353
893	507
893	523
893	546
893	557
893	573
893	601
893	647
893	688
893	756
893	760
893	845
893	935
893	972
894	54
894	243
894	294
894	529
894	558
894	667
894	678
894	684
894	692
894	701
894	725
894	763
894	844
894	876
894	923
894	937
894	940
894	951
895	103
895	169
895	312
895	347
895	403
895	406
895	656
895	709
895	732
895	738
895	753
895	815
895	817
895	891
895	933
895	950
895	979
895	997
896	79
896	171
896	527
896	542
896	758
896	761
896	766
896	794
896	801
896	806
896	846
896	855
896	904
896	941
896	963
896	970
896	971
896	991
897	184
897	244
897	355
897	414
897	530
897	575
897	583
897	649
897	764
897	799
897	926
897	969
897	976
897	981
897	986
897	989
897	991
897	995
898	161
898	181
898	368
898	399
898	404
898	582
898	588
898	600
898	679
898	717
898	781
898	821
898	839
898	853
898	929
898	954
898	983
898	998
899	53
899	133
899	167
899	214
899	274
899	474
899	787
899	818
899	827
899	870
899	901
899	924
899	933
899	950
899	970
899	994
899	997
899	1000
900	7
900	59
900	109
900	158
900	175
900	544
900	582
900	619
900	698
900	813
900	825
900	874
900	904
900	924
900	946
900	953
900	966
900	968
900	996
901	17
901	189
901	255
901	274
901	286
901	552
901	651
901	652
901	664
901	674
901	687
901	694
901	763
901	899
901	910
901	924
901	927
901	994
901	1000
902	94
902	125
902	143
902	177
902	398
902	418
902	433
902	434
902	581
902	644
902	679
902	735
902	775
902	861
902	862
902	883
902	890
902	939
902	975
903	12
903	32
903	173
903	183
903	204
903	210
903	227
903	237
903	247
903	262
903	320
903	408
903	460
903	481
903	534
903	610
903	690
903	973
903	994
904	105
904	123
904	165
904	175
904	242
904	607
904	698
904	747
904	765
904	813
904	827
904	848
904	859
904	896
904	900
904	948
904	968
904	980
904	997
905	10
905	24
905	48
905	97
905	118
905	333
905	334
905	394
905	417
905	469
905	640
905	700
905	710
905	785
905	791
905	886
905	906
905	911
905	978
906	186
906	228
906	333
906	394
906	544
906	640
906	710
906	719
906	725
906	791
906	825
906	873
906	886
906	905
906	911
906	946
906	953
906	966
906	977
907	44
907	50
907	83
907	226
907	251
907	343
907	427
907	485
907	615
907	623
907	625
907	646
907	734
907	750
907	767
907	915
907	939
907	966
907	973
908	178
908	211
908	279
908	287
908	308
908	331
908	459
908	462
908	603
908	673
908	732
908	805
908	819
908	837
908	889
908	892
908	917
908	921
908	943
909	4
909	37
909	110
909	138
909	223
909	385
909	386
909	442
909	517
909	542
909	606
909	635
909	637
909	754
909	809
909	823
909	834
909	976
909	984
910	54
910	66
910	90
910	277
910	450
910	465
910	529
910	533
910	541
910	685
910	692
910	693
910	844
910	889
910	901
910	923
910	937
910	940
910	951
911	97
911	193
911	215
911	258
911	394
911	469
911	473
911	481
911	526
911	608
911	668
911	697
911	700
911	710
911	712
911	886
911	905
911	906
911	982
912	73
912	85
912	107
912	164
912	201
912	249
912	260
912	267
912	321
912	378
912	457
912	579
912	663
912	765
912	812
912	867
912	918
912	936
912	996
913	46
913	68
913	84
913	213
913	230
913	336
913	432
913	437
913	595
913	603
913	631
913	744
913	749
913	773
913	783
913	799
913	931
913	942
913	971
914	19
914	117
914	149
914	222
914	308
914	459
914	462
914	467
914	572
914	732
914	737
914	771
914	791
914	819
914	855
914	857
914	934
914	943
914	979
915	20
915	154
915	185
915	198
915	206
915	251
915	276
915	343
915	435
915	485
915	486
915	646
915	726
915	750
915	820
915	866
915	871
915	907
915	940
916	9
916	49
916	93
916	165
916	257
916	375
916	392
916	419
916	480
916	513
916	521
916	558
916	578
916	638
916	645
916	752
916	758
916	762
916	962
916	973
917	51
917	250
917	282
917	287
917	454
917	462
917	467
917	475
917	528
917	539
917	580
917	813
917	819
917	857
917	889
917	892
917	908
917	921
917	934
917	943
918	73
918	99
918	107
918	111
918	164
918	201
918	260
918	267
918	281
918	321
918	378
918	457
918	547
918	701
918	759
918	800
918	812
918	867
918	912
918	936
919	162
919	187
919	203
919	212
919	220
919	233
919	461
919	516
919	557
919	559
919	649
919	655
919	665
919	699
919	711
919	822
919	851
919	884
919	928
919	976
920	45
920	63
920	283
920	421
920	431
920	510
920	542
920	565
920	636
920	637
920	642
920	646
920	809
920	832
920	834
920	922
920	935
920	969
920	984
920	990
921	211
921	308
921	315
921	459
921	467
921	528
921	580
921	653
921	791
921	805
921	837
921	855
921	857
921	889
921	892
921	908
921	917
921	934
921	943
921	979
922	57
922	253
922	278
922	280
922	342
922	431
922	441
922	490
922	548
922	565
922	567
922	642
922	697
922	832
922	847
922	851
922	868
922	920
922	935
922	990
923	75
923	129
923	255
923	277
923	618
923	630
923	684
923	685
923	693
923	725
923	824
923	881
923	887
923	894
923	910
923	940
923	945
923	952
923	964
923	988
924	76
924	101
924	186
924	189
924	337
924	411
924	468
924	560
924	652
924	658
924	674
924	719
924	731
924	795
924	856
924	899
924	900
924	901
924	946
924	1000
925	3
925	268
925	271
925	330
925	372
925	397
925	498
925	564
925	604
925	615
925	632
925	633
925	714
925	733
925	748
925	768
925	777
925	780
925	798
925	807
926	53
926	436
926	488
926	505
926	583
926	649
926	686
926	713
926	724
926	730
926	744
926	874
926	887
926	897
926	972
926	976
926	981
926	986
926	989
926	995
927	11
927	216
927	240
927	256
927	269
927	318
927	367
927	380
927	389
927	405
927	423
927	536
927	650
927	700
927	720
927	743
927	770
927	776
927	901
927	982
928	14
928	41
928	80
928	187
928	203
928	220
928	373
928	461
928	557
928	559
928	626
928	655
928	665
928	689
928	699
928	717
928	822
928	851
928	919
928	950
929	105
929	286
929	305
929	483
929	494
929	524
929	562
929	653
929	717
929	722
929	731
929	746
929	749
929	785
929	839
929	898
929	954
929	983
929	996
929	998
930	158
930	237
930	401
930	500
930	705
930	789
930	830
930	852
930	865
930	873
930	885
930	946
930	949
930	953
930	955
930	964
930	966
930	977
930	989
930	996
931	46
931	84
931	156
931	199
931	273
931	317
931	350
931	360
931	432
931	509
931	595
931	631
931	747
931	773
931	783
931	798
931	882
931	913
931	938
931	971
932	68
932	155
932	188
932	259
932	311
932	328
932	360
932	503
932	551
932	620
932	628
932	661
932	732
932	826
932	836
932	859
932	874
932	958
932	992
932	993
933	103
933	127
933	166
933	403
933	535
933	540
933	656
933	745
933	753
933	787
933	815
933	817
933	818
933	891
933	895
933	899
933	950
933	977
933	979
933	997
934	19
934	222
934	250
934	475
934	478
934	482
934	580
934	771
934	791
934	819
934	850
934	855
934	857
934	889
934	892
934	914
934	917
934	921
934	943
934	985
935	63
935	190
935	236
935	253
935	280
935	283
935	490
935	548
935	565
935	567
935	596
935	642
935	832
935	842
935	847
935	868
935	879
935	893
935	920
935	922
935	990
936	73
936	99
936	107
936	111
936	169
936	201
936	249
936	267
936	321
936	378
936	457
936	547
936	579
936	663
936	664
936	701
936	812
936	832
936	867
936	912
936	918
937	54
937	75
937	129
937	148
937	172
937	334
937	541
937	667
937	684
937	692
937	693
937	694
937	763
937	776
937	824
937	844
937	876
937	894
937	910
937	951
937	952
938	17
938	35
938	40
938	86
938	182
938	196
938	209
938	279
938	311
938	415
938	491
938	513
938	553
938	603
938	716
938	728
938	778
938	784
938	797
938	931
938	963
939	44
939	50
939	94
939	119
939	226
939	298
939	362
939	407
939	477
939	623
939	625
939	715
939	727
939	767
939	833
939	883
939	902
939	907
939	947
939	969
939	975
940	88
940	190
940	346
940	406
940	472
940	667
940	684
940	685
940	741
940	742
940	774
940	779
940	824
940	887
940	894
940	910
940	915
940	923
940	951
940	964
940	984
941	24
941	42
941	298
941	312
941	514
941	515
941	660
941	749
941	766
941	782
941	793
941	813
941	842
941	848
941	860
941	896
941	963
941	968
941	980
941	991
941	997
942	84
942	162
942	199
942	213
942	273
942	317
942	336
942	350
942	432
942	595
942	744
942	747
942	773
942	783
942	798
942	799
942	858
942	882
942	913
942	961
942	971
943	11
943	104
943	117
943	151
943	287
943	315
943	459
943	467
943	500
943	580
943	786
943	805
943	819
943	837
943	892
943	908
943	914
943	917
943	921
943	934
943	975
944	236
944	240
944	293
944	324
944	329
944	372
944	397
944	423
944	482
944	499
944	549
944	561
944	574
944	604
944	632
944	730
944	733
944	735
944	790
944	807
944	888
945	112
945	207
945	340
945	345
945	354
945	387
945	388
945	449
945	641
945	714
945	728
945	740
945	759
945	784
945	795
945	880
945	923
945	949
945	956
945	965
945	967
946	337
946	401
946	421
946	439
946	466
946	500
946	504
946	556
946	658
946	680
946	711
946	719
946	761
946	825
946	873
946	900
946	906
946	924
946	930
946	953
946	996
947	132
947	177
947	296
947	304
947	383
947	407
947	464
947	662
947	715
947	721
947	723
947	736
947	792
947	808
947	814
947	850
947	864
947	883
947	939
947	969
947	975
948	54
948	95
948	206
948	309
948	366
948	496
948	515
948	522
948	702
948	761
948	765
948	782
948	788
948	794
948	810
948	813
948	842
948	875
948	904
948	980
948	997
949	39
949	92
949	130
949	229
949	332
949	408
949	443
949	550
949	614
949	705
949	706
949	734
949	736
949	755
949	785
949	789
949	852
949	865
949	930
949	945
949	955
950	241
950	478
950	487
950	489
950	624
950	656
950	672
950	682
950	747
950	793
950	818
950	826
950	831
950	841
950	869
950	885
950	895
950	899
950	928
950	933
950	979
950	997
951	55
951	89
951	148
951	172
951	243
951	339
951	408
951	465
951	541
951	650
951	684
951	763
951	824
951	844
951	868
951	876
951	894
951	910
951	937
951	940
951	952
951	988
952	66
952	75
952	294
952	408
952	465
952	471
952	506
952	529
952	533
952	678
952	685
952	693
952	694
952	725
952	796
952	805
952	876
952	881
952	923
952	937
952	951
952	988
953	56
953	101
953	216
953	320
953	337
953	390
953	409
953	421
953	504
953	528
953	544
953	658
953	680
953	719
953	873
953	900
953	906
953	930
953	946
953	957
953	977
953	996
954	64
954	305
954	483
954	494
954	538
954	562
954	600
954	709
954	717
954	722
954	731
954	746
954	749
954	785
954	839
954	890
954	898
954	929
954	957
954	983
954	996
954	998
955	92
955	229
955	300
955	344
955	408
955	550
955	614
955	706
955	734
955	736
955	755
955	782
955	789
955	830
955	852
955	863
955	865
955	930
955	949
955	964
955	965
955	998
956	115
956	207
956	270
956	336
956	354
956	445
956	451
956	456
956	576
956	641
956	654
956	676
956	728
956	740
956	759
956	795
956	833
956	859
956	872
956	880
956	945
956	965
957	31
957	137
957	263
957	264
957	288
957	291
957	370
957	379
957	449
957	455
957	524
957	569
957	613
957	636
957	675
957	703
957	785
957	786
957	811
957	953
957	954
957	968
957	994
958	116
958	245
958	360
958	371
958	402
958	455
958	526
958	618
958	621
958	622
958	628
958	658
958	672
958	681
958	804
958	836
958	858
958	865
958	877
958	932
958	987
958	992
958	993
959	4
959	142
959	232
959	279
959	357
959	368
959	420
959	438
959	510
959	546
959	573
959	601
959	606
959	754
959	756
959	760
959	772
959	809
959	823
959	834
959	845
959	878
959	984
960	47
960	58
960	116
960	140
960	248
960	345
960	356
960	393
960	416
960	532
960	555
960	556
960	598
960	677
960	680
960	704
960	718
960	743
960	816
960	838
960	849
960	974
960	978
961	37
961	96
961	159
961	223
961	357
961	488
961	508
961	519
961	583
961	713
961	745
961	823
961	834
961	874
961	942
961	969
961	976
961	982
961	984
961	986
961	989
961	991
961	995
962	62
962	170
962	194
962	275
962	294
962	349
962	361
962	384
962	453
962	458
962	517
962	566
962	660
962	691
962	707
962	762
962	800
962	843
962	854
962	916
962	970
962	986
962	990
963	42
963	43
963	206
963	221
963	281
963	393
963	514
963	522
963	592
963	660
963	702
963	761
963	766
963	793
963	794
963	806
963	840
963	890
963	896
963	938
963	941
963	976
963	991
964	229
964	332
964	614
964	620
964	678
964	685
964	694
964	725
964	736
964	767
964	789
964	796
964	824
964	830
964	844
964	852
964	865
964	876
964	923
964	930
964	940
964	955
964	965
964	988
965	4
965	332
965	344
965	351
965	354
965	364
965	388
965	450
965	591
965	734
965	736
965	740
965	789
965	795
965	830
965	852
965	858
965	865
965	880
965	945
965	955
965	956
965	964
965	967
966	102
966	174
966	216
966	337
966	421
966	435
966	442
966	471
966	485
966	486
966	642
966	658
966	726
966	783
966	815
966	866
966	873
966	900
966	906
966	907
966	930
966	977
966	996
966	997
967	50
967	112
967	115
967	207
967	250
967	339
967	340
967	345
967	351
967	354
967	358
967	387
967	388
967	450
967	591
967	714
967	728
967	740
967	759
967	784
967	795
967	880
967	945
967	965
968	218
968	309
968	379
968	515
968	569
968	607
968	610
968	636
968	675
968	703
968	782
968	786
968	790
968	811
968	827
968	838
968	870
968	900
968	904
968	941
968	957
968	980
968	997
968	999
969	22
969	96
969	177
969	223
969	407
969	434
969	442
969	502
969	510
969	606
969	671
969	689
969	715
969	723
969	727
969	740
969	833
969	883
969	897
969	920
969	939
969	947
969	961
969	984
970	84
970	109
970	223
970	239
970	266
970	314
970	420
970	424
970	525
970	568
970	609
970	657
970	659
970	666
970	739
970	748
970	801
970	829
970	875
970	879
970	896
970	899
970	962
970	988
971	65
971	100
971	170
971	208
971	265
971	437
971	439
971	509
971	542
971	545
971	595
971	605
971	631
971	731
971	735
971	798
971	799
971	846
971	871
971	875
971	882
971	896
971	913
971	931
971	942
972	9
972	10
972	26
972	257
972	355
972	375
972	414
972	488
972	498
972	578
972	686
972	734
972	752
972	758
972	778
972	874
972	893
972	926
972	973
972	976
972	981
972	985
972	986
972	989
972	995
973	12
973	93
973	183
973	302
973	306
973	320
973	392
973	412
973	426
973	480
973	481
973	498
973	534
973	570
973	645
973	690
973	695
973	752
973	758
973	762
973	903
973	907
973	916
973	972
973	985
974	58
974	67
974	115
974	140
974	227
974	248
974	345
974	356
974	365
974	416
974	532
974	555
974	556
974	586
974	598
974	677
974	680
974	704
974	718
974	720
974	816
974	838
974	849
974	960
974	978
975	125
975	236
975	283
975	342
975	388
975	407
975	412
975	486
975	565
975	567
975	640
975	642
975	715
975	723
975	727
975	832
975	833
975	842
975	868
975	879
975	883
975	902
975	939
975	943
975	947
975	990
976	6
976	132
976	436
976	451
976	505
976	575
976	583
976	649
976	686
976	713
976	724
976	764
976	874
976	887
976	897
976	909
976	919
976	926
976	961
976	963
976	972
976	981
976	986
976	989
976	991
976	995
977	16
977	119
977	132
977	237
977	285
977	337
977	411
977	466
977	493
977	504
977	528
977	571
977	611
977	634
977	708
977	711
977	763
977	873
977	906
977	930
977	933
977	953
977	966
977	996
978	47
978	58
978	115
978	116
978	140
978	193
978	227
978	248
978	356
978	365
978	416
978	532
978	555
978	586
978	598
978	677
978	680
978	704
978	718
978	779
978	816
978	838
978	849
978	905
978	960
978	974
979	13
979	136
979	166
979	195
979	364
979	403
979	440
979	474
979	593
979	656
979	672
979	725
979	747
979	801
979	815
979	817
979	818
979	831
979	870
979	891
979	895
979	914
979	921
979	933
979	950
979	997
980	7
980	61
980	123
980	242
980	366
980	370
980	377
980	451
980	515
980	582
980	607
980	616
980	619
980	698
980	782
980	813
980	827
980	842
980	848
980	859
980	879
980	904
980	941
980	948
980	968
980	999
981	24
981	238
981	256
981	318
981	338
981	367
981	512
981	514
981	530
981	536
981	629
981	632
981	650
981	686
981	724
981	744
981	751
981	764
981	897
981	926
981	972
981	976
981	982
981	989
981	991
981	995
982	71
982	113
982	215
982	254
982	256
982	258
982	300
982	367
982	380
982	473
982	475
982	507
982	526
982	608
982	609
982	629
982	668
982	712
982	743
982	751
982	776
982	788
982	911
982	927
982	961
982	981
982	998
983	64
983	121
983	413
983	448
983	480
983	483
983	494
983	501
983	524
983	538
983	562
983	595
983	600
983	653
983	709
983	717
983	722
983	731
983	733
983	746
983	785
983	839
983	898
983	929
983	954
983	996
983	998
984	49
984	66
984	88
984	346
984	470
984	508
984	521
984	606
984	635
984	648
984	657
984	661
984	694
984	741
984	742
984	774
984	779
984	809
984	823
984	834
984	854
984	909
984	920
984	940
984	959
984	961
984	969
985	9
985	26
985	167
985	197
985	205
985	257
985	306
985	363
985	375
985	391
985	392
985	401
985	419
985	480
985	498
985	521
985	539
985	558
985	578
985	638
985	752
985	758
985	762
985	778
985	934
985	972
985	973
986	126
986	132
986	194
986	224
986	458
986	583
986	686
986	691
986	703
986	713
986	757
986	764
986	770
986	790
986	821
986	843
986	854
986	888
986	897
986	926
986	961
986	962
986	972
986	976
986	989
986	990
986	995
987	14
987	52
987	185
987	245
987	277
987	284
987	305
987	311
987	371
987	422
987	471
987	543
987	607
987	618
987	620
987	628
987	639
987	648
987	681
987	804
987	826
987	836
987	858
987	877
987	958
987	992
987	993
988	17
988	65
988	100
988	129
988	146
988	148
988	176
988	265
988	289
988	294
988	339
988	420
988	527
988	545
988	574
988	609
988	630
988	820
988	875
988	876
988	879
988	881
988	887
988	923
988	951
988	952
988	964
988	970
989	6
989	159
989	184
989	244
989	290
989	355
989	436
989	488
989	505
989	583
989	649
989	686
989	713
989	724
989	729
989	764
989	876
989	887
989	897
989	926
989	930
989	961
989	972
989	976
989	981
989	986
989	991
989	995
990	106
990	194
990	236
990	361
990	431
990	435
990	444
990	454
990	530
990	534
990	596
990	660
990	697
990	770
990	796
990	832
990	842
990	843
990	847
990	856
990	868
990	888
990	920
990	922
990	935
990	962
990	975
990	986
991	6
991	119
991	161
991	221
991	281
991	295
991	436
991	451
991	505
991	531
991	583
991	660
991	724
991	793
991	810
991	827
991	835
991	874
991	875
991	896
991	897
991	941
991	961
991	963
991	976
991	981
991	989
991	995
992	1
992	67
992	238
992	242
992	272
992	296
992	300
992	307
992	371
992	506
992	518
992	537
992	545
992	584
992	590
992	618
992	628
992	755
992	804
992	836
992	858
992	890
992	932
992	958
992	987
992	993
993	14
993	52
993	120
993	138
993	249
993	284
993	299
993	311
993	347
993	402
993	422
993	440
993	543
993	594
993	618
993	620
993	621
993	624
993	658
993	671
993	672
993	681
993	836
993	858
993	877
993	932
993	958
993	987
993	992
994	32
994	53
994	173
994	183
994	210
994	274
994	286
994	320
994	381
994	400
994	460
994	468
994	480
994	481
994	527
994	552
994	570
994	610
994	627
994	652
994	664
994	687
994	690
994	856
994	899
994	901
994	903
994	957
994	1000
995	6
995	159
995	244
995	286
995	290
995	355
995	505
995	530
995	575
995	583
995	649
995	686
995	713
995	721
995	744
995	746
995	764
995	826
995	874
995	887
995	897
995	926
995	961
995	972
995	976
995	981
995	986
995	989
995	991
996	98
996	101
996	120
996	186
996	337
996	409
996	411
996	483
996	494
996	556
996	562
996	600
996	653
996	717
996	719
996	722
996	749
996	873
996	900
996	912
996	929
996	930
996	946
996	953
996	954
996	966
996	977
996	983
996	998
997	105
997	123
997	136
997	145
997	335
997	357
997	363
997	370
997	515
997	535
997	619
997	656
997	738
997	753
997	782
997	815
997	831
997	842
997	870
997	891
997	895
997	899
997	904
997	933
997	941
997	948
997	950
997	966
997	968
997	979
998	64
998	120
998	121
998	188
998	305
998	368
998	413
998	448
998	483
998	494
998	501
998	524
998	538
998	547
998	562
998	600
998	653
998	717
998	722
998	731
998	746
998	785
998	839
998	898
998	929
998	954
998	955
998	982
998	983
998	996
999	31
999	103
999	218
999	228
999	245
999	263
999	264
999	288
999	291
999	370
999	429
999	438
999	446
999	449
999	455
999	499
999	524
999	540
999	569
999	613
999	617
999	636
999	785
999	786
999	790
999	811
999	864
999	881
999	968
999	980
1000	29
1000	53
1000	167
1000	189
1000	214
1000	247
1000	255
1000	274
1000	282
1000	286
1000	306
1000	389
1000	396
1000	468
1000	552
1000	560
1000	651
1000	652
1000	664
1000	674
1000	687
1000	694
1000	763
1000	772
1000	804
1000	856
1000	899
1000	901
1000	924
1000	994
