1	860
1	896
1	915
1	934
1	999
2	315
2	372
2	497
2	724
2	895
3	348
3	579
3	671
3	841
3	953
4	706
4	936
4	956
4	966
4	993
5	12
5	159
5	169
5	230
5	939
6	105
6	572
6	828
6	909
6	995
7	151
7	476
7	800
7	933
7	981
8	66
8	738
8	807
8	856
8	914
9	229
9	320
9	354
9	488
9	824
10	661
10	877
10	954
10	988
10	992
11	669
11	751
11	780
11	988
11	991
12	5
12	875
12	939
12	972
12	991
13	303
13	700
13	829
13	906
13	994
14	228
14	879
14	916
14	936
14	958
15	521
15	678
15	958
15	965
15	979
16	435
16	859
16	883
16	899
16	955
17	40
17	767
17	908
17	919
17	941
18	52
18	259
18	450
18	463
18	939
19	398
19	718
19	862
19	888
19	952
20	150
20	506
20	720
20	961
20	977
21	127
21	419
21	644
21	721
21	832
22	778
22	905
22	933
22	973
22	981
23	642
23	890
23	962
23	969
23	993
24	905
24	935
24	954
24	962
24	981
25	491
25	587
25	752
25	851
25	963
26	287
26	299
26	338
26	428
26	744
27	446
27	730
27	900
27	922
27	980
28	161
28	318
28	623
28	771
28	989
29	264
29	475
29	856
29	859
29	914
30	306
30	399
30	908
30	925
30	926
31	792
31	882
31	921
31	923
31	970
32	673
32	830
32	924
32	974
32	990
33	609
33	847
33	852
33	934
33	945
34	47
34	81
34	126
34	960
34	992
35	686
35	805
35	921
35	970
35	994
36	475
36	552
36	576
36	804
36	937
37	556
37	666
37	786
37	983
37	998
38	515
38	886
38	940
38	946
38	959
39	109
39	310
39	482
39	808
39	858
40	17
40	558
40	672
40	770
40	941
41	454
41	505
41	509
41	560
41	684
42	676
42	859
42	871
42	892
42	944
43	444
43	546
43	549
43	617
43	845
44	267
44	278
44	747
44	921
44	970
45	254
45	479
45	548
45	649
45	680
46	373
46	779
46	812
46	847
46	978
47	34
47	613
47	891
47	909
47	944
48	309
48	594
48	803
48	839
48	849
49	465
49	600
49	961
49	968
49	999
50	404
50	439
50	640
50	671
50	968
51	826
51	854
51	916
51	928
51	947
52	18
52	576
52	589
52	814
52	832
53	336
53	783
53	918
53	967
53	970
54	514
54	614
54	651
54	895
54	988
55	68
55	694
55	782
55	861
55	893
56	63
56	192
56	361
56	759
56	978
57	470
57	498
57	674
57	711
57	802
58	668
58	795
58	888
58	931
58	998
59	748
59	840
59	843
59	913
59	990
60	263
60	704
60	829
60	906
60	996
61	162
61	557
61	793
61	797
61	933
62	394
62	472
62	556
62	682
62	937
63	56
63	341
63	586
63	701
63	965
64	301
64	457
64	908
64	920
64	952
65	509
65	561
65	613
65	869
65	915
66	8
66	323
66	887
66	893
66	948
67	428
67	843
67	917
67	928
67	944
68	55
68	183
68	416
68	861
68	893
69	789
69	790
69	897
69	951
69	967
70	648
70	923
70	952
70	962
70	970
71	108
71	347
71	822
71	826
71	859
72	288
72	357
72	668
72	816
72	967
73	176
73	380
73	383
73	814
73	834
74	268
74	316
74	724
74	850
74	853
75	632
75	637
75	814
75	864
75	866
76	484
76	805
76	930
76	946
76	959
77	689
77	786
77	794
77	823
77	983
78	82
78	383
78	880
78	967
78	968
79	782
79	861
79	893
79	948
79	949
80	172
80	346
80	592
80	748
80	890
81	34
81	780
81	789
81	933
81	991
82	78
82	460
82	851
82	967
82	968
83	670
83	675
83	801
83	885
83	950
84	425
84	586
84	610
84	965
84	969
85	116
85	385
85	413
85	720
85	784
86	349
86	621
86	860
86	877
86	904
87	400
87	756
87	769
87	906
87	997
88	602
88	669
88	751
88	780
88	991
89	656
89	810
89	812
89	950
89	1000
90	299
90	315
90	518
90	871
90	944
91	675
91	698
91	766
91	801
91	945
92	284
92	559
92	584
92	913
92	974
93	496
93	657
93	814
93	907
93	959
94	256
94	339
94	846
94	911
94	977
95	105
95	557
95	646
95	654
95	997
96	685
96	763
96	814
96	832
96	943
97	672
97	680
97	750
97	946
97	959
98	247
98	608
98	649
98	653
98	939
99	431
99	573
99	707
99	755
99	949
100	785
100	871
100	955
100	967
100	968
101	124
101	203
101	293
101	369
101	882
102	471
102	770
102	903
102	926
102	941
103	389
103	472
103	494
103	884
103	937
104	364
104	489
104	564
104	581
104	654
105	6
105	95
105	322
105	874
105	944
106	445
106	492
106	544
106	962
106	981
107	379
107	422
107	796
107	951
107	966
108	71
108	371
108	748
108	899
108	972
109	39
109	123
109	389
109	445
109	826
110	116
110	733
110	939
110	970
110	989
111	448
111	674
111	837
111	961
111	977
112	538
112	692
112	782
112	797
112	819
113	368
113	813
113	854
113	878
113	911
114	278
114	515
114	879
114	935
114	952
115	606
115	838
115	842
115	891
115	903
116	85
116	110
116	230
116	292
116	939
117	435
117	786
117	794
117	822
117	983
118	342
118	722
118	794
118	872
118	983
119	450
119	815
119	870
119	890
119	969
120	709
120	716
120	756
120	868
120	920
121	529
121	695
121	925
121	966
121	993
122	130
122	175
122	584
122	805
122	928
123	109
123	437
123	518
123	524
123	889
124	101
124	793
124	906
124	957
124	996
125	843
125	894
125	913
125	918
125	927
126	34
126	698
126	837
126	961
126	991
127	21
127	685
127	769
127	832
127	943
128	373
128	512
128	813
128	854
128	878
129	199
129	283
129	389
129	802
129	804
130	122
130	182
130	545
130	901
130	956
131	544
131	857
131	858
131	971
131	975
132	274
132	559
132	830
132	974
132	990
133	767
133	916
133	936
133	947
133	965
134	211
134	797
134	850
134	929
134	955
135	193
135	461
135	485
135	827
135	982
136	217
136	705
136	799
136	800
136	954
137	471
137	675
137	762
137	801
137	968
138	326
138	680
138	766
138	827
138	982
139	408
139	439
139	835
139	967
139	968
140	812
140	950
140	955
140	976
140	986
141	511
141	635
141	763
141	832
141	972
142	240
142	503
142	777
142	892
142	915
143	169
143	586
143	907
143	939
143	959
144	475
144	536
144	663
144	824
144	887
145	325
145	916
145	947
145	965
145	983
146	216
146	386
146	686
146	773
146	964
147	545
147	549
147	760
147	954
147	979
148	551
148	791
148	944
148	960
148	977
149	663
149	869
149	915
149	963
149	992
150	20
150	481
150	795
150	888
150	998
151	7
151	208
151	861
151	893
151	948
152	531
152	609
152	870
152	895
152	916
153	710
153	819
153	864
153	895
153	946
154	285
154	294
154	762
154	891
154	975
155	410
155	733
155	928
155	987
155	989
156	412
156	540
156	854
156	857
156	932
157	547
157	627
157	798
157	862
157	865
158	233
158	835
158	885
158	937
158	997
159	5
159	619
159	771
159	917
159	987
160	335
160	827
160	920
160	957
160	996
161	28
161	658
161	693
161	731
161	917
162	61
162	305
162	497
162	612
162	615
163	833
163	960
163	961
163	977
163	978
164	295
164	951
164	956
164	966
164	971
165	504
165	512
165	589
165	813
165	911
166	671
166	766
166	801
166	825
166	951
167	212
167	541
167	613
167	736
167	835
168	645
168	666
168	722
168	881
168	983
169	5
169	143
169	292
169	508
169	939
170	468
170	807
170	811
170	841
170	914
171	343
171	468
171	613
171	835
171	953
172	80
172	588
172	816
172	861
172	953
173	494
173	529
173	787
173	937
173	975
174	188
174	259
174	373
174	768
174	949
175	122
175	682
175	784
175	849
175	918
176	73
176	727
176	760
176	806
176	910
177	253
177	739
177	798
177	821
177	865
178	570
178	580
178	670
178	784
178	942
179	359
179	383
179	814
179	876
179	939
180	698
180	890
180	905
180	933
180	962
181	641
181	722
181	889
181	959
181	983
182	130
182	829
182	912
182	966
182	993
183	68
183	321
183	905
183	962
183	969
184	199
184	780
184	964
184	991
184	997
185	205
185	310
185	753
185	858
185	950
186	463
186	800
186	939
186	946
186	959
187	302
187	811
187	903
187	926
187	941
188	174
188	203
188	631
188	707
188	817
189	723
189	811
189	825
189	841
189	1000
190	785
190	809
190	899
190	955
190	972
191	459
191	715
191	891
191	971
191	975
192	56
192	445
192	768
192	834
192	958
193	135
193	300
193	461
193	691
193	827
194	620
194	671
194	723
194	732
194	811
195	361
195	550
195	672
195	908
195	926
196	430
196	697
196	716
196	925
196	987
197	602
197	857
197	905
197	942
197	1000
198	810
198	885
198	940
198	950
198	1000
199	129
199	184
199	937
199	946
199	959
200	308
200	357
200	470
200	703
200	711
201	472
201	635
201	832
201	853
201	943
202	629
202	631
202	838
202	971
202	975
203	101
203	188
203	369
203	769
203	996
204	330
204	907
204	946
204	959
204	985
205	185
205	310
205	347
205	458
205	952
206	552
206	576
206	589
206	668
206	690
207	366
207	659
207	765
207	776
207	927
208	151
208	455
208	782
208	861
208	893
209	763
209	782
209	861
209	893
209	948
210	810
210	812
210	885
210	889
210	950
211	134
211	706
211	875
211	898
211	940
212	167
212	620
212	644
212	944
212	950
212	1000
213	343
213	360
213	461
213	621
213	827
213	982
214	719
214	769
214	906
214	911
214	963
214	990
215	483
215	824
215	868
215	887
215	986
215	994
216	146
216	388
216	773
216	878
216	964
216	997
217	136
217	540
217	602
217	704
217	755
217	962
218	362
218	851
218	855
218	906
218	942
218	992
219	738
219	807
219	843
219	856
219	914
219	954
220	713
220	775
220	791
220	929
220	960
220	978
221	573
221	763
221	786
221	803
221	943
221	983
222	516
222	520
222	549
222	816
222	862
222	920
223	843
223	847
223	918
223	924
223	974
223	980
224	415
224	421
224	628
224	733
224	825
224	841
225	311
225	474
225	741
225	792
225	933
225	962
226	343
226	630
226	683
226	737
226	758
226	964
227	546
227	622
227	677
227	703
227	803
227	874
228	14
228	240
228	488
228	604
228	824
228	887
229	9
229	262
229	488
229	663
229	824
229	887
230	5
230	116
230	249
230	292
230	939
230	956
231	532
231	667
231	837
231	845
231	977
231	978
232	382
232	633
232	772
232	840
232	919
232	986
233	158
233	664
233	759
233	840
233	919
233	937
234	412
234	497
234	828
234	866
234	895
234	901
235	290
235	725
235	856
235	966
235	972
235	993
236	438
236	588
236	596
236	894
236	930
236	968
237	857
237	864
237	866
237	971
237	975
237	982
238	246
238	452
238	551
238	601
238	960
238	978
239	473
239	813
239	901
239	913
239	922
239	990
240	142
240	228
240	663
240	824
240	875
240	887
241	261
241	666
241	794
241	823
241	972
241	983
242	511
242	611
242	720
242	812
242	885
242	950
243	695
243	752
243	796
243	956
243	966
243	993
244	860
244	881
244	896
244	915
244	942
244	945
245	654
245	657
245	844
245	871
245	892
245	948
246	238
246	253
246	799
246	965
246	976
246	978
247	98
247	254
247	301
247	616
247	665
247	680
248	354
248	733
248	778
248	944
248	957
248	996
249	230
249	292
249	709
249	716
249	728
249	939
250	750
250	770
250	902
250	903
250	925
250	926
251	326
251	360
251	461
251	827
251	975
251	982
252	505
252	522
252	789
252	790
252	850
252	863
253	177
253	246
253	739
253	842
253	865
253	971
254	45
254	247
254	649
254	653
254	665
254	992
255	387
255	528
255	622
255	677
255	803
255	874
256	94
256	533
256	938
256	966
256	991
256	993
257	585
257	864
257	907
257	953
257	987
257	989
258	599
258	739
258	761
258	777
258	865
258	936
259	18
259	174
259	631
259	646
259	876
259	949
260	372
260	391
260	403
260	552
260	576
260	984
261	241
261	500
261	681
261	791
261	983
261	998
262	229
262	705
262	714
262	885
262	950
262	1000
263	60
263	750
263	815
263	909
263	926
263	996
264	29
264	386
264	767
264	811
264	825
264	941
265	511
265	636
265	685
265	763
265	832
265	943
266	487
266	746
266	906
266	914
266	960
266	978
267	44
267	612
267	882
267	892
267	921
267	985
268	74
268	695
268	912
268	956
268	966
268	993
269	451
269	554
269	580
269	624
269	678
269	991
270	307
270	719
270	851
270	915
270	935
270	992
271	421
271	422
271	532
271	849
271	900
271	913
272	400
272	643
272	746
272	890
272	984
272	994
273	397
273	702
273	868
273	894
273	930
273	951
274	132
274	539
274	747
274	921
274	948
274	970
275	750
275	770
275	908
275	926
275	941
275	957
276	794
276	809
276	840
276	919
276	986
276	997
277	669
277	712
277	780
277	850
277	970
277	991
278	44
278	114
278	714
278	851
278	869
278	988
279	517
279	558
279	575
279	764
279	842
279	857
280	503
280	644
280	744
280	844
280	908
280	995
281	467
281	782
281	861
281	893
281	914
281	948
282	654
282	656
282	744
282	804
282	871
282	987
283	129
283	517
283	757
283	818
283	906
283	937
284	92
284	590
284	689
284	855
284	934
284	999
285	154
285	688
285	714
285	885
285	950
285	1000
286	424
286	542
286	547
286	865
286	921
286	970
287	26
287	584
287	645
287	823
287	983
287	998
288	72
288	432
288	506
288	783
288	881
288	968
289	571
289	743
289	817
289	833
289	941
289	976
290	235
290	685
290	851
290	898
290	940
290	955
291	550
291	772
291	815
291	870
291	919
291	957
292	116
292	169
292	230
292	249
292	939
292	955
293	101
293	298
293	346
293	405
293	988
293	992
294	154
294	745
294	765
294	857
294	891
294	927
295	164
295	678
295	706
295	796
295	956
295	993
296	347
296	482
296	854
296	894
296	930
296	952
297	629
297	714
297	775
297	838
297	842
297	971
298	293
298	796
298	912
298	956
298	966
298	993
299	26
299	90
299	327
299	944
299	987
299	995
300	193
300	437
300	445
300	646
300	858
300	932
301	64
301	247
301	382
301	417
301	777
301	920
302	187
302	550
302	566
302	728
302	903
302	925
303	13
303	318
303	573
303	753
303	817
303	963
304	315
304	820
304	879
304	936
304	947
304	958
305	162
305	360
305	448
305	793
305	847
305	960
306	30
306	550
306	692
306	903
306	908
306	941
307	270
307	573
307	743
307	908
307	941
307	996
308	200
308	543
308	674
308	802
308	875
308	995
309	48
309	409
309	527
309	677
309	803
309	932
310	39
310	185
310	205
310	347
310	350
310	731
311	225
311	710
311	797
311	819
311	850
311	895
312	677
312	684
312	707
312	774
312	852
312	949
313	615
313	635
313	685
313	832
313	921
313	999
314	434
314	483
314	804
314	849
314	943
314	974
315	2
315	90
315	304
315	571
315	971
315	975
316	74
316	375
316	496
316	828
316	850
316	898
317	348
317	652
317	741
317	830
317	954
317	969
318	28
318	303
318	660
318	755
318	817
318	833
319	771
319	801
319	820
319	879
319	947
319	958
320	9
320	477
320	488
320	630
320	663
320	887
321	183
321	462
321	717
321	905
321	969
321	981
322	105
322	550
322	618
322	908
322	926
322	941
323	66
323	668
323	802
323	824
323	887
323	931
324	510
324	806
324	813
324	960
324	961
324	965
325	145
325	749
325	859
325	920
325	938
325	947
326	138
326	251
326	691
326	776
326	820
326	982
327	299
327	428
327	778
327	892
327	900
327	909
328	407
328	528
328	710
328	864
328	901
328	984
329	446
329	482
329	498
329	501
329	749
329	992
330	204
330	402
330	907
330	946
330	959
330	985
331	558
331	606
331	636
331	842
331	870
331	975
332	510
332	603
332	621
332	625
332	701
332	783
333	425
333	603
333	638
333	701
333	707
333	839
334	840
334	886
334	899
334	910
334	972
334	982
335	160
335	602
335	816
335	862
335	888
335	912
336	53
336	371
336	612
336	615
336	970
336	985
337	407
337	716
337	921
337	948
337	970
337	985
338	26
338	436
338	514
338	778
338	871
338	874
339	94
339	744
339	815
339	870
339	957
339	976
340	344
340	447
340	643
340	813
340	878
340	920
341	63
341	483
341	510
341	701
341	783
341	965
342	118
342	568
342	608
342	616
342	680
342	788
343	171
343	213
343	226
343	541
343	835
343	997
344	340
344	602
344	655
344	859
344	873
344	920
345	374
345	644
345	656
345	676
345	892
345	909
346	80
346	293
346	714
346	910
346	923
346	988
347	71
347	205
347	296
347	310
347	540
347	1000
348	3
348	317
348	620
348	628
348	825
348	841
349	86
349	700
349	769
349	829
349	976
349	996
350	310
350	709
350	716
350	819
350	853
350	868
351	401
351	807
351	856
351	914
351	954
351	969
352	504
352	512
352	621
352	753
352	932
352	965
353	672
353	728
353	762
353	903
353	908
353	941
354	9
354	248
354	873
354	906
354	957
354	958
355	474
355	906
355	933
355	966
355	973
355	976
356	523
356	548
356	733
356	793
356	953
356	960
357	72
357	200
357	418
357	470
357	674
357	867
358	600
358	641
358	709
358	716
358	732
358	756
358	868
359	179
359	383
359	551
359	912
359	939
359	960
359	978
360	213
360	251
360	305
360	691
360	827
360	864
360	982
361	56
361	195
361	667
361	779
361	961
361	977
361	978
362	218
362	474
362	781
362	810
362	896
362	932
362	999
363	481
363	570
363	632
363	715
363	795
363	931
363	998
364	104
364	520
364	581
364	896
364	934
364	945
364	999
365	660
365	755
365	780
365	789
365	949
365	965
365	991
366	207
366	507
366	745
366	765
366	781
366	876
366	938
367	451
367	587
367	675
367	698
367	766
367	801
367	844
368	113
368	403
368	552
368	589
368	761
368	765
368	927
369	101
369	203
369	708
369	722
369	757
369	815
369	986
370	466
370	574
370	822
370	835
370	883
370	973
370	995
371	108
371	336
371	377
371	399
371	703
371	777
371	953
372	2
372	260
372	538
372	662
372	710
372	864
372	982
373	46
373	128
373	174
373	477
373	491
373	713
373	737
374	345
374	375
374	785
374	850
374	936
374	947
374	958
375	316
375	374
375	496
375	765
375	853
375	866
375	981
376	535
376	555
376	672
376	726
376	773
376	889
376	964
377	371
377	636
377	694
377	696
377	703
377	846
377	922
378	835
378	875
378	886
378	910
378	955
378	972
378	982
379	107
379	433
379	689
379	820
379	912
379	966
379	993
380	73
380	383
380	463
380	814
380	834
380	939
380	981
381	440
381	776
381	854
381	907
381	946
381	959
381	985
382	232
382	301
382	418
382	447
382	516
382	695
382	802
383	73
383	78
383	179
383	359
383	380
383	536
383	834
384	445
384	521
384	700
384	846
384	870
384	957
384	986
385	85
385	562
385	565
385	566
385	670
385	784
385	972
386	146
386	264
386	628
386	671
386	811
386	825
386	841
387	255
387	695
387	724
387	866
387	912
387	956
387	989
388	216
388	646
388	737
388	747
388	773
388	833
388	952
389	103
389	109
389	129
389	472
389	556
389	804
389	937
390	502
390	694
390	696
390	698
390	703
390	762
390	846
391	260
391	450
391	735
391	845
391	902
391	979
391	991
392	547
392	599
392	627
392	739
392	798
392	836
392	865
393	635
393	691
393	776
393	809
393	827
393	919
393	993
394	62
394	556
394	848
394	898
394	934
394	942
394	999
395	526
395	632
395	645
395	795
395	888
395	931
395	998
396	475
396	734
396	809
396	822
396	840
396	919
396	920
397	273
397	438
397	596
397	754
397	837
397	894
397	930
398	19
398	589
398	655
398	689
398	711
398	862
398	920
399	30
399	371
399	694
399	703
399	762
399	846
399	950
400	87
400	272
400	626
400	742
400	746
400	984
400	994
401	351
401	598
401	647
401	686
401	807
401	856
401	914
402	330
402	551
402	717
402	905
402	933
402	948
402	981
403	260
403	368
403	552
403	576
403	589
403	690
403	761
404	50
404	591
404	783
404	812
404	881
404	967
404	968
405	293
405	509
405	645
405	721
405	808
405	869
405	988
406	683
406	736
406	756
406	828
406	884
406	916
406	935
407	328
407	337
407	473
407	614
407	866
407	895
407	970
408	139
408	554
408	783
408	880
408	881
408	967
408	968
409	309
409	683
409	711
409	721
409	803
409	851
409	874
410	155
410	676
410	744
410	909
410	944
410	971
410	995
411	434
411	450
411	509
411	522
411	560
411	790
411	897
412	156
412	234
412	524
412	655
412	826
412	854
412	889
413	85
413	570
413	575
413	580
413	670
413	730
413	836
414	681
414	722
414	785
414	796
414	823
414	983
414	998
415	224
415	679
415	731
415	811
415	841
415	899
415	972
416	68
416	467
416	782
416	861
416	893
416	948
416	993
417	301
417	447
417	537
417	788
417	862
417	942
417	952
418	357
418	382
418	543
418	563
418	668
418	674
418	868
419	21
419	504
419	654
419	754
419	894
419	909
419	930
420	533
420	651
420	791
420	793
420	931
420	961
420	977
421	224
421	271
421	811
421	825
421	921
421	923
421	970
422	107
422	271
422	682
422	922
422	924
422	980
422	990
423	621
423	701
423	905
423	913
423	918
423	924
423	945
424	286
424	553
424	609
424	879
424	916
424	938
424	958
425	84
425	333
425	586
425	603
425	610
425	701
425	965
426	593
426	829
426	878
426	882
426	976
426	986
426	996
427	526
427	851
427	881
427	904
427	942
427	945
427	1000
428	26
428	67
428	327
428	518
428	778
428	779
428	995
429	486
429	699
429	709
429	745
429	806
429	823
429	902
430	196
430	548
430	616
430	649
430	789
430	927
430	953
431	99
431	571
431	857
431	907
431	946
431	959
431	971
432	288
432	471
432	591
432	967
432	968
432	984
432	999
433	379
433	752
433	912
433	951
433	956
433	966
433	993
434	314
434	411
434	594
434	918
434	924
434	974
434	980
435	16
435	117
435	764
435	794
435	861
435	893
435	983
436	338
436	503
436	590
436	778
436	866
436	944
436	995
437	123
437	300
437	492
437	656
437	694
437	753
437	858
438	236
438	397
438	578
438	742
438	754
438	894
438	930
439	50
439	139
439	510
439	586
439	913
439	925
439	965
440	381
440	445
440	826
440	907
440	946
440	959
440	985
441	656
441	676
441	775
441	778
441	907
441	946
441	959
442	488
442	555
442	663
442	757
442	887
442	951
442	996
443	839
443	860
443	886
443	898
443	899
443	940
443	955
444	43
444	465
444	781
444	847
444	896
444	934
444	999
445	106
445	109
445	192
445	300
445	384
445	440
445	759
446	27
446	329
446	574
446	693
446	822
446	883
446	995
447	340
447	382
447	417
447	862
447	920
447	952
447	988
448	111
448	305
448	616
448	837
448	877
448	961
448	977
449	464
449	875
449	886
449	923
449	955
449	972
449	982
450	18
450	119
450	391
450	411
450	463
450	712
450	814
451	269
451	367
451	735
451	740
451	766
451	768
451	801
452	238
452	682
452	748
452	770
452	924
452	980
452	990
453	683
453	737
453	741
453	756
453	805
453	929
453	944
454	41
454	471
454	472
454	712
454	790
454	850
454	951
455	208
455	542
455	547
455	599
455	627
455	798
455	865
456	532
456	705
456	754
456	812
456	930
456	950
456	956
457	64
457	777
457	785
457	862
457	875
457	962
457	968
457	972
458	205
458	612
458	724
458	819
458	828
458	895
458	921
458	970
459	191
459	583
459	736
459	886
459	891
459	926
459	940
459	975
460	82
460	492
460	515
460	758
460	826
460	858
460	967
460	968
461	135
461	193
461	213
461	251
461	691
461	827
461	876
461	982
462	321
462	492
462	647
462	738
462	807
462	856
462	914
462	954
463	18
463	186
463	380
463	450
463	814
463	834
463	893
463	939
464	449
464	572
464	590
464	858
464	886
464	899
464	940
464	955
465	49
465	444
465	781
465	841
465	860
465	888
465	942
465	945
466	370
466	493
466	503
466	607
466	644
466	744
466	892
466	944
467	281
467	416
467	583
467	726
467	782
467	861
467	893
467	948
468	170
468	171
468	604
468	673
468	707
468	889
468	964
468	997
469	476
469	593
469	612
469	676
469	704
469	874
469	944
469	981
470	57
470	200
470	357
470	543
470	713
470	767
470	802
470	917
471	102
471	137
471	432
471	454
471	880
471	881
471	967
471	968
472	62
472	103
472	201
472	389
472	454
472	635
472	818
472	943
473	239
473	407
473	708
473	730
473	849
473	863
473	980
473	990
474	225
474	355
474	362
474	557
474	792
474	890
474	969
474	981
475	29
475	36
475	144
475	396
475	661
475	749
475	824
475	887
476	7
476	469
476	551
476	602
476	857
476	962
476	969
476	981
477	320
477	373
477	653
477	793
477	824
477	837
477	887
477	978
478	489
478	536
478	793
478	813
478	834
478	846
478	929
478	939
479	45
479	592
479	607
479	639
479	727
479	788
479	884
479	937
480	511
480	524
480	574
480	696
480	708
480	830
480	980
480	990
481	150
481	363
481	632
481	795
481	799
481	821
481	931
481	998
482	39
482	296
482	329
482	498
482	501
482	693
482	973
482	995
483	215
483	314
483	341
483	494
483	663
483	664
483	824
483	887
484	76
484	578
484	734
484	754
484	868
484	894
484	930
484	985
485	135
485	633
485	772
485	809
485	840
485	919
485	937
485	986
486	429
486	538
486	549
486	687
486	699
486	897
486	929
486	991
487	266
487	647
487	807
487	856
487	869
487	914
487	925
487	954
488	9
488	228
488	229
488	320
488	442
488	664
488	824
488	905
489	104
489	478
489	832
489	896
489	904
489	932
489	942
489	999
490	514
490	617
490	630
490	662
490	889
490	895
490	921
490	997
491	25
491	373
491	494
491	634
491	660
491	833
491	949
491	963
492	106
492	437
492	460
492	462
492	820
492	879
492	947
492	958
493	466
493	499
493	737
493	796
493	833
493	929
493	956
493	993
494	103
494	173
494	483
494	491
494	664
494	720
494	804
494	937
495	623
495	730
495	822
495	918
495	953
495	980
495	987
495	989
496	93
496	316
496	375
496	514
496	679
496	768
496	819
496	828
497	2
497	162
497	234
497	715
497	768
497	819
497	864
497	901
498	57
498	329
498	482
498	587
498	883
498	943
498	973
498	995
499	493
499	557
499	652
499	729
499	792
499	800
499	890
499	962
500	261
500	786
500	815
500	823
500	841
500	872
500	983
500	998
501	329
501	482
501	546
501	693
501	749
501	835
501	973
501	995
502	390
502	703
502	762
502	843
502	913
502	914
502	924
502	961
503	142
503	280
503	436
503	466
503	744
503	818
503	944
503	968
504	165
504	352
504	419
504	512
504	658
504	686
504	873
504	911
505	41
505	252
505	560
505	596
505	712
505	755
505	790
505	951
506	20
506	288
506	557
506	562
506	565
506	566
506	575
506	784
507	366
507	626
507	627
507	687
507	845
507	966
507	984
507	994
508	169
508	618
508	863
508	894
508	903
508	930
508	931
508	961
509	41
509	65
509	405
509	411
509	560
509	869
509	886
509	988
510	324
510	332
510	341
510	439
510	610
510	621
510	783
510	785
511	141
511	242
511	265
511	480
511	635
511	685
511	832
511	943
512	128
512	165
512	352
512	504
512	579
512	658
512	878
512	911
513	541
513	640
513	667
513	742
513	834
513	929
513	967
513	968
514	54
514	338
514	490
514	496
514	710
514	768
514	895
514	984
515	38
515	114
515	460
515	808
515	820
515	856
515	932
515	936
516	222
516	382
516	688
516	838
516	885
516	888
516	950
516	952
517	279
517	283
517	544
517	606
517	708
517	787
517	838
517	971
518	90
518	123
518	428
518	607
518	844
518	871
518	944
518	995
519	545
519	554
519	657
519	676
519	687
519	760
519	821
519	938
520	222
520	364
520	633
520	772
520	809
520	840
520	919
520	986
521	15
521	384
521	775
521	815
521	829
521	846
521	957
521	996
522	252
522	411
522	560
522	626
522	712
522	790
522	897
522	951
523	356
523	758
523	901
523	917
523	925
523	932
523	987
523	989
524	123
524	412
524	480
524	931
524	932
524	974
524	990
524	999
525	590
525	711
525	715
525	809
525	852
525	872
525	900
525	919
526	395
526	427
526	587
526	684
526	877
526	945
526	966
526	1000
527	309
527	539
527	622
527	672
527	677
527	728
527	895
527	908
528	255
528	328
528	531
528	546
528	622
528	677
528	803
528	804
529	121
529	173
529	706
529	796
529	912
529	956
529	970
529	993
530	553
530	869
530	879
530	916
530	936
530	947
530	958
530	965
531	152
531	528
531	637
531	677
531	874
531	893
531	901
531	930
532	231
532	271
532	456
532	739
532	927
532	929
532	974
532	978
533	256
533	420
533	547
533	678
533	745
533	867
533	897
533	910
534	672
534	788
534	845
534	902
534	910
534	979
534	988
534	991
535	376
535	604
535	644
535	726
535	728
535	805
535	964
535	997
536	144
536	383
536	478
536	823
536	907
536	939
536	946
536	959
537	417
537	646
537	734
537	752
537	757
537	862
537	920
537	949
538	112
538	372
538	486
538	679
538	895
538	912
538	966
538	993
539	274
539	527
539	882
539	921
539	937
539	948
539	970
539	985
540	156
540	217
540	347
540	652
540	858
540	889
540	962
540	991
541	167
541	343
541	513
541	598
541	618
541	683
541	773
541	833
541	929
542	286
542	455
542	599
542	627
542	705
542	739
542	763
542	798
542	865
543	308
543	418
543	470
543	601
543	668
543	674
543	711
543	802
543	924
544	106
544	131
544	517
544	558
544	571
544	764
544	775
544	842
544	971
545	130
545	147
545	519
545	806
545	833
545	851
545	943
545	976
545	979
546	43
546	227
546	501
546	528
546	607
546	687
546	699
546	751
546	803
547	157
547	286
547	392
547	455
547	533
547	739
547	798
547	865
547	877
548	45
548	356
548	430
548	608
548	616
548	653
548	665
548	680
548	904
549	43
549	147
549	222
549	486
549	692
549	712
549	788
549	818
549	979
550	195
550	291
550	302
550	306
550	322
550	903
550	908
550	926
550	941
551	148
551	238
551	359
551	402
551	476
551	700
551	959
551	960
551	981
552	36
552	206
552	260
552	368
552	403
552	576
552	589
552	668
552	703
553	424
553	530
553	609
553	655
553	879
553	916
553	936
553	947
553	958
554	269
554	408
554	519
554	740
554	788
554	806
554	810
554	902
554	991
555	376
555	442
555	743
555	757
555	872
555	882
555	957
555	994
555	996
556	37
556	62
556	389
556	394
556	720
556	804
556	818
556	848
556	937
557	61
557	95
557	474
557	499
557	506
557	593
557	729
557	905
557	969
558	40
558	279
558	331
558	544
558	625
558	762
558	857
558	891
558	975
559	92
559	132
559	730
559	782
559	830
559	844
559	861
559	893
559	913
560	41
560	411
560	505
560	509
560	522
560	662
560	767
560	850
560	897
561	65
561	564
561	585
561	860
561	873
561	884
561	904
561	987
561	989
562	385
562	506
562	565
562	566
562	575
562	580
562	670
562	784
562	890
563	418
563	631
563	674
563	767
563	802
563	876
563	943
563	949
563	997
564	104
564	561
564	577
564	581
564	781
564	808
564	945
564	999
564	1000
565	385
565	506
565	562
565	575
565	580
565	670
565	720
565	784
565	992
566	302
566	385
566	506
566	562
566	580
566	670
566	720
566	784
566	802
567	673
567	731
567	733
567	738
567	751
567	758
567	816
567	917
567	989
568	342
568	729
568	735
568	760
568	867
568	890
568	969
568	970
568	995
569	575
569	659
569	765
569	876
569	915
569	923
569	927
569	985
569	992
570	178
570	363
570	413
570	638
570	670
570	754
570	784
570	876
570	949
571	289
571	315
571	431
571	544
571	625
571	787
571	842
571	943
571	971
572	6
572	464
572	605
572	657
572	717
572	892
572	940
572	944
572	955
573	99
573	221
573	303
573	307
573	707
573	752
573	817
573	833
573	855
574	370
574	446
574	480
574	749
574	822
574	835
574	883
574	990
574	995
575	279
575	413
575	506
575	562
575	565
575	569
575	580
575	670
575	784
576	36
576	52
576	206
576	260
576	403
576	552
576	589
576	690
576	974
577	564
577	633
577	772
577	809
577	840
577	872
577	919
577	937
577	986
578	438
578	484
578	596
578	650
578	754
578	863
578	894
578	917
578	930
579	3
579	512
579	671
579	723
579	825
579	847
579	926
579	961
579	977
580	178
580	269
580	413
580	562
580	565
580	566
580	575
580	670
580	784
581	104
581	364
581	564
581	681
581	720
581	774
581	852
581	855
581	932
582	632
582	676
582	715
582	716
582	795
582	869
582	963
582	988
582	998
583	459
583	467
583	597
583	725
583	875
583	886
583	898
583	955
583	982
584	92
584	122
584	287
584	634
584	843
584	918
584	962
584	974
584	990
585	257
585	561
585	733
585	765
585	917
585	928
585	979
585	987
585	989
586	63
586	84
586	143
586	425
586	439
586	701
586	746
586	783
586	965
587	25
587	367
587	498
587	526
587	822
587	859
587	883
587	904
587	999
588	172
588	236
588	758
588	917
588	923
588	935
588	959
588	987
588	992
589	52
589	165
589	206
589	368
589	398
589	403
589	552
589	576
589	690
590	284
590	436
590	464
590	525
590	684
590	860
590	934
590	942
590	999
591	404
591	432
591	600
591	640
591	669
591	671
591	938
591	967
591	968
592	80
592	479
592	718
592	865
592	884
592	915
592	923
592	935
592	988
593	426
593	469
593	557
593	642
593	894
593	905
593	962
593	969
593	973
594	48
594	434
594	637
594	755
594	833
594	851
594	863
594	902
594	980
595	649
595	678
595	745
595	760
595	788
595	818
595	831
595	902
595	979
596	236
596	397
596	505
596	578
596	648
596	652
596	754
596	894
596	930
597	583
597	843
597	849
597	913
597	922
597	924
597	974
597	980
597	990
598	401
598	541
598	604
598	726
598	727
598	736
598	737
598	805
598	964
599	258
599	392
599	455
599	542
599	705
599	798
599	821
599	865
599	989
600	49
600	358
600	591
600	856
600	860
600	914
600	954
600	967
600	968
601	238
601	543
601	709
601	716
601	717
601	732
601	834
601	961
601	977
602	88
602	197
602	217
602	335
602	344
602	476
602	888
602	917
602	920
603	332
603	333
603	425
603	610
603	621
603	701
603	783
603	948
603	965
603	984
604	228
604	468
604	535
604	598
604	670
604	673
604	737
604	773
604	964
604	997
605	572
605	658
605	742
605	785
605	898
605	910
605	940
605	955
605	972
605	982
606	115
606	331
606	517
606	629
606	764
606	833
606	891
606	971
606	973
606	975
607	466
607	479
607	518
607	546
607	624
607	644
607	697
607	735
607	909
607	931
608	98
608	342
608	548
608	616
608	631
608	649
608	653
608	665
608	680
608	799
609	33
609	152
609	424
609	553
609	839
609	899
609	936
609	947
609	958
609	965
610	84
610	425
610	510
610	603
610	688
610	810
610	885
610	928
610	950
610	994
611	242
611	622
611	677
611	759
611	803
611	812
611	874
611	885
611	886
611	950
612	162
612	267
612	336
612	458
612	469
612	921
612	948
612	951
612	970
612	985
613	47
613	65
613	167
613	171
613	639
613	726
613	777
613	976
613	996
613	997
614	54
614	407
614	657
614	753
614	826
614	858
614	861
614	871
614	909
614	995
615	162
615	313
615	336
615	892
615	904
615	921
615	923
615	948
615	970
615	985
616	247
616	342
616	430
616	448
616	548
616	608
616	653
616	665
616	680
616	793
617	43
617	490
617	727
617	742
617	746
617	791
617	867
617	984
617	991
617	994
618	322
618	508
618	541
618	667
618	713
618	779
618	793
618	911
618	960
618	977
619	159
619	731
619	758
619	889
619	925
619	928
619	934
619	953
619	987
619	989
620	194
620	212
620	348
620	628
620	671
620	723
620	731
620	811
620	825
620	841
621	86
621	213
621	332
621	352
621	423
621	510
621	603
621	774
621	881
621	934
622	227
622	255
622	527
622	528
622	611
622	677
622	803
622	874
622	897
622	900
623	28
623	495
623	731
623	743
623	748
623	853
623	928
623	953
623	987
623	989
624	269
624	607
624	640
624	772
624	806
624	880
624	940
624	967
624	968
624	979
625	332
625	558
625	571
625	629
625	775
625	838
625	857
625	896
625	971
625	975
626	400
626	507
626	522
626	742
626	746
626	821
626	836
626	867
626	984
626	994
627	157
627	392
627	455
627	507
627	542
627	739
627	797
627	798
627	821
627	865
628	224
628	348
628	386
628	620
628	723
628	811
628	825
628	841
628	918
628	1000
629	202
629	297
629	606
629	625
629	764
629	891
629	896
629	922
629	971
629	975
630	226
630	320
630	490
630	736
630	797
630	805
630	814
630	819
630	864
630	883
631	188
631	202
631	259
631	563
631	608
631	638
631	817
631	851
631	949
631	963
632	75
632	363
632	395
632	481
632	582
632	795
632	888
632	931
632	987
632	998
633	232
633	485
633	520
633	577
633	760
633	840
633	872
633	891
633	919
633	986
634	491
634	584
634	727
634	730
634	788
634	884
634	897
634	902
634	927
634	990
635	141
635	201
635	313
635	393
635	472
635	511
635	685
635	832
635	943
635	953
636	265
636	331
636	377
636	646
636	703
636	762
636	838
636	842
636	846
636	857
637	75
637	531
637	594
637	662
637	792
637	797
637	828
637	866
637	895
637	984
638	333
638	570
638	631
638	678
638	752
638	753
638	846
638	876
638	949
638	963
639	479
639	613
639	661
639	747
639	865
639	884
639	915
639	935
639	988
639	992
640	50
640	513
640	591
640	624
640	669
640	784
640	863
640	881
640	967
640	968
641	181
641	358
641	648
641	759
641	826
641	854
641	858
641	932
641	934
641	952
642	23
642	593
642	652
642	750
642	792
642	796
642	800
642	933
642	962
642	969
643	272
643	340
643	746
643	907
643	946
643	959
643	977
643	984
643	985
643	994
644	21
644	212
644	280
644	345
644	466
644	535
644	607
644	654
644	663
644	892
645	168
645	287
645	395
645	405
645	681
645	795
645	888
645	983
645	996
645	998
646	95
646	259
646	300
646	388
646	537
646	636
646	755
646	949
646	964
646	997
647	401
647	462
647	487
647	738
647	807
647	856
647	894
647	914
647	954
647	991
648	70
648	596
648	641
648	826
648	868
648	889
648	894
648	930
648	976
648	990
649	45
649	98
649	254
649	430
649	595
649	608
649	653
649	665
649	680
649	956
650	578
650	732
650	738
650	807
650	856
650	863
650	870
650	894
650	914
650	930
651	54
651	420
651	655
651	661
651	761
651	765
651	808
651	876
651	927
651	932
652	317
652	499
652	540
652	596
652	642
652	667
652	717
652	905
652	954
652	962
653	98
653	254
653	477
653	548
653	608
653	616
653	649
653	665
653	680
653	926
654	95
654	104
654	245
654	282
654	419
654	644
654	688
654	844
654	871
654	874
655	344
655	398
655	412
655	553
655	651
655	777
655	838
655	858
655	920
655	952
656	89
656	282
656	345
656	437
656	441
656	691
656	744
656	776
656	827
656	982
657	93
657	245
657	519
657	572
657	614
657	687
657	699
657	753
657	892
657	979
658	161
658	504
658	512
658	605
658	748
658	854
658	873
658	878
658	978
658	989
659	207
659	569
659	765
659	876
659	887
659	907
659	909
659	946
659	959
659	985
660	318
660	365
660	491
660	707
660	724
660	753
660	763
660	817
660	934
660	943
661	10
661	475
661	639
661	651
661	719
661	761
661	915
661	923
661	935
661	988
662	372
662	490
662	560
662	637
662	692
662	724
662	768
662	864
662	901
662	949
663	144
663	149
663	229
663	240
663	320
663	442
663	483
663	644
663	824
663	887
664	233
664	483
664	488
664	494
664	729
664	804
664	818
664	848
664	856
664	937
665	247
665	254
665	548
665	608
665	616
665	649
665	653
665	680
665	792
665	937
666	37
666	168
666	241
666	785
666	794
666	823
666	872
666	983
666	987
666	988
666	998
667	231
667	361
667	513
667	618
667	652
667	717
667	791
667	834
667	956
667	961
667	977
668	58
668	72
668	206
668	323
668	418
668	543
668	552
668	674
668	711
668	767
668	802
669	11
669	88
669	277
669	591
669	640
669	780
669	789
669	895
669	967
669	968
669	991
670	83
670	178
670	385
670	413
670	562
670	565
670	566
670	570
670	575
670	580
670	604
671	3
671	50
671	166
671	194
671	386
671	579
671	591
671	620
671	723
671	771
671	811
672	40
672	97
672	195
672	353
672	376
672	527
672	534
672	767
672	903
672	908
672	926
673	32
673	468
673	567
673	604
673	683
673	726
673	732
673	747
673	773
673	882
673	964
674	57
674	111
674	308
674	357
674	418
674	543
674	563
674	668
674	767
674	802
674	997
675	83
675	91
675	137
675	367
675	698
675	766
675	801
675	831
675	844
675	947
675	997
676	42
676	345
676	410
676	441
676	469
676	519
676	582
676	778
676	874
676	892
676	909
677	227
677	255
677	309
677	312
677	527
677	528
677	531
677	611
677	622
677	803
677	878
678	15
678	269
678	295
678	533
678	595
678	638
678	718
678	845
678	884
678	935
678	992
679	415
679	496
679	538
679	869
679	898
679	935
679	940
679	955
679	972
679	988
679	992
680	45
680	97
680	138
680	247
680	342
680	548
680	608
680	616
680	649
680	653
680	665
681	261
681	414
681	581
681	645
681	722
681	785
681	786
681	823
681	958
681	983
681	998
682	62
682	175
682	422
682	452
682	843
682	849
682	859
682	918
682	924
682	980
682	990
683	226
683	406
683	409
683	453
683	541
683	673
683	736
683	747
683	773
683	817
683	964
684	41
684	312
684	526
684	590
684	774
684	852
684	877
684	896
684	932
684	978
684	999
685	96
685	127
685	265
685	290
685	313
685	511
685	635
685	763
685	832
685	940
685	943
686	35
686	146
686	401
686	504
686	736
686	854
686	878
686	888
686	911
686	929
686	944
687	486
687	507
687	519
687	546
687	657
687	699
687	760
687	791
687	867
687	942
687	979
688	285
688	516
688	610
688	654
688	705
688	810
688	812
688	885
688	950
688	964
688	1000
689	77
689	284
689	379
689	398
689	777
689	859
689	862
689	912
689	952
689	956
689	993
690	206
690	403
690	576
690	589
690	725
690	798
690	880
690	919
690	922
690	924
690	990
691	193
691	326
691	360
691	393
691	461
691	656
691	773
691	776
691	827
691	926
691	982
692	112
692	306
692	549
692	662
692	745
692	797
692	828
692	845
692	902
692	979
692	980
693	161
693	446
693	482
693	501
693	749
693	822
693	831
693	883
693	968
693	973
693	995
694	55
694	377
694	390
694	399
694	437
694	762
694	846
694	871
694	892
694	909
694	995
695	121
695	243
695	268
695	382
695	387
695	706
695	824
695	912
695	951
695	956
695	993
696	377
696	390
696	480
696	703
696	762
696	846
696	913
696	916
696	918
696	927
696	977
697	196
697	607
697	753
697	928
697	943
697	949
697	953
697	963
697	964
697	987
697	989
698	91
698	126
698	180
698	367
698	390
698	675
698	740
698	766
698	801
698	831
698	844
699	429
699	486
699	546
699	657
699	687
699	745
699	806
699	852
699	867
699	918
699	979
700	13
700	349
700	384
700	551
700	757
700	799
700	846
700	906
700	957
700	985
700	996
701	63
701	332
701	333
701	341
701	423
701	425
701	586
701	603
701	740
701	893
701	965
702	273
702	743
702	757
702	769
702	870
702	873
702	906
702	946
702	976
702	994
702	996
703	200
703	227
703	371
703	377
703	390
703	399
703	502
703	552
703	636
703	696
703	846
704	60
704	217
704	469
704	717
704	729
704	842
704	849
704	890
704	969
704	973
704	981
705	136
705	262
705	456
705	542
705	599
705	688
705	810
705	812
705	885
705	950
705	1000
706	4
706	211
706	295
706	529
706	695
706	796
706	866
706	912
706	956
706	966
706	993
707	99
707	188
707	312
707	333
707	468
707	573
707	660
707	755
707	836
707	943
707	989
708	369
708	473
708	480
708	517
708	718
708	719
708	721
708	808
708	830
708	891
708	990
709	120
709	249
709	350
709	358
709	429
709	601
709	716
709	732
709	756
709	862
709	868
710	153
710	311
710	328
710	372
710	514
710	745
710	853
710	866
710	895
710	901
710	939
710	984
711	57
711	200
711	398
711	409
711	525
711	543
711	668
711	802
711	870
711	884
711	963
711	992
712	277
712	450
712	454
712	505
712	522
712	549
712	789
712	790
712	861
712	884
712	897
712	951
713	220
713	373
713	470
713	618
713	813
713	837
713	911
713	913
713	960
713	961
713	978
713	983
714	262
714	278
714	285
714	297
714	346
714	770
714	810
714	915
714	950
714	988
714	992
714	1000
715	191
715	363
715	497
715	525
715	582
715	724
715	795
715	819
715	866
715	931
715	965
715	998
716	120
716	196
716	249
716	337
716	350
716	358
716	582
716	601
716	709
716	732
716	756
716	868
717	321
717	402
717	572
717	601
717	652
717	667
717	704
717	741
717	933
717	969
717	973
717	981
718	19
718	592
718	678
718	708
718	721
718	781
718	877
718	884
718	915
718	935
718	961
718	988
719	214
719	270
719	661
719	708
719	809
719	915
719	923
719	963
719	982
719	988
719	992
719	1000
720	20
720	85
720	242
720	494
720	556
720	565
720	566
720	581
720	784
720	804
720	937
720	973
721	21
721	405
721	409
721	708
721	718
721	829
721	884
721	915
721	923
721	935
721	988
721	992
722	118
722	168
722	181
722	369
722	414
722	681
722	786
722	794
722	823
722	901
722	983
722	998
723	189
723	194
723	579
723	620
723	628
723	671
723	789
723	811
723	825
723	841
723	877
723	889
724	2
724	74
724	387
724	458
724	660
724	662
724	715
724	797
724	814
724	828
724	969
724	984
725	235
725	583
725	690
725	744
725	839
725	875
725	899
725	938
725	940
725	955
725	972
725	982
726	376
726	467
726	535
726	598
726	613
726	673
726	732
726	773
726	805
726	848
726	981
726	997
727	176
727	479
727	598
727	617
727	634
727	800
727	806
727	891
727	933
727	969
727	973
727	990
728	249
728	302
728	353
728	527
728	535
728	767
728	770
728	863
728	903
728	925
728	926
728	941
729	499
729	557
729	568
729	664
729	704
729	752
729	804
729	818
729	848
729	883
729	937
729	982
730	27
730	413
730	473
730	495
730	559
730	634
730	748
730	863
730	873
730	922
730	974
730	980
731	161
731	310
731	415
731	567
731	619
731	620
731	623
731	901
731	928
731	953
731	987
731	989
732	194
732	358
732	601
732	650
732	673
732	709
732	716
732	726
732	848
732	868
732	889
732	997
733	110
733	155
733	224
733	248
733	356
733	567
733	585
733	917
733	925
733	928
733	987
733	989
734	396
734	484
734	537
734	822
734	831
734	883
734	912
734	951
734	956
734	966
734	993
734	995
735	391
735	451
735	568
735	607
735	740
735	760
735	818
735	867
735	902
735	922
735	956
735	979
736	167
736	406
736	459
736	598
736	630
736	683
736	686
736	805
736	931
736	964
736	994
736	997
737	226
737	373
737	388
737	453
737	493
737	598
737	604
737	805
737	848
737	959
737	964
737	997
738	8
738	219
738	462
738	567
738	647
738	650
738	807
738	856
738	882
738	914
738	952
738	954
739	177
739	253
739	258
739	392
739	532
739	542
739	547
739	627
739	787
739	798
739	821
739	865
740	451
740	554
740	698
740	701
740	735
740	766
740	801
740	831
740	844
740	845
740	910
740	954
741	225
741	317
741	453
741	717
741	752
741	799
741	800
741	890
741	905
741	941
741	962
741	981
742	400
742	438
742	513
742	605
742	617
742	626
742	746
742	821
742	836
742	867
742	984
742	994
743	289
743	307
743	555
743	623
743	702
743	757
743	873
743	906
743	957
743	976
743	977
743	996
744	26
744	280
744	282
744	339
744	410
744	466
744	503
744	656
744	725
744	871
744	874
744	909
745	294
745	366
745	429
745	533
745	595
745	692
745	699
745	710
745	902
745	938
745	979
745	988
745	991
746	266
746	272
746	400
746	586
746	617
746	626
746	643
746	742
746	836
746	867
746	984
746	994
746	995
747	44
747	274
747	388
747	639
747	673
747	683
747	805
747	833
747	921
747	960
747	964
747	970
747	985
748	59
748	80
748	108
748	452
748	623
748	658
748	730
748	816
748	912
748	917
748	922
748	924
748	991
749	325
749	329
749	475
749	501
749	574
749	693
749	822
749	831
749	835
749	883
749	906
749	973
749	981
750	97
750	250
750	263
750	275
750	642
750	770
750	859
750	903
750	908
750	925
750	926
750	941
750	955
751	11
751	88
751	546
751	567
751	780
751	789
751	866
751	873
751	901
751	917
751	987
751	989
751	991
752	25
752	243
752	433
752	537
752	573
752	638
752	729
752	741
752	763
752	792
752	900
752	962
752	981
753	185
753	303
753	352
753	437
753	614
753	638
753	657
753	660
753	697
753	759
753	946
753	952
753	963
754	397
754	419
754	438
754	456
754	484
754	570
754	578
754	596
754	868
754	885
754	894
754	930
754	977
755	99
755	217
755	318
755	365
755	505
755	594
755	646
755	707
755	763
755	836
755	851
755	943
755	949
756	87
756	120
756	358
756	406
756	453
756	709
756	716
756	825
756	848
756	868
756	929
756	978
756	997
757	283
757	369
757	442
757	537
757	555
757	700
757	702
757	743
757	815
757	850
757	870
757	887
757	986
758	226
758	460
758	523
758	567
758	588
758	619
758	769
758	873
758	925
758	928
758	953
758	987
758	989
759	56
759	233
759	445
759	611
759	641
759	753
759	808
759	826
759	854
759	858
759	882
759	889
759	932
760	147
760	176
760	519
760	568
760	595
760	633
760	687
760	735
760	781
760	788
760	845
760	902
760	906
761	258
761	368
761	403
761	651
761	661
761	765
761	876
761	884
761	914
761	927
761	935
761	988
761	995
762	137
762	154
762	353
762	390
762	399
762	502
762	558
762	636
762	694
762	696
762	787
762	971
762	975
763	96
763	141
763	209
763	221
763	265
763	542
763	660
763	685
763	752
763	755
763	832
763	943
763	949
764	279
764	435
764	544
764	606
764	629
764	772
764	775
764	787
764	838
764	857
764	891
764	971
764	975
765	207
765	294
765	366
765	368
765	375
765	569
765	585
765	651
765	659
765	761
765	790
765	876
765	927
766	91
766	138
766	166
766	367
766	451
766	675
766	698
766	740
766	801
766	831
766	844
766	880
766	962
767	17
767	133
767	264
767	470
767	560
767	563
767	668
767	672
767	674
767	728
767	802
767	908
767	980
768	174
768	192
768	451
768	496
768	497
768	514
768	662
768	879
768	916
768	936
768	947
768	958
768	984
769	87
769	127
769	203
769	214
769	349
769	702
769	758
769	775
769	846
769	870
769	906
769	976
769	994
770	40
770	102
770	250
770	275
770	452
770	714
770	728
770	750
770	798
770	903
770	908
770	926
770	941
771	28
771	159
771	319
771	671
771	775
771	816
771	901
771	917
771	925
771	928
771	953
771	987
771	989
772	232
772	291
772	485
772	520
772	577
772	624
772	764
772	809
772	840
772	855
772	872
772	919
772	986
773	146
773	216
773	376
773	388
773	541
773	604
773	673
773	683
773	691
773	726
773	805
773	911
773	964
774	312
774	581
774	621
774	684
774	807
774	847
774	852
774	860
774	900
774	923
774	942
774	945
774	999
775	220
775	297
775	441
775	521
775	544
775	625
775	764
775	769
775	771
775	906
775	957
775	975
775	996
776	207
776	326
776	381
776	393
776	656
776	691
776	827
776	907
776	946
776	959
776	982
776	985
776	992
777	142
777	258
777	301
777	371
777	457
777	613
777	655
777	689
777	862
777	874
777	920
777	988
777	992
778	22
778	248
778	327
778	338
778	428
778	436
778	441
778	676
778	808
778	844
778	892
778	909
778	995
779	46
779	361
779	428
779	618
779	791
779	793
779	834
779	847
779	960
779	961
779	965
779	977
779	978
780	11
780	81
780	88
780	184
780	277
780	365
780	669
780	751
780	789
780	970
780	986
780	991
780	998
781	362
781	366
781	444
781	465
781	564
781	718
781	760
781	852
781	860
781	896
781	904
781	934
781	942
781	999
782	55
782	79
782	112
782	208
782	209
782	281
782	416
782	467
782	559
782	860
782	861
782	893
782	948
782	980
783	53
783	288
783	332
783	341
783	404
783	408
783	510
783	586
783	603
783	811
783	919
783	963
783	965
783	967
784	85
784	175
784	178
784	385
784	506
784	562
784	565
784	566
784	570
784	575
784	580
784	640
784	720
784	930
785	100
785	190
785	374
785	414
785	457
785	510
785	605
785	666
785	681
785	823
785	955
785	972
785	983
785	986
786	37
786	77
786	117
786	221
786	500
786	681
786	722
786	823
786	838
786	872
786	913
786	953
786	983
786	998
787	173
787	517
787	571
787	739
787	762
787	764
787	838
787	842
787	857
787	891
787	946
787	971
787	974
787	975
788	342
788	417
788	479
788	534
788	549
788	554
788	595
788	634
788	760
788	806
788	897
788	902
788	928
788	980
789	69
789	81
789	252
789	365
789	430
789	669
789	712
789	723
789	751
789	780
789	790
789	951
789	963
789	991
790	69
790	252
790	411
790	454
790	505
790	522
790	712
790	765
790	789
790	850
790	897
790	899
790	951
790	961
791	148
791	220
791	261
791	420
791	617
791	667
791	687
791	779
791	793
791	911
791	929
791	960
791	977
791	978
792	31
792	225
792	474
792	499
792	637
792	642
792	665
792	752
792	905
792	933
792	954
792	962
792	973
792	981
793	61
793	124
793	305
793	356
793	420
793	477
793	478
793	616
793	618
793	779
793	791
793	834
793	837
793	929
794	77
794	117
794	118
794	241
794	276
794	435
794	666
794	722
794	823
794	872
794	947
794	949
794	983
794	998
795	58
795	150
795	363
795	395
795	481
795	582
795	632
795	645
795	715
795	888
795	903
795	931
795	983
795	998
796	107
796	243
796	295
796	298
796	414
796	493
796	529
796	642
796	706
796	813
796	951
796	956
796	966
796	993
797	61
797	112
797	134
797	311
797	627
797	630
797	637
797	692
797	724
797	814
797	819
797	864
797	895
797	974
798	157
798	177
798	392
798	455
798	542
798	547
798	599
798	627
798	690
798	739
798	770
798	821
798	865
798	951
799	136
799	246
799	481
799	608
799	700
799	741
799	800
799	890
799	933
799	957
799	976
799	981
799	986
799	996
800	7
800	136
800	186
800	499
800	642
800	727
800	741
800	799
800	840
800	901
800	933
800	962
800	969
800	981
801	83
801	91
801	137
801	166
801	319
801	367
801	451
801	675
801	698
801	740
801	766
801	831
801	844
801	964
802	57
802	129
802	308
802	323
802	382
802	470
802	543
802	563
802	566
802	668
802	674
802	711
802	767
802	876
803	48
803	221
803	227
803	255
803	309
803	409
803	528
803	546
803	611
803	622
803	677
803	819
803	874
803	970
804	36
804	129
804	282
804	314
804	389
804	494
804	528
804	556
804	664
804	720
804	729
804	848
804	937
804	945
805	35
805	76
805	122
805	453
805	535
805	598
805	630
805	726
805	736
805	737
805	747
805	773
805	893
805	997
806	176
806	324
806	429
806	545
806	554
806	624
806	699
806	727
806	788
806	845
806	897
806	934
806	979
806	993
807	8
807	170
807	219
807	351
807	401
807	462
807	487
807	647
807	650
807	738
807	774
807	856
807	914
807	921
808	39
808	405
808	515
808	564
808	651
808	708
808	759
808	778
808	826
808	858
808	915
808	935
808	971
808	988
809	190
809	276
809	393
809	396
809	485
809	520
809	525
809	577
809	719
809	772
809	840
809	872
809	919
809	986
810	89
810	198
810	210
810	362
810	554
810	610
810	688
810	705
810	714
810	812
810	885
810	927
810	950
810	1000
811	170
811	187
811	189
811	194
811	264
811	386
811	415
811	421
811	620
811	628
811	671
811	723
811	783
811	841
811	947
812	46
812	89
812	140
812	210
812	242
812	404
812	456
812	611
812	688
812	705
812	810
812	885
812	929
812	950
812	1000
813	113
813	128
813	165
813	239
813	324
813	340
813	478
813	713
813	796
813	854
813	873
813	902
813	911
813	931
813	961
814	52
814	73
814	75
814	93
814	96
814	179
814	380
814	450
814	463
814	630
814	724
814	797
814	896
814	984
814	998
815	119
815	263
815	291
815	339
815	369
815	500
815	521
815	757
815	957
815	976
815	977
815	986
815	987
815	994
815	996
816	72
816	172
816	222
816	335
816	567
816	748
816	771
816	859
816	862
816	888
816	920
816	935
816	936
816	953
816	989
817	188
817	289
817	303
817	318
817	573
817	631
817	660
817	683
817	827
817	836
817	876
817	943
817	949
817	963
817	976
818	283
818	472
818	503
818	549
818	556
818	595
818	664
818	729
818	735
818	825
818	902
818	928
818	937
818	938
818	991
819	112
819	153
819	311
819	350
819	458
819	496
819	497
819	630
819	715
819	797
819	803
819	828
819	866
819	985
819	996
820	304
820	319
820	326
820	379
820	492
820	515
820	839
820	879
820	916
820	923
820	936
820	938
820	947
820	958
820	965
821	177
821	481
821	519
821	599
821	626
821	627
821	739
821	742
821	798
821	836
821	865
821	867
821	895
821	984
821	994
822	71
822	117
822	370
822	396
822	446
822	495
822	574
822	587
822	693
822	734
822	749
822	835
822	853
822	883
822	973
823	77
823	241
823	287
823	414
823	429
823	500
823	536
823	666
823	681
823	722
823	785
823	786
823	794
823	855
823	983
824	9
824	144
824	215
824	228
824	229
824	240
824	323
824	475
824	477
824	483
824	488
824	663
824	695
824	887
824	984
825	166
825	189
825	224
825	264
825	348
825	386
825	421
825	579
825	620
825	628
825	723
825	756
825	818
825	841
825	972
826	51
826	71
826	109
826	412
826	440
826	460
826	614
826	641
826	648
826	759
826	808
826	842
826	858
826	943
826	952
827	135
827	138
827	160
827	193
827	213
827	251
827	360
827	393
827	461
827	656
827	691
827	776
827	817
827	982
827	985
828	6
828	234
828	316
828	406
828	458
828	496
828	637
828	692
828	724
828	819
828	850
828	853
828	864
828	877
828	984
829	13
829	60
829	182
829	349
829	426
829	521
829	721
829	846
829	870
829	874
829	878
829	906
829	976
829	986
829	996
830	32
830	132
830	317
830	480
830	559
830	708
830	843
830	863
830	879
830	880
830	908
830	913
830	918
830	927
830	980
831	595
831	675
831	693
831	698
831	734
831	740
831	749
831	766
831	801
831	842
831	844
831	883
831	889
831	973
831	995
832	21
832	52
832	96
832	127
832	141
832	201
832	265
832	313
832	489
832	511
832	635
832	685
832	763
832	943
832	954
833	163
833	289
833	318
833	388
833	491
833	493
833	541
833	545
833	573
833	594
833	606
833	747
833	889
833	975
833	986
833	997
834	73
834	192
834	380
834	383
834	463
834	478
834	513
834	601
834	667
834	779
834	793
834	837
834	939
834	955
834	960
834	975
835	139
835	158
835	167
835	171
835	343
835	370
835	378
835	501
835	574
835	749
835	822
835	883
835	973
835	976
835	995
835	997
836	392
836	413
836	626
836	707
836	742
836	746
836	755
836	817
836	821
836	851
836	867
836	949
836	963
836	967
836	984
836	994
837	111
837	126
837	231
837	397
837	448
837	477
837	713
837	793
837	834
837	907
837	911
837	918
837	931
837	961
837	977
837	978
838	115
838	202
838	297
838	516
838	517
838	625
838	636
838	655
838	764
838	786
838	787
838	842
838	858
838	891
838	971
838	975
839	48
839	333
839	443
839	609
839	725
839	820
839	886
839	898
839	899
839	926
839	936
839	938
839	940
839	947
839	958
839	972
840	59
840	232
840	233
840	276
840	334
840	396
840	485
840	520
840	577
840	633
840	772
840	800
840	809
840	919
840	949
840	986
841	3
841	170
841	189
841	224
841	348
841	386
841	415
841	465
841	500
841	620
841	628
841	723
841	811
841	825
841	904
841	960
842	115
842	253
842	279
842	297
842	331
842	544
842	571
842	636
842	704
842	787
842	826
842	831
842	838
842	857
842	971
842	975
843	59
843	67
843	125
843	219
843	223
843	502
843	584
843	597
843	682
843	830
843	849
843	918
843	922
843	964
843	974
843	980
844	245
844	280
844	367
844	518
844	559
844	654
844	675
844	698
844	740
844	766
844	778
844	801
844	831
844	908
844	909
844	994
845	43
845	231
845	391
845	507
845	534
845	678
845	692
845	740
845	760
845	806
845	902
845	910
845	938
845	948
845	961
845	979
846	94
846	377
846	384
846	390
846	399
846	478
846	521
846	636
846	638
846	694
846	696
846	700
846	703
846	769
846	829
846	984
847	33
847	46
847	223
847	305
847	444
847	579
847	774
847	779
847	896
847	905
847	911
847	932
847	946
847	960
847	977
847	999
848	394
848	556
848	664
848	726
848	729
848	732
848	737
848	756
848	804
848	850
848	874
848	896
848	929
848	937
848	964
848	997
849	48
849	175
849	271
849	314
849	473
849	597
849	682
849	704
849	843
849	900
849	922
849	924
849	954
849	960
849	980
849	990
850	74
850	134
850	252
850	277
850	311
850	316
850	374
850	454
850	560
850	757
850	790
850	828
850	848
850	864
850	951
850	993
851	25
851	82
851	218
851	270
851	278
851	290
851	409
851	427
851	545
851	594
851	631
851	755
851	836
851	869
851	884
851	938
851	963
852	33
852	312
852	525
852	581
852	684
852	699
852	774
852	781
852	855
852	877
852	934
852	942
852	957
852	966
852	973
852	999
852	1000
853	74
853	201
853	350
853	375
853	623
853	710
853	822
853	828
853	855
853	860
853	866
853	901
853	904
853	934
853	942
853	945
853	999
854	51
854	113
854	128
854	156
854	296
854	381
854	412
854	641
854	658
854	686
854	759
854	813
854	869
854	878
854	899
854	911
854	952
855	218
855	284
855	573
855	581
855	772
855	823
855	852
855	853
855	877
855	879
855	896
855	900
855	904
855	934
855	942
855	999
855	1000
856	8
856	29
856	219
856	235
856	351
856	401
856	462
856	487
856	515
856	600
856	647
856	650
856	664
856	738
856	807
856	914
856	954
857	131
857	156
857	197
857	237
857	279
857	294
857	431
857	476
857	558
857	625
857	636
857	764
857	787
857	842
857	891
857	971
857	975
858	39
858	131
858	185
858	300
858	437
858	460
858	464
858	540
858	614
858	641
858	655
858	759
858	808
858	826
858	838
858	889
858	952
859	16
859	29
859	42
859	71
859	325
859	344
859	587
859	682
859	689
859	750
859	816
859	862
859	883
859	920
859	952
859	973
859	995
860	1
860	86
860	244
860	443
860	465
860	561
860	590
860	600
860	774
860	781
860	782
860	853
860	896
860	900
860	932
860	945
860	1000
861	55
861	68
861	79
861	151
861	172
861	208
861	209
861	281
861	416
861	435
861	467
861	559
861	614
861	712
861	782
861	893
861	948
862	19
862	157
862	222
862	335
862	398
862	417
862	447
862	457
862	537
862	689
862	709
862	777
862	816
862	859
862	875
862	941
862	952
863	252
863	473
863	508
863	578
863	594
863	640
863	650
863	728
863	730
863	830
863	868
863	880
863	894
863	930
863	974
863	990
863	997
864	75
864	153
864	237
864	257
864	328
864	360
864	372
864	497
864	630
864	662
864	797
864	828
864	850
864	866
864	895
864	901
864	968
865	157
865	177
865	253
865	258
865	286
865	392
865	455
865	542
865	547
865	592
865	599
865	627
865	639
865	739
865	798
865	821
865	958
866	75
866	234
866	237
866	375
866	387
866	407
866	436
866	637
866	706
866	710
866	715
866	751
866	819
866	853
866	864
866	936
866	984
867	357
867	533
867	568
867	617
867	626
867	687
867	699
867	735
867	742
867	746
867	821
867	836
867	872
867	930
867	979
867	984
867	994
868	120
868	215
868	273
868	350
868	358
868	418
868	484
868	648
868	709
868	716
868	732
868	754
868	756
868	863
868	894
868	914
868	990
869	65
869	149
869	278
869	405
869	487
869	509
869	530
869	582
869	679
869	851
869	854
869	915
869	923
869	935
869	963
869	988
869	992
870	119
870	152
870	291
870	331
870	339
870	384
870	650
870	702
870	711
870	757
870	769
870	829
870	882
870	957
870	976
870	994
870	996
871	42
871	90
871	100
871	245
871	282
871	338
871	518
871	614
871	654
871	694
871	744
871	880
871	892
871	902
871	909
871	944
871	995
872	118
872	500
872	525
872	555
872	577
872	633
872	666
872	772
872	786
872	794
872	809
872	867
872	897
872	919
872	983
872	986
872	998
873	344
873	354
873	504
873	561
873	658
873	702
873	730
873	743
873	751
873	758
873	813
873	917
873	953
873	976
873	986
873	987
873	994
874	105
874	227
874	255
874	338
874	409
874	469
874	531
874	611
874	622
874	654
874	676
874	744
874	777
874	803
874	829
874	848
874	944
875	12
875	211
875	240
875	308
875	378
875	449
875	457
875	583
875	725
875	862
875	886
875	898
875	899
875	940
875	955
875	972
875	982
875	995
876	179
876	259
876	366
876	461
876	563
876	569
876	570
876	638
876	651
876	659
876	761
876	765
876	802
876	817
876	927
876	949
876	963
876	973
877	10
877	86
877	448
877	526
877	547
877	684
877	718
877	723
877	828
877	852
877	855
877	884
877	915
877	934
877	935
877	963
877	992
877	999
878	113
878	128
878	216
878	340
878	426
878	512
878	658
878	677
878	686
878	829
878	854
878	882
878	911
878	923
878	957
878	976
878	994
878	996
879	14
879	114
879	304
879	319
879	424
879	492
879	530
879	553
879	768
879	820
879	830
879	855
879	916
879	936
879	938
879	947
879	958
879	967
880	78
880	408
880	471
880	624
880	690
880	766
880	830
880	863
880	871
880	881
880	897
880	900
880	913
880	918
880	924
880	967
880	968
880	990
881	168
881	244
881	288
881	404
881	408
881	427
881	471
881	621
881	640
881	880
881	888
881	934
881	942
881	945
881	967
881	980
881	999
881	1000
882	31
882	101
882	267
882	426
882	539
882	555
882	673
882	738
882	759
882	870
882	878
882	921
882	948
882	957
882	970
882	976
882	985
882	1000
883	16
883	370
883	446
883	498
883	574
883	587
883	630
883	693
883	729
883	734
883	749
883	822
883	831
883	835
883	859
883	885
883	973
883	995
884	103
884	406
884	479
884	561
884	592
884	634
884	639
884	678
884	711
884	712
884	718
884	721
884	761
884	851
884	877
884	935
884	988
884	992
885	83
885	158
885	198
885	210
885	242
885	262
885	285
885	516
885	610
885	611
885	688
885	705
885	754
885	810
885	812
885	883
885	950
885	1000
886	38
886	334
886	378
886	443
886	449
886	459
886	464
886	509
886	583
886	611
886	839
886	875
886	898
886	899
886	938
886	940
886	942
886	972
887	66
887	144
887	215
887	228
887	229
887	240
887	320
887	323
887	442
887	475
887	477
887	483
887	659
887	663
887	757
887	824
887	892
887	922
888	19
888	58
888	150
888	335
888	395
888	465
888	516
888	602
888	632
888	645
888	686
888	795
888	816
888	881
888	920
888	931
888	952
888	998
889	123
889	181
889	210
889	376
889	412
889	468
889	490
889	540
889	619
889	648
889	723
889	732
889	759
889	831
889	833
889	858
889	964
889	997
890	23
890	80
890	119
890	180
890	272
890	474
890	499
890	562
890	568
890	704
890	741
890	799
890	905
890	933
890	954
890	962
890	969
890	981
891	47
891	115
891	154
891	191
891	294
891	459
891	558
891	606
891	629
891	633
891	708
891	727
891	764
891	787
891	838
891	857
891	971
891	975
892	42
892	142
892	245
892	267
892	327
892	345
892	466
892	572
892	615
892	644
892	657
892	676
892	694
892	778
892	871
892	887
892	909
892	925
892	944
893	55
893	66
893	68
893	79
893	151
893	208
893	209
893	281
893	416
893	435
893	463
893	467
893	531
893	559
893	701
893	782
893	805
893	861
893	948
894	125
894	236
894	273
894	296
894	397
894	419
894	438
894	484
894	508
894	578
894	593
894	596
894	647
894	648
894	650
894	754
894	863
894	868
894	930
895	2
895	54
895	152
895	153
895	234
895	311
895	407
895	458
895	490
895	514
895	527
895	538
895	637
895	669
895	710
895	797
895	821
895	864
895	984
896	1
896	244
896	362
896	364
896	444
896	489
896	625
896	629
896	684
896	781
896	814
896	847
896	848
896	855
896	860
896	900
896	904
896	945
896	1000
897	69
897	411
897	486
897	522
897	533
897	560
897	622
897	634
897	712
897	788
897	790
897	806
897	872
897	880
897	910
897	929
897	951
897	979
897	991
898	211
898	290
898	316
898	394
898	443
898	583
898	605
898	679
898	839
898	875
898	886
898	899
898	910
898	940
898	955
898	972
898	974
898	975
898	982
899	16
899	108
899	190
899	334
899	415
899	443
899	464
899	609
899	725
899	790
899	839
899	854
899	875
899	886
899	898
899	910
899	940
899	955
899	972
900	27
900	271
900	327
900	525
900	622
900	752
900	774
900	849
900	855
900	860
900	880
900	896
900	904
900	924
900	935
900	945
900	974
900	980
900	990
901	130
901	234
901	239
901	328
901	497
901	523
901	531
901	662
901	710
901	722
901	731
901	751
901	771
901	800
901	853
901	864
901	928
901	953
901	987
902	250
902	391
902	429
902	534
902	554
902	594
902	595
902	634
902	692
902	735
902	745
902	760
902	788
902	813
902	818
902	845
902	871
902	910
902	979
903	102
903	115
903	187
903	250
903	302
903	306
903	353
903	508
903	550
903	672
903	728
903	750
903	770
903	795
903	908
903	925
903	926
903	941
903	971
904	86
904	427
904	489
904	548
904	561
904	587
904	615
904	781
904	841
904	853
904	855
904	896
904	900
904	932
904	934
904	945
904	981
904	999
904	1000
905	22
905	24
905	180
905	183
905	197
905	321
905	402
905	423
905	488
905	557
905	593
905	652
905	741
905	792
905	847
905	890
905	933
905	950
905	981
906	13
906	60
906	87
906	124
906	214
906	218
906	266
906	283
906	354
906	355
906	700
906	702
906	743
906	749
906	760
906	769
906	775
906	829
906	957
906	976
907	93
907	143
907	204
907	257
907	330
907	381
907	431
907	440
907	441
907	536
907	643
907	659
907	776
907	837
907	934
907	946
907	959
907	967
907	985
908	17
908	30
908	64
908	195
908	275
908	280
908	306
908	307
908	322
908	353
908	527
908	550
908	672
908	750
908	767
908	770
908	830
908	844
908	903
908	941
909	6
909	47
909	263
909	327
909	345
909	410
909	419
909	607
909	614
909	659
909	676
909	694
909	744
909	778
909	844
909	871
909	892
909	913
909	944
909	982
910	176
910	334
910	346
910	378
910	533
910	534
910	605
910	740
910	845
910	897
910	898
910	899
910	902
910	916
910	940
910	955
910	972
910	978
910	979
910	998
911	94
911	113
911	165
911	214
911	504
911	512
911	618
911	686
911	713
911	773
911	791
911	813
911	837
911	847
911	854
911	878
911	931
911	971
911	978
911	992
912	182
912	268
912	298
912	335
912	359
912	379
912	387
912	433
912	529
912	538
912	689
912	695
912	706
912	734
912	748
912	929
912	951
912	956
912	966
912	993
913	59
913	92
913	125
913	239
913	271
913	423
913	439
913	502
913	559
913	597
913	696
913	713
913	786
913	830
913	880
913	909
913	918
913	922
913	974
913	980
914	8
914	29
914	170
914	219
914	266
914	281
914	351
914	401
914	462
914	487
914	502
914	600
914	647
914	650
914	738
914	761
914	807
914	856
914	868
914	954
915	1
915	65
915	142
915	149
915	244
915	270
915	569
915	592
915	639
915	661
915	714
915	718
915	719
915	721
915	808
915	869
915	877
915	939
915	957
915	992
916	14
916	51
916	133
916	145
916	152
916	406
916	424
916	530
916	553
916	696
916	768
916	820
916	879
916	910
916	936
916	938
916	947
916	958
916	965
916	979
917	67
917	159
917	161
917	470
917	523
917	567
917	578
917	585
917	588
917	602
917	733
917	748
917	751
917	771
917	873
917	925
917	928
917	972
917	987
917	989
918	53
918	125
918	175
918	223
918	423
918	434
918	495
918	584
918	628
918	682
918	696
918	699
918	830
918	837
918	843
918	880
918	913
918	922
918	974
918	990
919	17
919	232
919	233
919	276
919	291
919	393
919	396
919	485
919	520
919	525
919	577
919	633
919	690
919	772
919	783
919	809
919	840
919	872
919	920
919	984
919	986
920	64
920	120
920	160
920	222
920	301
920	325
920	340
920	344
920	396
920	398
920	447
920	537
920	602
920	655
920	777
920	816
920	859
920	888
920	919
920	952
920	975
921	31
921	35
921	44
921	267
921	274
921	286
921	313
921	337
921	421
921	458
921	490
921	539
921	612
921	615
921	747
921	807
921	882
921	923
921	948
921	957
921	985
922	27
922	239
922	377
922	422
922	597
922	629
922	690
922	730
922	735
922	748
922	843
922	849
922	887
922	913
922	918
922	924
922	927
922	942
922	974
922	980
922	990
923	31
923	70
923	346
923	421
923	449
923	569
923	588
923	592
923	615
923	661
923	719
923	721
923	774
923	820
923	869
923	878
923	921
923	948
923	970
923	985
923	992
924	32
924	223
924	422
924	423
924	434
924	452
924	502
924	543
924	597
924	682
924	690
924	748
924	849
924	880
924	900
924	922
924	932
924	939
924	940
924	974
924	980
925	30
925	121
925	196
925	250
925	302
925	439
925	487
925	523
925	619
925	728
925	733
925	750
925	758
925	771
925	892
925	903
925	917
925	926
925	928
925	941
925	953
926	30
926	102
926	187
926	195
926	250
926	263
926	275
926	322
926	459
926	550
926	579
926	653
926	672
926	691
926	728
926	750
926	770
926	839
926	903
926	925
926	941
927	125
927	207
927	294
927	368
927	430
927	532
927	569
927	634
927	651
927	696
927	761
927	765
927	810
927	830
927	876
927	922
927	958
927	966
927	974
927	980
927	990
928	51
928	67
928	122
928	155
928	585
928	610
928	619
928	623
928	697
928	731
928	733
928	758
928	771
928	788
928	818
928	901
928	917
928	925
928	953
928	987
928	989
929	134
929	220
929	453
929	478
929	486
929	493
929	513
929	532
929	541
929	686
929	756
929	791
929	793
929	812
929	848
929	897
929	912
929	964
929	977
929	978
929	997
930	76
930	236
930	273
930	296
930	397
930	419
930	438
930	456
930	484
930	508
930	531
930	578
930	596
930	648
930	650
930	754
930	784
930	863
930	867
930	894
930	945
931	58
931	323
931	363
931	395
931	420
931	481
931	508
931	524
931	607
931	632
931	715
931	736
931	795
931	813
931	837
931	888
931	911
931	960
931	961
931	977
931	978
931	998
932	156
932	300
932	309
932	352
932	362
932	489
932	515
932	523
932	524
932	581
932	641
932	651
932	684
932	759
932	847
932	860
932	904
932	924
932	942
932	945
932	952
932	987
933	7
933	22
933	61
933	81
933	180
933	225
933	355
933	402
933	642
933	717
933	727
933	792
933	799
933	800
933	890
933	905
933	941
933	963
933	969
933	973
933	979
933	981
934	1
934	33
934	284
934	364
934	394
934	444
934	590
934	619
934	621
934	641
934	660
934	781
934	806
934	852
934	853
934	855
934	877
934	881
934	904
934	907
934	945
934	999
935	24
935	114
935	270
935	406
935	588
935	592
935	639
935	661
935	678
935	679
935	718
935	721
935	761
935	808
935	816
935	869
935	877
935	884
935	900
935	973
935	988
935	992
936	4
936	14
936	133
936	258
936	304
936	374
936	515
936	530
936	553
936	609
936	768
936	816
936	820
936	839
936	866
936	879
936	916
936	938
936	947
936	958
936	965
936	991
937	36
937	62
937	103
937	158
937	173
937	199
937	233
937	283
937	389
937	479
937	485
937	494
937	539
937	556
937	577
937	664
937	665
937	720
937	729
937	804
937	818
937	848
938	256
938	325
938	366
938	424
938	519
938	591
938	725
938	745
938	818
938	820
938	839
938	845
938	851
938	879
938	886
938	916
938	936
938	947
938	952
938	958
938	979
938	991
939	5
939	12
939	18
939	98
939	110
939	116
939	143
939	169
939	179
939	186
939	230
939	249
939	292
939	359
939	380
939	463
939	478
939	536
939	710
939	834
939	915
939	924
940	38
940	198
940	211
940	290
940	443
940	459
940	464
940	572
940	605
940	624
940	679
940	685
940	725
940	839
940	875
940	886
940	898
940	899
940	910
940	924
940	972
940	982
941	17
941	40
941	102
941	187
941	264
941	275
941	289
941	306
941	307
941	322
941	353
941	550
941	728
941	741
941	750
941	770
941	862
941	903
941	908
941	925
941	926
941	933
941	978
942	178
942	197
942	218
942	244
942	394
942	417
942	427
942	465
942	489
942	590
942	687
942	774
942	781
942	852
942	853
942	855
942	881
942	886
942	922
942	932
942	945
942	999
942	1000
943	96
943	127
943	201
943	221
943	265
943	314
943	472
943	498
943	511
943	545
943	563
943	571
943	635
943	660
943	685
943	697
943	707
943	755
943	763
943	817
943	826
943	832
943	949
944	42
944	47
944	67
944	90
944	105
944	148
944	212
944	248
944	299
944	410
944	436
944	453
944	466
944	469
944	503
944	518
944	572
944	686
944	871
944	874
944	892
944	909
944	963
945	33
945	91
945	244
945	364
945	423
945	427
945	465
945	526
945	564
945	774
945	804
945	853
945	860
945	881
945	896
945	900
945	904
945	930
945	932
945	934
945	942
945	999
945	1000
946	38
946	76
946	97
946	153
946	186
946	199
946	204
946	330
946	381
946	431
946	440
946	441
946	536
946	643
946	659
946	702
946	753
946	776
946	787
946	847
946	907
946	959
946	985
947	51
947	133
947	145
947	304
947	319
947	325
947	374
947	492
947	530
947	553
947	609
947	675
947	768
947	794
947	811
947	820
947	839
947	879
947	916
947	936
947	938
947	953
947	958
947	965
948	66
948	79
948	151
948	209
948	245
948	274
948	281
948	337
948	402
948	416
948	467
948	539
948	603
948	612
948	615
948	782
948	845
948	861
948	882
948	893
948	921
948	923
948	970
948	974
949	79
949	99
949	174
949	259
949	312
949	365
949	491
949	537
949	563
949	570
949	631
949	638
949	646
949	662
949	697
949	755
949	763
949	794
949	817
949	836
949	840
949	876
949	943
949	985
950	83
950	89
950	140
950	185
950	198
950	210
950	212
950	242
950	262
950	285
950	399
950	456
950	516
950	610
950	611
950	688
950	705
950	714
950	810
950	812
950	885
950	905
950	989
950	1000
951	69
951	107
951	164
951	166
951	273
951	433
951	442
951	454
951	505
951	522
951	612
951	695
951	712
951	734
951	789
951	790
951	796
951	798
951	850
951	897
951	912
951	956
951	966
951	993
952	19
952	64
952	70
952	114
952	205
952	296
952	388
952	417
952	447
952	516
952	641
952	655
952	689
952	738
952	753
952	826
952	854
952	858
952	859
952	862
952	888
952	920
952	932
952	938
953	3
953	171
953	172
953	257
953	356
953	371
953	430
953	495
953	619
953	623
953	635
953	697
953	731
953	758
953	771
953	786
953	816
953	873
953	901
953	925
953	928
953	947
953	987
953	989
954	10
954	24
954	136
954	147
954	219
954	317
954	351
954	462
954	487
954	600
954	647
954	652
954	738
954	740
954	792
954	832
954	849
954	856
954	890
954	914
954	962
954	969
954	973
954	981
955	16
955	100
955	134
955	140
955	190
955	290
955	292
955	378
955	443
955	449
955	464
955	572
955	583
955	605
955	679
955	725
955	750
955	785
955	834
955	875
955	898
955	899
955	910
955	972
955	998
956	4
956	130
956	164
956	230
956	243
956	268
956	295
956	298
956	387
956	433
956	456
956	493
956	529
956	649
956	667
956	689
956	695
956	706
956	734
956	735
956	796
956	912
956	951
956	966
956	993
957	124
957	160
957	248
957	275
957	291
957	339
957	354
957	384
957	521
957	555
957	700
957	743
957	775
957	799
957	815
957	852
957	870
957	878
957	882
957	906
957	915
957	921
957	969
957	976
957	996
958	14
958	15
958	192
958	304
958	319
958	354
958	374
958	424
958	492
958	530
958	553
958	609
958	681
958	768
958	820
958	839
958	865
958	879
958	916
958	927
958	936
958	938
958	947
958	965
958	966
959	38
959	76
959	93
959	97
959	143
959	181
959	186
959	199
959	204
959	330
959	381
959	431
959	440
959	441
959	536
959	551
959	588
959	643
959	659
959	737
959	776
959	907
959	946
959	985
959	996
960	34
960	148
960	163
960	220
960	238
960	266
960	305
960	324
960	356
960	359
960	551
960	618
960	713
960	747
960	779
960	791
960	834
960	841
960	847
960	849
960	931
960	961
960	973
960	977
960	978
961	20
961	49
961	111
961	126
961	163
961	324
961	361
961	420
961	448
961	502
961	508
961	579
961	601
961	667
961	713
961	718
961	779
961	790
961	813
961	837
961	845
961	931
961	960
961	977
961	978
962	23
962	24
962	70
962	106
962	180
962	183
962	217
962	225
962	457
962	476
962	499
962	540
962	584
962	593
962	642
962	652
962	741
962	752
962	766
962	792
962	800
962	890
962	954
962	969
962	996
963	25
963	149
963	214
963	303
963	491
963	582
963	631
963	638
963	697
963	711
963	719
963	753
963	783
963	789
963	817
963	836
963	851
963	869
963	876
963	877
963	933
963	944
963	988
963	992
963	999
964	146
964	184
964	216
964	226
964	376
964	468
964	535
964	598
964	604
964	646
964	673
964	683
964	688
964	697
964	736
964	737
964	747
964	773
964	801
964	843
964	848
964	889
964	929
964	983
964	997
965	15
965	63
965	84
965	133
965	145
965	246
965	324
965	341
965	352
965	365
965	425
965	439
965	530
965	586
965	603
965	609
965	701
965	715
965	779
965	783
965	820
965	916
965	936
965	947
965	958
966	4
966	107
966	121
966	164
966	182
966	235
966	243
966	256
966	268
966	298
966	355
966	379
966	433
966	507
966	526
966	538
966	706
966	734
966	796
966	852
966	912
966	927
966	951
966	956
966	958
966	993
967	53
967	69
967	72
967	78
967	82
967	100
967	139
967	404
967	408
967	432
967	460
967	471
967	513
967	591
967	600
967	624
967	640
967	669
967	783
967	836
967	879
967	880
967	881
967	907
967	968
967	998
968	49
968	50
968	78
968	82
968	100
968	137
968	139
968	236
968	288
968	404
968	408
968	432
968	457
968	460
968	471
968	503
968	513
968	591
968	600
968	624
968	640
968	669
968	693
968	864
968	880
968	967
969	23
969	84
969	119
969	183
969	317
969	321
969	351
969	474
969	476
969	557
969	568
969	593
969	642
969	704
969	717
969	724
969	727
969	800
969	890
969	933
969	954
969	957
969	962
969	973
969	979
969	981
970	31
970	35
970	44
970	53
970	70
970	110
970	274
970	277
970	286
970	336
970	337
970	407
970	421
970	458
970	529
970	539
970	568
970	612
970	615
970	747
970	780
970	803
970	882
970	923
970	948
970	985
971	131
971	164
971	191
971	202
971	237
971	253
971	297
971	315
971	410
971	431
971	517
971	544
971	571
971	606
971	625
971	629
971	762
971	764
971	787
971	808
971	838
971	842
971	857
971	891
971	903
971	911
971	975
972	12
972	108
972	141
972	190
972	235
972	241
972	334
972	378
972	385
972	415
972	449
972	457
972	605
972	679
972	725
972	785
972	825
972	839
972	875
972	886
972	898
972	899
972	910
972	917
972	940
972	955
972	982
973	22
973	355
973	370
973	482
973	498
973	501
973	593
973	606
973	693
973	704
973	717
973	720
973	727
973	749
973	792
973	822
973	831
973	835
973	852
973	859
973	876
973	883
973	933
973	935
973	954
973	960
973	969
974	32
974	92
974	132
974	223
974	314
974	434
974	524
974	532
974	576
974	584
974	597
974	730
974	787
974	797
974	843
974	863
974	898
974	900
974	913
974	918
974	922
974	924
974	927
974	948
974	980
974	989
974	990
975	131
975	154
975	173
975	191
975	202
975	237
975	251
975	315
975	331
975	459
975	558
975	606
975	625
975	629
975	762
975	764
975	775
975	787
975	833
975	834
975	838
975	842
975	857
975	891
975	898
975	920
975	971
976	140
976	246
976	289
976	339
976	349
976	355
976	426
976	545
976	613
976	648
976	702
976	743
976	769
976	799
976	815
976	817
976	829
976	835
976	870
976	873
976	878
976	882
976	906
976	957
976	982
976	986
976	994
977	20
977	94
977	111
977	148
977	163
977	231
977	361
977	420
977	448
977	579
977	601
977	618
977	643
977	667
977	696
977	743
977	754
977	779
977	791
977	815
977	837
977	847
977	929
977	931
977	960
977	961
977	978
978	46
978	56
978	163
978	220
978	231
978	238
978	246
978	266
978	359
978	361
978	477
978	532
978	658
978	684
978	713
978	756
978	779
978	791
978	837
978	910
978	911
978	929
978	931
978	941
978	960
978	961
978	977
979	15
979	147
979	391
979	534
979	545
979	549
979	585
979	595
979	624
979	657
979	687
979	692
979	699
979	735
979	745
979	806
979	845
979	867
979	897
979	902
979	910
979	916
979	933
979	938
979	969
979	991
979	999
980	27
980	223
980	422
980	434
980	452
980	473
980	480
980	495
980	594
980	597
980	682
980	692
980	730
980	767
980	782
980	788
980	830
980	843
980	849
980	881
980	900
980	913
980	922
980	924
980	927
980	974
980	990
981	7
981	22
981	24
981	106
981	321
981	375
981	380
981	402
981	469
981	474
981	476
981	551
981	704
981	717
981	726
981	741
981	749
981	752
981	792
981	799
981	800
981	890
981	904
981	905
981	933
981	954
981	969
982	135
982	138
982	213
982	237
982	251
982	326
982	334
982	360
982	372
982	378
982	449
982	461
982	583
982	605
982	656
982	691
982	719
982	725
982	729
982	776
982	827
982	875
982	898
982	909
982	940
982	972
982	976
983	37
983	77
983	117
983	118
983	145
983	168
983	181
983	221
983	241
983	261
983	287
983	414
983	435
983	500
983	645
983	666
983	681
983	713
983	722
983	785
983	786
983	794
983	795
983	823
983	872
983	964
983	994
983	998
984	260
984	272
984	328
984	400
984	432
984	507
984	514
984	603
984	617
984	626
984	637
984	643
984	710
984	724
984	742
984	746
984	768
984	814
984	821
984	824
984	828
984	836
984	846
984	866
984	867
984	895
984	919
984	994
985	204
985	267
985	330
985	336
985	337
985	381
985	440
985	484
985	539
985	569
985	612
985	615
985	643
985	659
985	700
985	747
985	776
985	819
985	827
985	882
985	907
985	921
985	923
985	946
985	949
985	959
985	970
986	140
986	215
986	232
986	276
986	369
986	384
986	426
986	485
986	520
986	577
986	633
986	757
986	772
986	780
986	785
986	799
986	809
986	815
986	829
986	833
986	840
986	872
986	873
986	919
986	976
986	991
986	996
986	1000
987	155
987	159
987	196
987	257
987	282
987	299
987	495
987	523
987	561
987	585
987	588
987	619
987	623
987	632
987	666
987	697
987	731
987	733
987	751
987	758
987	771
987	815
987	873
987	901
987	917
987	928
987	932
987	953
987	989
988	10
988	11
988	54
988	278
988	293
988	346
988	405
988	447
988	509
988	534
988	582
988	592
988	639
988	661
988	666
988	679
988	714
988	718
988	719
988	721
988	745
988	761
988	777
988	808
988	869
988	884
988	935
988	963
988	992
989	28
989	110
989	155
989	257
989	387
989	495
989	523
989	561
989	567
989	585
989	599
989	619
989	623
989	658
989	697
989	707
989	731
989	733
989	751
989	758
989	771
989	816
989	917
989	928
989	950
989	953
989	974
989	987
989	996
990	32
990	59
990	132
990	214
990	239
990	422
990	452
990	473
990	480
990	524
990	574
990	584
990	597
990	634
990	648
990	682
990	690
990	708
990	727
990	849
990	863
990	868
990	880
990	900
990	918
990	922
990	927
990	974
990	980
991	11
991	12
991	81
991	88
991	126
991	184
991	256
991	269
991	277
991	365
991	391
991	486
991	534
991	540
991	554
991	617
991	647
991	669
991	745
991	748
991	751
991	780
991	789
991	818
991	897
991	936
991	938
991	979
991	986
992	10
992	34
992	149
992	218
992	254
992	270
992	293
992	329
992	565
992	569
992	588
992	639
992	678
992	679
992	711
992	714
992	719
992	721
992	776
992	777
992	869
992	877
992	884
992	911
992	915
992	923
992	935
992	963
992	988
993	4
993	23
993	121
993	182
993	235
993	243
993	256
993	268
993	295
993	298
993	379
993	393
993	416
993	433
993	493
993	529
993	538
993	689
993	695
993	706
993	734
993	796
993	806
993	850
993	912
993	951
993	956
993	966
993	998
994	13
994	35
994	215
994	272
994	400
994	507
994	555
994	610
994	617
994	626
994	643
994	702
994	736
994	742
994	746
994	769
994	815
994	821
994	836
994	844
994	867
994	870
994	873
994	878
994	976
994	983
994	984
994	995
994	996
995	6
995	280
995	299
995	308
995	370
995	410
995	428
995	436
995	446
995	482
995	498
995	501
995	518
995	568
995	574
995	614
995	693
995	694
995	734
995	746
995	761
995	778
995	831
995	835
995	859
995	871
995	875
995	883
995	994
996	60
996	124
996	160
996	203
996	248
996	263
996	307
996	349
996	426
996	442
996	521
996	555
996	613
996	645
996	700
996	702
996	743
996	775
996	799
996	815
996	819
996	829
996	870
996	878
996	957
996	959
996	962
996	986
996	989
996	994
997	87
997	95
997	158
997	184
997	216
997	276
997	343
997	468
997	490
997	535
997	563
997	604
997	613
997	646
997	674
997	675
997	726
997	732
997	736
997	737
997	756
997	805
997	833
997	835
997	848
997	863
997	889
997	929
997	964
997	999
998	37
998	58
998	150
998	261
998	287
998	363
998	395
998	414
998	481
998	500
998	582
998	632
998	645
998	666
998	681
998	715
998	722
998	780
998	786
998	794
998	795
998	814
998	872
998	888
998	910
998	931
998	955
998	967
998	983
998	993
999	1
999	49
999	284
999	313
999	362
999	364
999	394
999	432
999	444
999	489
999	524
999	564
999	587
999	590
999	684
999	774
999	781
999	847
999	852
999	853
999	855
999	877
999	881
999	904
999	934
999	942
999	945
999	963
999	979
999	997
1000	89
1000	189
1000	197
1000	198
1000	212
1000	262
1000	285
1000	347
1000	427
1000	526
1000	564
1000	628
1000	688
1000	705
1000	714
1000	719
1000	810
1000	812
1000	852
1000	855
1000	860
1000	881
1000	882
1000	885
1000	896
1000	904
1000	942
1000	945
1000	950
1000	986
