1	79
1	116
1	829
1	986
1	990
2	7
2	565
2	694
2	710
2	880
3	213
3	371
3	512
3	890
3	923
4	10
4	204
4	489
4	572
4	762
5	460
5	662
5	676
5	691
5	920
6	217
6	247
6	766
6	924
6	969
7	2
7	249
7	791
7	892
7	947
8	634
8	686
8	745
8	814
8	986
9	754
9	763
9	931
9	965
9	983
10	4
10	505
10	756
10	818
10	882
11	177
11	627
11	693
11	847
11	1000
12	459
12	669
12	708
12	819
12	876
13	34
13	318
13	703
13	827
13	829
14	832
14	906
14	926
14	946
14	964
15	269
15	447
15	509
15	684
15	894
16	683
16	799
16	873
16	888
16	908
17	499
17	536
17	683
17	799
17	851
18	62
18	151
18	315
18	533
18	904
19	95
19	400
19	857
19	896
19	959
20	139
20	407
20	651
20	878
20	992
21	292
21	333
21	532
21	649
21	840
22	544
22	747
22	752
22	853
22	947
23	254
23	463
23	554
23	635
23	918
24	33
24	41
24	146
24	324
24	888
25	204
25	375
25	385
25	447
25	690
26	141
26	637
26	867
26	892
26	945
27	201
27	489
27	634
27	827
27	871
28	480
28	655
28	757
28	769
28	836
29	389
29	535
29	744
29	953
29	983
30	365
30	941
30	945
30	946
30	951
31	270
31	611
31	921
31	949
31	976
32	139
32	186
32	622
32	741
32	858
33	24
33	124
33	467
33	540
33	982
34	13
34	229
34	312
34	624
34	981
35	165
35	204
35	375
35	447
35	807
36	442
36	771
36	884
36	896
36	934
37	524
37	641
37	644
37	918
37	938
38	102
38	192
38	420
38	781
38	812
39	483
39	687
39	780
39	861
39	968
40	586
40	731
40	865
40	940
40	992
41	24
41	124
41	476
41	963
41	976
42	579
42	677
42	713
42	835
42	937
43	109
43	292
43	649
43	697
43	929
44	397
44	643
44	785
44	843
44	913
45	387
45	537
45	776
45	779
45	982
46	515
46	538
46	686
46	814
46	840
47	355
47	448
47	459
47	523
47	691
48	704
48	739
48	745
48	814
48	840
49	314
49	351
49	383
49	418
49	652
50	287
50	761
50	830
50	900
50	929
51	122
51	654
51	766
51	784
51	967
52	530
52	783
52	896
52	934
52	982
53	375
53	561
53	828
53	972
53	995
54	510
54	596
54	690
54	704
54	949
55	250
55	298
55	896
55	934
55	982
56	607
56	728
56	735
56	850
56	883
57	372
57	664
57	798
57	877
57	936
58	236
58	567
58	875
58	919
58	961
59	540
59	710
59	838
59	885
59	982
60	466
60	772
60	853
60	973
60	985
61	228
61	522
61	773
61	774
61	811
62	18
62	664
62	788
62	824
62	914
63	85
63	131
63	226
63	502
63	757
64	247
64	470
64	705
64	824
64	864
65	681
65	835
65	863
65	899
65	987
66	423
66	457
66	579
66	687
66	997
67	413
67	873
67	888
67	922
67	956
68	484
68	564
68	580
68	928
68	982
69	99
69	669
69	760
69	849
69	997
70	240
70	557
70	615
70	950
70	989
71	104
71	268
71	306
71	475
71	910
72	626
72	693
72	723
72	824
72	996
73	176
73	402
73	684
73	757
73	791
74	127
74	592
74	763
74	807
74	970
75	175
75	665
75	757
75	918
75	953
76	276
76	658
76	734
76	794
76	821
77	144
77	253
77	296
77	973
77	985
78	261
78	315
78	339
78	478
78	999
79	1
79	179
79	260
79	888
79	986
80	623
80	708
80	869
80	895
80	917
81	473
81	653
81	696
81	916
81	1000
82	134
82	363
82	750
82	809
82	969
83	183
83	612
83	849
83	953
83	995
84	145
84	376
84	683
84	730
84	851
85	63
85	665
85	744
85	849
85	961
86	634
86	662
86	931
86	941
86	965
87	356
87	665
87	700
87	757
87	953
88	727
88	801
88	877
88	936
88	984
89	404
89	922
89	928
89	955
89	981
90	159
90	164
90	294
90	636
90	946
91	466
91	779
91	893
91	986
91	997
92	172
92	349
92	371
92	713
92	937
93	289
93	840
93	848
93	975
93	989
94	495
94	541
94	697
94	837
94	872
95	19
95	555
95	915
95	926
95	964
96	792
96	809
96	875
96	923
96	984
97	526
97	611
97	940
97	980
97	992
98	215
98	670
98	835
98	909
98	985
99	69
99	784
99	874
99	921
99	997
100	352
100	399
100	805
100	816
100	957
101	754
101	783
101	786
101	839
101	967
102	38
102	196
102	421
102	847
102	908
103	585
103	719
103	740
103	780
103	867
104	71
104	439
104	475
104	930
104	965
105	393
105	841
105	886
105	934
105	981
106	616
106	629
106	743
106	905
106	974
107	192
107	817
107	837
107	960
107	985
108	557
108	615
108	621
108	923
108	951
109	43
109	160
109	668
109	889
109	987
110	404
110	426
110	578
110	694
110	979
111	577
111	686
111	696
111	814
111	842
112	171
112	385
112	839
112	845
112	953
113	299
113	898
113	906
113	938
113	992
114	675
114	896
114	898
114	906
114	978
115	516
115	635
115	683
115	826
115	998
116	1
116	279
116	474
116	868
116	986
117	499
117	565
117	618
117	802
117	945
118	416
118	445
118	907
118	929
118	972
119	476
119	657
119	668
119	842
119	985
120	379
120	429
120	879
120	934
120	967
121	720
121	730
121	799
121	851
121	935
122	51
122	155
122	320
122	541
122	717
123	545
123	794
123	818
123	825
123	969
124	33
124	41
124	571
124	897
124	966
125	251
125	475
125	720
125	722
125	879
126	636
126	789
126	820
126	856
126	954
127	74
127	481
127	661
127	684
127	891
128	646
128	680
128	835
128	846
128	949
129	275
129	351
129	480
129	658
129	987
130	149
130	351
130	640
130	655
130	905
131	63
131	153
131	218
131	662
131	786
132	354
132	411
132	761
132	989
132	994
133	175
133	381
133	725
133	903
133	939
134	82
134	470
134	763
134	869
134	943
135	431
135	494
135	620
135	649
135	895
136	301
136	705
136	750
136	914
136	980
137	384
137	450
137	646
137	802
137	815
138	572
138	762
138	818
138	924
138	976
139	20
139	32
139	144
139	744
139	757
140	432
140	535
140	700
140	724
140	757
141	26
141	661
141	892
141	957
141	979
142	158
142	225
142	310
142	408
142	502
143	648
143	687
143	736
143	960
143	999
144	77
144	139
144	389
144	744
144	953
145	84
145	747
145	761
145	837
145	872
146	24
146	551
146	772
146	903
146	939
147	205
147	370
147	420
147	447
147	518
148	380
148	452
148	916
148	926
148	964
149	130
149	193
149	365
149	655
149	836
150	218
150	670
150	679
150	835
150	900
151	18
151	650
151	926
151	958
151	964
152	546
152	881
152	940
152	980
152	992
153	131
153	294
153	669
153	899
153	925
154	344
154	603
154	760
154	933
154	997
155	122
155	615
155	873
155	888
155	971
156	304
156	312
156	578
156	712
156	925
157	260
157	279
157	665
157	829
157	986
158	142
158	290
158	828
158	841
158	935
159	90
159	339
159	574
159	642
159	979
160	109
160	281
160	812
160	837
160	915
161	347
161	730
161	851
161	862
161	929
162	397
162	670
162	679
162	832
162	944
163	395
163	703
163	733
163	777
163	830
164	90
164	675
164	779
164	798
164	875
165	35
165	811
165	820
165	848
165	990
166	556
166	560
166	859
166	947
166	980
167	259
167	687
167	699
167	996
167	998
168	306
168	601
168	698
168	896
168	981
169	480
169	772
169	803
169	831
169	985
170	643
170	720
170	765
170	971
170	995
171	112
171	638
171	719
171	953
171	988
172	92
172	592
172	750
172	933
172	997
173	625
173	702
173	833
173	972
173	990
174	255
174	528
174	639
174	900
174	998
175	75
175	133
175	744
175	885
175	937
176	73
176	203
176	564
176	665
176	993
177	11
177	326
177	759
177	924
177	986
178	441
178	539
178	823
178	831
178	841
179	79
179	342
179	699
179	861
179	999
180	407
180	537
180	795
180	825
180	852
181	264
181	372
181	645
181	930
181	932
182	434
182	497
182	861
182	961
182	990
183	83
183	734
183	757
183	912
183	915
184	492
184	655
184	708
184	819
184	822
185	247
185	523
185	542
185	908
185	974
186	32
186	287
186	613
186	841
186	984
187	433
187	618
187	762
187	818
187	823
188	421
188	773
188	820
188	929
188	954
189	396
189	641
189	644
189	819
189	918
190	578
190	712
190	757
190	786
190	791
191	410
191	442
191	483
191	523
191	691
192	38
192	107
192	621
192	826
192	950
193	149
193	309
193	754
193	909
193	965
194	320
194	586
194	678
194	740
194	979
195	559
195	572
195	852
195	963
195	998
196	102
196	496
196	790
196	894
196	999
197	280
197	802
197	930
197	979
197	992
198	731
198	741
198	857
198	964
198	978
199	392
199	422
199	436
199	741
199	746
200	398
200	467
200	623
200	657
200	993
201	27
201	634
201	712
201	789
201	946
202	337
202	726
202	729
202	764
202	999
203	176
203	234
203	460
203	483
203	691
204	4
204	25
204	35
204	552
204	706
205	147
205	697
205	793
205	973
205	983
205	999
206	394
206	576
206	603
206	740
206	909
206	965
207	405
207	431
207	608
207	717
207	881
207	980
208	257
208	631
208	781
208	911
208	939
208	986
209	313
209	552
209	726
209	739
209	815
209	935
210	394
210	508
210	712
210	742
210	953
210	982
211	622
211	665
211	857
211	903
211	953
211	987
212	291
212	541
212	555
212	692
212	901
212	948
213	3
213	285
213	332
213	446
213	838
213	889
214	507
214	798
214	844
214	877
214	936
214	984
215	98
215	482
215	679
215	843
215	950
215	989
216	554
216	683
216	751
216	767
216	918
216	989
217	6
217	451
217	493
217	531
217	639
217	908
218	131
218	150
218	570
218	676
218	742
218	844
219	759
219	804
219	869
219	895
219	917
219	961
220	248
220	577
220	639
220	964
220	977
220	988
221	581
221	675
221	846
221	875
221	905
221	974
222	560
222	686
222	745
222	814
222	840
222	959
223	600
223	878
223	889
223	893
223	902
223	988
224	477
224	556
224	680
224	873
224	888
224	953
225	142
225	284
225	502
225	662
225	901
225	950
226	63
226	297
226	857
226	909
226	931
226	964
227	673
227	685
227	706
227	758
227	910
227	937
228	61
228	642
228	650
228	668
228	795
228	961
229	34
229	676
229	771
229	896
229	950
229	982
230	671
230	800
230	820
230	837
230	975
230	990
231	420
231	627
231	795
231	865
231	961
231	992
232	656
232	658
232	663
232	821
232	943
232	970
233	322
233	468
233	643
233	874
233	903
233	996
234	203
234	263
234	390
234	691
234	782
234	997
235	302
235	332
235	446
235	515
235	774
235	942
236	58
236	406
236	472
236	919
236	922
236	961
237	501
237	831
237	855
237	901
237	971
237	995
238	365
238	667
238	814
238	934
238	942
238	978
239	304
239	505
239	757
239	942
239	943
239	987
240	70
240	736
240	746
240	780
240	968
240	994
241	305
241	425
241	506
241	910
241	918
241	959
242	521
242	793
242	826
242	893
242	988
242	999
243	319
243	688
243	801
243	878
243	936
243	983
244	310
244	378
244	502
244	865
244	955
244	981
245	288
245	545
245	588
245	816
245	854
245	896
246	621
246	778
246	848
246	891
246	923
246	989
247	6
247	64
247	185
247	443
247	841
247	914
248	220
248	549
248	804
248	839
248	845
248	916
249	7
249	535
249	623
249	713
249	890
249	918
250	55
250	526
250	785
250	914
250	953
250	980
251	125
251	645
251	776
251	911
251	927
251	998
252	587
252	642
252	717
252	903
252	939
252	986
253	77
253	323
253	636
253	800
253	960
253	987
254	23
254	644
254	767
254	876
254	913
254	918
255	174
255	577
255	697
255	753
255	808
255	998
256	783
256	786
256	839
256	845
256	961
256	975
257	208
257	259
257	726
257	755
257	930
257	996
258	548
258	683
258	726
258	782
258	788
258	946
259	167
259	257
259	478
259	751
259	755
259	964
260	79
260	157
260	605
260	836
260	986
261	78
261	479
261	774
261	925
261	944
261	979
262	404
262	812
262	886
262	896
262	978
262	981
263	234
263	412
263	788
263	914
263	932
263	996
264	181
264	444
264	539
264	573
264	606
264	652
265	321
265	586
265	590
265	836
265	892
265	979
266	340
266	706
266	851
266	859
266	862
266	878
267	388
267	775
267	858
267	956
267	982
267	984
268	71
268	557
268	837
268	853
268	872
268	889
269	15
269	706
269	780
269	831
269	841
269	971
270	31
270	461
270	741
270	876
270	906
270	978
271	632
271	846
271	857
271	920
271	926
271	964
272	520
272	703
272	733
272	824
272	958
272	977
273	356
273	381
273	593
273	781
273	791
273	816
274	560
274	761
274	830
274	884
274	947
274	951
275	129
275	323
275	615
275	678
275	928
275	955
276	76
276	769
276	782
276	794
276	916
276	1000
277	505
277	521
277	817
277	899
277	951
277	987
278	643
278	656
278	776
278	809
278	927
278	969
279	116
279	157
279	428
279	829
279	932
279	986
280	197
280	502
280	565
280	945
280	979
280	1000
281	160
281	477
281	626
281	821
281	915
281	937
282	493
282	672
282	748
282	897
282	966
282	991
283	771
283	826
283	890
283	893
283	938
283	968
284	225
284	310
284	502
284	599
284	612
284	996
285	213
285	745
285	786
285	814
285	921
285	975
286	389
286	677
286	799
286	851
286	954
286	996
287	50
287	186
287	543
287	573
287	929
287	944
288	245
288	543
288	721
288	907
288	972
288	990
289	93
289	677
289	736
289	840
289	893
289	968
290	158
290	375
290	471
290	552
290	555
290	706
291	212
291	529
291	683
291	737
291	799
291	806
292	21
292	43
292	649
292	771
292	840
292	964
293	321
293	441
293	608
293	778
293	971
293	995
294	90
294	153
294	368
294	457
294	817
294	960
295	690
295	795
295	952
295	961
295	973
295	985
296	77
296	548
296	604
296	647
296	973
296	985
297	226
297	386
297	464
297	837
297	947
297	970
298	55
298	728
298	775
298	978
298	981
298	982
299	113
299	641
299	873
299	888
299	939
299	986
300	654
300	661
300	846
300	866
300	876
300	995
301	136
301	510
301	562
301	949
301	962
301	963
302	235
302	419
302	620
302	718
302	856
302	937
303	353
303	497
303	758
303	852
303	855
303	910
304	156
304	239
304	585
304	850
304	953
304	985
305	241
305	467
305	723
305	844
305	883
305	972
306	71
306	168
306	758
306	855
306	910
306	918
307	556
307	579
307	614
307	719
307	832
307	997
308	434
308	462
308	573
308	583
308	721
308	934
309	193
309	411
309	898
309	931
309	965
309	983
310	142
310	244
310	284
310	502
310	694
310	859
311	325
311	597
311	628
311	805
311	814
311	984
312	34
312	156
312	390
312	401
312	729
312	902
313	209
313	404
313	599
313	948
313	971
313	995
314	49
314	438
314	701
314	819
314	823
314	948
315	18
315	78
315	327
315	766
315	904
315	988
316	508
316	661
316	712
316	789
316	836
316	869
317	350
317	421
317	811
317	848
317	856
317	954
318	13
318	641
318	661
318	771
318	827
318	829
319	243
319	598
319	714
319	723
319	954
319	996
320	122
320	194
320	519
320	736
320	780
320	968
321	265
321	293
321	440
321	450
321	755
321	999
322	233
322	468
322	552
322	939
322	978
322	983
323	253
323	275
323	638
323	660
323	931
323	965
324	24
324	398
324	471
324	533
324	967
324	976
325	311
325	388
325	742
325	863
325	902
325	962
326	177
326	489
326	572
326	621
326	756
326	818
327	315
327	486
327	499
327	834
327	958
327	977
328	343
328	373
328	872
328	877
328	878
328	940
329	715
329	731
329	743
329	745
329	943
329	992
330	499
330	500
330	530
330	706
330	799
330	851
331	561
331	872
331	882
331	898
331	938
331	999
332	213
332	235
332	470
332	718
332	756
332	772
333	21
333	550
333	649
333	848
333	856
333	859
334	635
334	873
334	888
334	922
334	940
334	956
335	684
335	726
335	760
335	829
335	847
335	959
336	509
336	524
336	716
336	921
336	962
336	976
337	202
337	501
337	546
337	679
337	689
337	999
338	639
338	753
338	900
338	948
338	970
338	998
339	78
339	159
339	721
339	892
339	957
339	979
340	266
340	686
340	745
340	778
340	968
340	991
341	443
341	585
341	601
341	604
341	735
341	803
342	179
342	440
342	450
342	755
342	874
342	984
343	328
343	747
343	862
343	872
343	949
343	954
344	154
344	610
344	671
344	830
344	893
344	997
345	440
345	508
345	716
345	874
345	906
345	996
346	507
346	574
346	628
346	723
346	863
346	966
347	161
347	506
347	589
347	776
347	883
347	972
348	456
348	501
348	657
348	668
348	803
348	981
348	985
349	92
349	432
349	842
349	847
349	947
349	985
349	986
350	317
350	516
350	613
350	801
350	868
350	936
350	984
351	49
351	129
351	130
351	365
351	655
351	836
351	946
352	100
352	401
352	430
352	628
352	742
352	834
352	917
353	303
353	475
353	497
353	602
353	681
353	843
353	910
354	132
354	419
354	652
354	798
354	812
354	923
354	989
355	47
355	865
355	930
355	940
355	956
355	980
355	992
356	87
356	273
356	582
356	844
356	846
356	929
356	973
357	440
357	506
357	543
357	816
357	837
357	854
357	929
358	715
358	725
358	728
358	745
358	781
358	903
358	986
359	398
359	514
359	653
359	715
359	790
359	903
359	947
360	408
360	691
360	787
360	875
360	897
360	952
360	966
361	681
361	710
361	780
361	854
361	932
361	968
361	994
362	784
362	815
362	841
362	948
362	966
362	985
362	995
363	82
363	520
363	627
363	693
363	702
363	709
363	939
364	625
364	696
364	743
364	769
364	810
364	922
364	963
365	30
365	149
365	238
365	351
365	640
365	655
365	836
366	415
366	552
366	689
366	739
366	861
366	942
366	981
367	467
367	470
367	491
367	587
367	647
367	920
367	967
368	294
368	394
368	817
368	916
368	960
368	967
368	987
369	374
369	393
369	511
369	857
369	926
369	959
369	964
370	147
370	375
370	509
370	521
370	552
370	555
370	906
371	3
371	92
371	447
371	470
371	718
371	831
371	838
372	57
372	181
372	569
372	595
372	708
372	930
372	932
373	328
373	386
373	525
373	800
373	862
373	872
373	983
374	369
374	490
374	827
374	842
374	857
374	926
374	964
375	25
375	35
375	53
375	290
375	370
375	410
375	529
376	84
376	640
376	756
376	762
376	818
376	873
376	882
377	430
377	600
377	641
377	724
377	812
377	866
377	869
378	244
378	517
378	671
378	758
378	849
378	855
378	910
379	120
379	536
379	682
379	817
379	836
379	980
379	987
380	148
380	407
380	631
380	731
380	940
380	980
380	992
381	133
381	273
381	391
381	523
381	568
381	903
381	939
382	445
382	518
382	545
382	707
382	749
382	915
382	989
383	49
383	438
383	459
383	642
383	819
383	823
383	914
384	137
384	504
384	540
384	765
384	818
384	898
384	972
385	25
385	112
385	613
385	628
385	779
385	863
385	984
386	297
386	373
386	488
386	696
386	839
386	916
386	1000
387	45
387	619
387	647
387	673
387	750
387	866
387	895
388	267
388	325
388	394
388	507
388	597
388	628
388	648
389	29
389	144
389	286
389	664
389	700
389	846
389	882
390	234
390	312
390	789
390	829
390	894
390	934
390	994
391	381
391	398
391	471
391	679
391	697
391	702
391	835
392	199
392	630
392	699
392	740
392	749
392	867
392	941
393	105
393	369
393	787
393	882
393	928
393	934
393	981
394	206
394	210
394	368
394	388
394	484
394	805
394	856
395	163
395	410
395	449
395	735
395	867
395	944
395	988
396	189
396	408
396	576
396	872
396	952
396	966
396	991
397	44
397	162
397	509
397	547
397	575
397	646
397	729
398	200
398	324
398	359
398	391
398	465
398	912
398	920
399	100
399	574
399	624
399	689
399	742
399	805
399	973
400	19
400	520
400	567
400	775
400	857
400	926
400	964
401	312
401	352
401	464
401	894
401	924
401	951
401	959
402	73
402	762
402	802
402	815
402	832
402	933
402	999
403	578
403	692
403	717
403	766
403	773
403	841
403	948
404	89
404	110
404	262
404	313
404	667
404	942
404	981
405	207
405	767
405	779
405	781
405	868
405	937
405	984
406	236
406	434
406	726
406	912
406	920
406	961
406	993
407	20
407	180
407	380
407	679
407	884
407	940
407	992
408	142
408	360
408	396
408	748
408	966
408	979
408	991
409	481
409	561
409	612
409	659
409	871
409	893
409	938
410	191
410	375
410	395
410	735
410	822
410	880
410	944
411	132
411	309
411	426
411	707
411	812
411	915
411	950
412	263
412	692
412	705
412	800
412	824
412	908
412	981
413	67
413	474
413	586
413	678
413	740
413	878
413	957
414	496
414	640
414	848
414	853
414	883
414	894
414	994
415	366
415	534
415	658
415	672
415	781
415	923
415	939
416	118
416	486
416	528
416	816
416	907
416	972
416	983
417	537
417	575
417	601
417	671
417	677
417	713
417	997
418	49
418	492
418	701
418	766
418	794
418	876
418	913
419	302
419	354
419	588
419	707
419	778
419	923
419	950
420	38
420	147
420	231
420	812
420	873
420	923
420	950
421	102
421	188
421	317
421	512
421	812
421	961
421	986
422	199
422	557
422	597
422	627
422	658
422	707
422	782
423	66
423	713
423	760
423	799
423	853
423	933
423	997
424	716
424	762
424	906
424	913
424	920
424	944
424	967
425	241
425	554
425	641
425	644
425	717
425	727
425	918
426	110
426	411
426	594
426	697
426	837
426	945
426	979
427	527
427	584
427	653
427	696
427	914
427	916
427	1000
428	279
428	603
428	628
428	740
428	892
428	906
428	957
429	120
429	483
429	627
429	651
429	747
429	947
429	983
430	352
430	377
430	593
430	823
430	866
430	880
430	895
431	135
431	207
431	593
431	804
431	857
431	869
431	917
432	140
432	349
432	516
432	563
432	883
432	935
432	951
433	187
433	489
433	572
433	762
433	818
433	821
433	937
434	182
434	308
434	406
434	806
434	885
434	961
434	993
435	623
435	751
435	787
435	808
435	890
435	932
435	944
436	199
436	445
436	476
436	576
436	695
436	876
436	978
437	752
437	760
437	865
437	881
437	886
437	893
437	997
438	314
438	383
438	594
438	708
438	813
438	819
438	913
439	104
439	507
439	734
439	754
439	909
439	965
439	983
440	321
440	342
440	345
440	357
440	908
440	996
440	999
441	178
441	293
441	491
441	643
441	784
441	873
441	971
442	36
442	191
442	470
442	605
442	645
442	676
442	833
443	247
443	341
443	617
443	705
443	729
443	788
443	824
444	264
444	670
444	733
444	822
444	830
444	834
444	968
445	118
445	382
445	436
445	544
445	741
445	746
445	876
446	213
446	235
446	454
446	710
446	876
446	885
446	937
447	15
447	25
447	35
447	147
447	371
447	706
447	827
448	47
448	727
448	822
448	830
448	896
448	944
448	988
449	395
449	897
449	912
449	946
449	952
449	966
449	993
450	137
450	321
450	342
450	687
450	689
450	874
450	904
451	217
451	524
451	569
451	617
451	753
451	971
451	998
452	148
452	510
452	666
452	710
452	736
452	968
452	991
453	870
453	886
453	905
453	949
453	962
453	963
453	976
454	446
454	584
454	682
454	718
454	767
454	860
454	916
455	499
455	528
455	579
455	849
455	893
455	933
455	997
456	348
456	481
456	561
456	750
456	802
456	890
456	970
457	66
457	294
457	858
457	868
457	877
457	949
457	962
458	628
458	651
458	691
458	791
458	837
458	862
458	957
459	12
459	47
459	383
459	474
459	708
459	794
459	823
460	5
460	203
460	483
460	666
460	691
460	784
460	891
461	270
461	476
461	544
461	582
461	682
461	746
461	996
462	308
462	515
462	520
462	721
462	844
462	929
462	991
463	23
463	600
463	628
463	805
463	828
463	918
463	999
464	297
464	401
464	516
464	790
464	922
464	945
464	947
464	994
465	398
465	482
465	525
465	622
465	887
465	920
465	980
465	999
466	60
466	91
466	478
466	582
466	803
466	856
466	973
466	985
467	33
467	200
467	305
467	367
467	471
467	506
467	913
467	920
468	233
468	322
468	514
468	531
468	568
468	760
468	939
468	999
469	477
469	660
469	685
469	761
469	767
469	772
469	885
469	945
470	64
470	134
470	332
470	367
470	371
470	442
470	713
470	792
471	290
471	324
471	391
471	467
471	552
471	705
471	913
471	967
472	236
472	702
472	797
472	885
472	912
472	952
472	961
472	993
473	81
473	521
473	750
473	793
473	821
473	826
473	938
473	999
474	116
474	413
474	459
474	565
474	829
474	842
474	979
474	986
475	71
475	104
475	125
475	353
475	700
475	758
475	843
475	910
476	41
476	119
476	436
476	461
476	835
476	867
476	876
476	978
477	224
477	281
477	469
477	515
477	767
477	838
477	937
477	995
478	78
478	259
478	466
478	599
478	611
478	633
478	764
478	996
479	261
479	678
479	688
479	886
479	964
479	976
479	979
479	984
480	28
480	129
480	169
480	655
480	709
480	839
480	845
480	975
481	127
481	409
481	456
481	533
481	750
481	802
481	815
481	898
482	215
482	465
482	716
482	748
482	881
482	967
482	977
482	988
483	39
483	191
483	203
483	429
483	460
483	588
483	691
483	972
484	68
484	394
484	624
484	749
484	805
484	890
484	925
484	982
485	596
485	608
485	761
485	766
485	768
485	785
485	815
485	916
486	327
486	416
486	498
486	589
486	664
486	973
486	988
486	990
487	615
487	660
487	754
487	813
487	909
487	931
487	965
487	983
488	386
488	591
488	734
488	756
488	873
488	888
488	922
488	956
489	4
489	27
489	326
489	433
489	756
489	800
489	818
489	882
490	374
490	699
490	743
490	826
490	842
490	943
490	970
490	1000
491	367
491	441
491	514
491	622
491	631
491	903
491	914
491	986
492	184
492	418
492	716
492	819
492	822
492	847
492	926
492	958
493	217
493	282
493	594
493	636
493	730
493	879
493	888
493	911
494	135
494	503
494	593
494	638
494	673
494	869
494	911
494	917
495	94
495	519
495	773
495	789
495	811
495	856
495	922
495	990
496	196
496	414
496	543
496	891
496	894
496	947
496	978
496	994
497	182
497	303
497	353
497	538
497	671
497	758
497	910
497	931
498	486
498	543
498	545
498	587
498	603
498	702
498	737
498	854
499	17
499	117
499	327
499	330
499	455
499	799
499	941
499	945
500	330
500	579
500	592
500	758
500	760
500	849
500	926
500	997
501	237
501	337
501	348
501	604
501	735
501	803
501	842
501	985
502	63
502	142
502	225
502	244
502	280
502	284
502	310
502	564
503	494
503	619
503	626
503	693
503	723
503	843
503	867
503	996
504	384
504	595
504	637
504	674
504	757
504	765
504	971
504	995
505	10
505	239
505	277
505	639
505	669
505	899
505	918
505	960
506	241
506	347
506	357
506	467
506	711
506	755
506	929
506	966
507	214
507	346
507	388
507	439
507	574
507	624
507	742
507	993
508	210
508	316
508	345
508	528
508	827
508	829
508	871
508	991
509	15
509	336
509	370
509	397
509	510
509	555
509	692
509	921
510	54
510	301
510	452
510	509
510	708
510	921
510	962
510	976
511	369
511	595
511	636
511	754
511	782
511	850
511	968
511	991
512	3
512	421
512	518
512	530
512	557
512	909
512	950
512	989
513	524
513	701
513	727
513	749
513	832
513	918
513	980
513	999
514	359
514	468
514	491
514	715
514	824
514	912
514	939
514	951
515	46
515	235
515	462
515	477
515	566
515	834
515	915
515	977
516	115
516	350
516	432
516	464
516	548
516	582
516	859
516	951
517	378
517	567
517	795
517	855
517	912
517	939
517	952
517	993
518	147
518	382
518	512
518	778
518	808
518	963
518	989
518	993
519	320
519	495
519	847
519	848
519	856
519	968
519	991
519	998
520	272
520	363
520	400
520	462
520	709
520	728
520	803
520	972
521	242
521	277
521	370
521	473
521	802
521	847
521	960
521	987
522	61
522	536
522	648
522	817
522	879
522	899
522	979
522	987
523	47
523	185
523	191
523	381
523	588
523	685
523	920
523	964
524	37
524	336
524	451
524	513
524	550
524	644
524	727
524	918
525	373
525	465
525	701
525	788
525	853
525	887
525	908
525	914
526	97
526	250
526	556
526	634
526	729
526	811
526	871
526	953
527	427
527	646
527	668
527	752
527	909
527	965
527	975
527	983
528	174
528	416
528	455
528	508
528	578
528	726
528	853
528	924
529	291
529	375
529	776
529	792
529	825
529	904
529	911
529	969
530	52
530	330
530	512
530	928
530	934
530	978
530	981
530	982
531	217
531	468
531	715
531	725
531	781
531	903
531	939
531	998
532	21
532	545
532	769
532	821
532	842
532	916
532	970
532	994
533	18
533	324
533	481
533	834
533	853
533	889
533	902
533	953
534	415
534	674
534	852
534	881
534	901
534	936
534	948
534	995
535	29
535	140
535	249
535	570
535	700
535	787
535	957
535	972
536	17
536	379
536	522
536	679
536	823
536	863
536	925
536	960
537	45
537	180
537	417
537	907
537	911
537	925
537	955
537	960
538	46
538	497
538	758
538	784
538	844
538	907
538	910
538	953
539	178
539	264
539	700
539	835
539	900
539	930
539	948
539	995
540	33
540	59
540	384
540	795
540	928
540	955
540	978
540	982
541	94
541	122
541	212
541	732
541	805
541	901
541	960
541	987
542	185
542	550
542	727
542	824
542	829
542	869
542	908
542	914
543	287
543	288
543	357
543	496
543	498
543	929
543	937
543	990
544	22
544	445
544	461
544	577
544	741
544	752
544	788
544	946
544	983
545	123
545	245
545	382
545	498
545	532
545	812
545	923
545	972
545	989
546	152
546	337
546	552
546	689
546	725
546	764
546	859
546	903
546	974
547	397
547	575
547	662
547	670
547	677
547	835
547	875
547	991
547	999
548	258
548	296
548	516
548	725
548	790
548	869
548	883
548	891
548	946
549	248
549	600
549	673
549	828
549	846
549	866
549	869
549	881
549	973
550	333
550	524
550	542
550	586
550	617
550	824
550	908
550	914
550	980
551	146
551	657
551	731
551	881
551	882
551	887
551	940
551	980
551	992
552	204
552	209
552	290
552	322
552	366
552	370
552	471
552	546
552	715
553	616
553	675
553	719
553	724
553	764
553	777
553	905
553	951
553	974
554	23
554	216
554	425
554	558
554	780
554	865
554	918
554	968
554	994
555	95
555	212
555	290
555	370
555	509
555	778
555	950
555	983
555	989
556	166
556	224
556	307
556	526
556	587
556	638
556	752
556	953
556	958
557	70
557	108
557	268
557	422
557	512
557	564
557	598
557	923
557	950
558	554
558	602
558	733
558	735
558	830
558	902
558	977
558	988
558	998
559	195
559	634
559	773
559	774
559	779
559	848
559	885
559	954
559	990
560	166
560	222
560	274
560	790
560	858
560	859
560	930
560	951
560	994
561	53
561	331
561	409
561	456
561	595
561	612
561	898
561	938
561	982
562	301
562	870
562	921
562	944
562	949
562	962
562	963
562	976
562	997
563	432
563	648
563	790
563	797
563	847
563	859
563	951
563	959
563	991
564	68
564	176
564	502
564	557
564	580
564	861
564	919
564	961
564	993
565	2
565	117
565	280
565	474
565	585
565	740
565	899
565	945
565	952
566	515
566	574
566	882
566	886
566	896
566	928
566	942
566	955
566	982
567	58
567	400
567	517
567	751
567	836
567	926
567	952
567	961
567	964
568	381
568	468
568	587
568	591
568	693
568	781
568	904
568	939
568	986
569	372
569	451
569	680
569	753
569	763
569	900
569	907
569	932
569	998
570	218
570	535
570	573
570	623
570	655
570	709
570	871
570	890
570	972
571	124
571	611
571	680
571	698
571	730
571	832
571	881
571	912
571	992
572	4
572	138
572	195
572	326
572	433
572	695
572	762
572	823
572	992
573	264
573	287
573	308
573	570
573	607
573	630
573	684
573	813
573	850
574	159
574	346
574	399
574	507
574	566
574	603
574	624
574	805
574	975
575	397
575	417
575	547
575	610
575	646
575	729
575	834
575	900
575	948
576	206
576	396
576	436
576	672
576	787
576	950
576	952
576	966
576	991
577	111
577	220
577	255
577	544
577	617
577	753
577	793
577	900
577	998
578	110
578	156
578	190
578	403
578	528
578	921
578	947
578	962
578	963
579	42
579	66
579	307
579	455
579	500
579	760
579	808
579	872
579	997
580	68
580	564
580	604
580	885
580	912
580	919
580	933
580	952
580	993
581	221
581	714
581	724
581	777
581	820
581	905
581	913
581	974
581	993
582	356
582	461
582	466
582	516
582	633
582	741
582	842
582	978
582	985
583	308
583	607
583	754
583	921
583	925
583	931
583	949
583	965
583	972
584	427
584	454
584	743
584	796
584	910
584	912
584	943
584	970
584	1000
585	103
585	304
585	341
585	565
585	604
585	610
585	867
585	945
585	948
586	40
586	194
586	265
586	413
586	550
586	630
586	850
586	867
586	979
587	252
587	367
587	498
587	556
587	568
587	631
587	781
587	854
587	986
588	245
588	419
588	483
588	523
588	649
588	668
588	691
588	840
588	904
589	347
589	486
589	662
589	844
589	884
589	929
589	973
589	990
589	996
590	265
590	630
590	740
590	767
590	816
590	864
590	892
590	945
590	957
591	488
591	568
591	773
591	774
591	811
591	820
591	848
591	856
591	995
592	74
592	172
592	500
592	697
592	771
592	865
592	928
592	981
592	997
593	273
593	430
593	431
593	494
593	753
593	804
593	869
593	895
593	917
594	426
594	438
594	493
594	650
594	833
594	860
594	887
594	924
594	969
595	372
595	504
595	511
595	561
595	606
595	728
595	930
595	952
595	972
596	54
596	485
596	836
596	858
596	860
596	880
596	904
596	958
596	977
597	311
597	388
597	422
597	611
597	742
597	809
597	843
597	884
597	992
598	319
598	557
598	773
598	774
598	870
598	949
598	962
598	966
598	990
599	284
599	313
599	478
599	764
599	770
599	874
599	893
599	925
599	999
600	223
600	377
600	463
600	549
600	647
600	866
600	869
600	895
600	989
601	168
601	341
601	417
601	728
601	836
601	886
601	904
601	958
601	988
602	353
602	558
602	737
602	834
602	860
602	871
602	904
602	958
602	966
603	154
603	206
603	428
603	498
603	574
603	624
603	728
603	805
603	863
604	296
604	341
604	501
604	580
604	585
604	772
604	785
604	803
604	937
605	260
605	442
605	720
605	792
605	809
605	911
605	930
605	969
605	994
606	264
606	595
606	662
606	680
606	709
606	721
606	765
606	782
606	855
607	56
607	573
607	583
607	673
607	721
607	765
607	782
607	924
607	998
608	207
608	293
608	485
608	654
608	706
608	732
608	785
608	936
608	948
609	651
609	674
609	682
609	758
609	768
609	815
609	841
609	948
609	971
610	344
610	575
610	585
610	648
610	925
610	958
610	977
610	987
610	988
611	31
611	97
611	478
611	571
611	597
611	663
611	851
611	865
611	992
612	83
612	284
612	409
612	561
612	700
612	744
612	826
612	905
612	938
613	186
613	350
613	385
613	646
613	688
613	724
613	730
613	936
613	984
614	307
614	738
614	783
614	786
614	839
614	845
614	940
614	975
615	70
615	108
615	155
615	275
615	487
615	808
615	923
615	950
615	989
616	106
616	553
616	629
616	637
616	675
616	796
616	809
616	974
616	993
617	443
617	451
617	550
617	577
617	625
617	628
617	753
617	788
617	982
617	998
618	117
618	187
618	761
618	860
618	871
618	902
618	904
618	944
618	975
618	977
619	387
619	503
619	685
619	695
619	723
619	729
619	905
619	954
619	974
619	996
620	135
620	302
620	626
620	632
620	725
620	865
620	881
620	915
620	940
620	965
621	108
621	192
621	246
621	326
621	651
621	658
621	751
621	923
621	972
621	989
622	32
622	211
622	465
622	491
622	631
622	663
622	730
622	856
622	940
622	992
623	80
623	200
623	249
623	435
623	570
623	751
623	787
623	810
623	890
623	928
624	34
624	399
624	484
624	507
624	574
624	603
624	723
624	742
624	747
624	805
625	173
625	364
625	617
625	709
625	763
625	899
625	930
625	931
625	932
625	970
626	72
626	281
626	503
626	620
626	714
626	838
626	864
626	954
626	959
626	965
627	11
627	231
627	363
627	422
627	429
627	737
627	790
627	847
627	894
627	922
628	311
628	346
628	352
628	385
628	388
628	428
628	458
628	463
628	617
628	975
629	106
629	616
629	637
629	645
629	657
629	687
629	851
629	905
629	974
629	993
630	392
630	573
630	586
630	590
630	652
630	691
630	714
630	772
630	850
630	867
631	208
631	380
631	491
631	587
631	622
631	696
631	715
631	781
631	986
631	989
632	271
632	620
632	666
632	675
632	695
632	724
632	777
632	875
632	974
632	993
633	478
633	582
633	732
633	779
633	858
633	868
633	877
633	916
633	925
633	987
634	8
634	27
634	86
634	201
634	526
634	559
634	644
634	661
634	712
634	729
635	23
635	115
635	334
635	645
635	650
635	720
635	730
635	770
635	833
635	863
636	90
636	126
636	253
636	493
636	511
636	747
636	806
636	905
636	927
636	998
637	26
637	504
637	616
637	629
637	724
637	777
637	905
637	974
637	990
637	993
638	171
638	323
638	494
638	556
638	752
638	804
638	909
638	931
638	937
638	965
639	174
639	217
639	220
639	338
639	505
639	644
639	753
639	875
639	900
639	998
640	130
640	365
640	376
640	414
640	655
640	665
640	756
640	762
640	882
640	991
641	37
641	189
641	299
641	318
641	377
641	425
641	647
641	792
641	917
641	918
642	159
642	228
642	252
642	383
642	787
642	800
642	837
642	872
642	954
642	990
643	44
643	170
643	233
643	278
643	441
643	700
643	766
643	784
643	785
643	948
644	37
644	189
644	254
644	425
644	524
644	634
644	639
644	668
644	727
644	918
645	181
645	251
645	442
645	629
645	635
645	770
645	776
645	780
645	887
645	969
646	128
646	137
646	397
646	527
646	575
646	613
646	662
646	677
646	835
646	900
647	296
647	367
647	387
647	600
647	641
647	866
647	869
647	895
647	917
647	936
648	143
648	388
648	522
648	563
648	610
648	669
648	919
648	925
648	941
648	987
649	21
649	43
649	135
649	292
649	333
649	588
649	668
649	840
649	942
649	951
650	151
650	228
650	594
650	635
650	676
650	731
650	852
650	911
650	924
650	927
651	20
651	429
651	458
651	609
651	621
651	884
651	889
651	946
651	957
651	993
652	49
652	264
652	354
652	630
652	676
652	728
652	816
652	850
652	854
652	929
653	81
653	359
653	427
653	715
653	821
653	884
653	922
653	943
653	970
653	1000
654	51
654	300
654	608
654	732
654	768
654	831
654	935
654	987
654	989
654	995
655	28
655	130
655	149
655	184
655	351
655	365
655	480
655	570
655	640
655	971
656	232
656	278
656	748
656	792
656	897
656	952
656	966
656	970
656	999
656	1000
657	119
657	200
657	348
657	551
657	629
657	712
657	777
657	974
657	985
657	993
658	76
658	129
658	232
658	415
658	422
658	621
658	912
658	923
658	950
658	989
659	409
659	771
659	864
659	896
659	928
659	942
659	955
659	958
659	982
659	994
660	323
660	469
660	487
660	757
660	759
660	909
660	915
660	931
660	965
660	983
661	127
661	141
661	300
661	316
661	318
661	634
661	763
661	789
661	829
661	871
662	5
662	86
662	131
662	225
662	547
662	589
662	606
662	646
662	670
662	676
663	232
663	611
663	622
663	806
663	865
663	881
663	940
663	965
663	980
663	992
664	57
664	62
664	389
664	486
664	727
664	854
664	908
664	932
664	967
664	990
665	75
665	85
665	87
665	157
665	176
665	211
665	640
665	700
665	849
665	929
666	452
666	460
666	632
666	681
666	710
666	711
666	968
666	988
666	991
666	994
667	238
667	404
667	721
667	783
667	788
667	908
667	914
667	955
667	961
667	981
668	109
668	119
668	228
668	348
668	527
668	588
668	644
668	649
668	840
668	985
669	12
669	69
669	153
669	505
669	648
669	682
669	919
669	938
669	960
669	987
670	98
670	150
670	162
670	444
670	547
670	662
670	677
670	900
670	948
670	989
671	230
671	344
671	378
671	417
671	497
671	910
671	933
671	939
671	995
671	997
672	282
672	415
672	576
672	698
672	701
672	702
672	768
672	897
672	966
672	991
673	227
673	387
673	494
673	549
673	607
673	699
673	804
673	866
673	869
673	917
674	504
674	534
674	609
674	828
674	901
674	910
674	935
674	937
674	948
674	982
675	114
675	164
675	221
675	553
675	616
675	632
675	789
675	905
675	974
675	993
676	5
676	218
676	229
676	442
676	650
676	652
676	662
676	776
676	969
676	977
677	42
677	286
677	289
677	417
677	547
677	646
677	670
677	679
677	680
677	900
677	969
678	194
678	275
678	413
678	479
678	694
678	867
678	878
678	892
678	902
678	945
678	979
679	150
679	162
679	215
679	337
679	391
679	407
679	536
679	677
679	729
679	835
679	928
680	128
680	224
680	569
680	571
680	606
680	677
680	835
680	850
680	859
680	930
680	934
681	65
681	353
681	361
681	666
681	710
681	736
681	805
681	885
681	968
681	991
681	994
682	379
682	454
682	461
682	609
682	669
682	899
682	925
682	954
682	960
682	967
682	987
683	16
683	17
683	84
683	115
683	216
683	258
683	291
683	799
683	851
683	882
683	982
684	15
684	73
684	127
684	335
684	573
684	859
684	894
684	946
684	948
684	951
684	994
685	227
685	469
685	523
685	619
685	767
685	832
685	893
685	937
685	938
685	975
685	994
686	8
686	46
686	111
686	222
686	340
686	745
686	749
686	814
686	820
686	840
686	908
687	39
687	66
687	143
687	167
687	450
687	629
687	755
687	861
687	874
687	926
687	996
688	243
688	479
688	613
688	775
688	793
688	801
688	858
688	868
688	890
688	936
688	955
689	337
689	366
689	399
689	450
689	546
689	739
689	874
689	935
689	945
689	950
689	999
690	25
690	54
690	295
690	701
690	888
690	891
690	921
690	949
690	962
690	963
690	976
691	5
691	47
691	191
691	203
691	234
691	360
691	458
691	460
691	483
691	588
691	630
692	212
692	403
692	412
692	509
692	766
692	828
692	901
692	948
692	971
692	995
692	996
693	11
693	72
693	363
693	503
693	568
693	714
693	731
693	786
693	947
693	951
693	996
694	2
694	110
694	310
694	678
694	842
694	867
694	888
694	941
694	945
694	957
694	979
695	436
695	572
695	619
695	632
695	719
695	735
695	777
695	797
695	905
695	974
695	993
696	81
696	111
696	364
696	386
696	427
696	631
696	888
696	942
696	943
696	970
696	1000
697	43
697	94
697	205
697	255
697	391
697	426
697	592
697	716
697	862
697	913
697	967
698	168
698	571
698	672
698	702
698	748
698	799
698	897
698	952
698	966
698	967
698	991
699	167
699	179
699	392
699	490
699	673
699	726
699	737
699	764
699	903
699	943
699	1000
700	87
700	140
700	389
700	475
700	535
700	539
700	612
700	643
700	665
700	757
700	783
701	314
701	418
701	513
701	525
701	672
701	690
701	819
701	823
701	870
701	962
701	963
702	173
702	363
702	391
702	472
702	498
702	672
702	698
702	765
702	930
702	952
702	966
703	13
703	163
703	272
703	736
703	793
703	811
703	836
703	871
703	880
703	902
703	977
704	48
704	54
704	833
704	853
704	859
704	870
704	946
704	951
704	963
704	984
704	987
705	64
705	136
705	412
705	443
705	471
705	788
705	887
705	908
705	917
705	943
705	980
706	204
706	227
706	266
706	269
706	290
706	330
706	447
706	608
706	753
706	799
706	851
707	382
707	411
707	419
707	422
707	778
707	860
707	915
707	950
707	962
707	963
707	989
708	12
708	80
708	184
708	372
708	438
708	459
708	510
708	819
708	823
708	848
708	876
709	363
709	480
709	520
709	570
709	606
709	625
709	721
709	782
709	895
709	930
709	956
710	2
710	59
710	361
710	446
710	452
710	666
710	681
710	736
710	968
710	991
710	994
711	506
711	666
711	780
711	806
711	816
711	907
711	934
711	956
711	968
711	990
711	994
712	156
712	190
712	201
712	210
712	316
712	634
712	657
712	819
712	829
712	871
712	997
713	42
713	92
713	249
713	417
713	423
713	470
713	720
713	838
713	933
713	958
713	997
714	319
714	581
714	626
714	630
714	693
714	723
714	813
714	843
714	877
714	954
714	996
715	329
715	358
715	359
715	514
715	531
715	552
715	631
715	653
715	781
715	886
715	939
716	336
716	345
716	424
716	482
716	492
716	697
716	799
716	860
716	963
716	967
716	976
717	122
717	207
717	252
717	403
717	425
717	768
717	802
717	841
717	935
717	948
717	971
717	991
718	302
718	332
718	371
718	454
718	739
718	767
718	772
718	838
718	868
718	887
718	915
718	937
719	103
719	171
719	307
719	553
719	695
719	724
719	732
719	752
719	903
719	953
719	974
719	984
720	121
720	125
720	170
720	605
720	635
720	713
720	730
720	774
720	825
720	833
720	911
720	969
721	288
721	308
721	339
721	462
721	606
721	607
721	667
721	709
721	765
721	813
721	932
721	941
722	125
722	857
722	870
722	891
722	923
722	926
722	945
722	949
722	959
722	963
722	964
722	976
723	72
723	305
723	319
723	346
723	503
723	619
723	624
723	714
723	813
723	843
723	900
723	996
724	140
724	377
724	553
724	581
724	613
724	632
724	637
724	719
724	905
724	936
724	974
724	993
725	133
725	358
725	531
725	546
725	548
725	620
725	772
725	838
725	885
725	936
725	942
725	989
726	202
726	209
726	257
726	258
726	335
726	406
726	528
726	699
726	863
726	874
726	927
726	959
727	88
727	425
727	448
727	513
727	524
727	542
727	644
727	664
727	830
727	902
727	918
727	944
728	56
728	298
728	358
728	520
728	595
728	601
728	603
728	652
728	892
728	930
728	955
728	981
729	202
729	312
729	397
729	443
729	526
729	575
729	619
729	634
729	679
729	789
729	835
729	851
730	84
730	121
730	161
730	493
730	571
730	613
730	622
730	635
730	720
730	806
730	851
730	964
731	40
731	198
731	329
731	380
731	551
731	650
731	693
731	865
731	881
731	940
731	963
731	992
732	541
732	608
732	633
732	654
732	719
732	792
732	863
732	879
732	899
732	925
732	987
732	997
733	163
733	272
733	444
733	558
733	770
733	834
733	867
733	880
733	938
733	977
733	985
733	988
734	76
734	183
734	439
734	488
734	769
734	807
734	821
734	889
734	916
734	943
734	970
734	1000
735	56
735	341
735	395
735	410
735	501
735	558
735	695
735	867
735	964
735	973
735	985
735	988
736	143
736	240
736	289
736	320
736	452
736	681
736	703
736	710
736	815
736	968
736	991
736	994
737	291
737	498
737	602
737	627
737	699
737	790
737	816
737	916
737	929
737	941
737	990
737	1000
738	614
738	783
738	786
738	806
738	839
738	845
738	855
738	962
738	974
738	975
738	977
739	48
739	209
739	366
739	689
739	718
739	755
739	764
739	820
739	861
739	906
739	931
739	996
740	103
740	194
740	206
740	392
740	413
740	428
740	565
740	590
740	815
740	941
740	945
740	967
741	32
741	198
741	199
741	270
741	445
741	544
741	582
741	861
741	863
741	876
741	928
741	978
742	210
742	218
742	325
742	352
742	399
742	507
742	597
742	624
742	831
742	863
742	878
742	891
743	106
743	329
743	364
743	490
743	584
743	807
743	821
743	866
743	970
743	983
743	990
743	1000
744	29
744	85
744	139
744	144
744	175
744	612
744	791
744	800
744	849
744	941
744	953
744	968
745	8
745	48
745	222
745	285
745	329
745	340
745	358
745	686
745	814
745	840
745	872
745	904
746	199
746	240
746	445
746	461
746	873
746	888
746	912
746	913
746	922
746	924
746	956
746	978
747	22
747	145
747	343
747	429
747	624
747	636
747	751
747	810
747	863
747	889
747	977
747	983
748	282
748	408
748	482
748	656
748	698
748	787
748	871
748	897
748	912
748	955
748	966
748	991
749	382
749	392
749	484
749	513
749	686
749	770
749	864
749	867
749	892
749	893
749	933
749	999
750	82
750	136
750	172
750	387
750	456
750	473
750	481
750	793
750	802
750	832
750	898
750	999
751	216
751	259
751	435
751	567
751	621
751	623
751	747
751	778
751	787
751	890
751	960
751	989
752	22
752	437
752	527
752	544
752	556
752	638
752	719
752	909
752	931
752	953
752	965
752	979
753	255
753	338
753	451
753	569
753	577
753	593
753	617
753	639
753	706
753	900
753	955
753	998
754	9
754	101
754	193
754	439
754	487
754	511
754	583
754	764
754	907
754	909
754	931
754	965
755	257
755	259
755	321
755	342
755	506
755	687
755	739
755	846
755	852
755	874
755	906
755	989
756	10
756	326
756	332
756	376
756	488
756	489
756	640
756	763
756	794
756	807
756	852
756	921
757	28
757	63
757	73
757	75
757	87
757	139
757	140
757	183
757	190
757	239
757	504
757	660
757	700
758	227
758	303
758	306
758	378
758	475
758	497
758	500
758	538
758	609
758	843
758	855
758	910
758	993
759	177
759	219
759	660
759	816
759	854
759	909
759	931
759	934
759	942
759	955
759	965
759	981
759	983
760	69
760	154
760	335
760	423
760	437
760	468
760	500
760	579
760	849
760	887
760	897
760	992
760	997
761	50
761	132
761	145
761	274
761	469
761	485
761	618
761	768
761	792
761	935
761	948
761	958
761	995
762	4
762	138
762	187
762	376
762	402
762	424
762	433
762	572
762	640
762	818
762	823
762	933
762	1000
763	9
763	74
763	134
763	569
763	625
763	661
763	756
763	794
763	807
763	943
763	970
763	977
763	1000
764	202
764	478
764	546
764	553
764	599
764	699
764	739
764	754
764	906
764	924
764	935
764	996
764	998
765	170
765	384
765	504
765	606
765	607
765	702
765	721
765	850
765	892
765	909
765	930
765	940
765	972
766	6
766	51
766	315
766	403
766	418
766	485
766	643
766	692
766	782
766	831
766	841
766	901
766	995
767	216
767	254
767	405
767	454
767	469
767	477
767	590
767	685
767	718
767	838
767	915
767	937
767	997
768	485
768	609
768	654
768	672
768	717
768	761
768	785
768	819
768	831
768	835
768	948
768	969
768	995
769	28
769	276
769	364
769	532
769	734
769	774
769	794
769	894
769	916
769	922
769	941
769	952
769	1000
770	599
770	635
770	645
770	733
770	749
770	792
770	806
770	825
770	866
770	879
770	887
770	927
770	998
771	36
771	229
771	283
771	292
771	318
771	592
771	659
771	896
771	928
771	934
771	942
771	982
771	991
772	60
772	146
772	169
772	332
772	469
772	604
772	630
772	718
772	725
772	777
772	937
772	973
772	979
773	61
773	188
773	403
773	495
773	559
773	591
773	598
773	811
773	848
773	856
773	878
773	880
773	977
774	61
774	235
774	261
774	559
774	591
774	598
774	720
774	769
774	811
774	820
774	848
774	856
774	954
775	267
775	298
775	400
775	688
775	779
775	798
775	828
775	862
775	868
775	875
775	936
775	956
775	984
776	45
776	251
776	278
776	347
776	529
776	645
776	676
776	797
776	809
776	810
776	911
776	927
776	1000
777	163
777	553
777	581
777	632
777	637
777	657
777	695
777	772
777	875
777	905
777	917
777	960
777	974
778	246
778	293
778	340
778	419
778	518
778	555
778	707
778	751
778	791
778	795
778	812
778	923
778	950
779	45
779	91
779	164
779	385
779	405
779	559
779	633
779	775
779	798
779	845
779	858
779	877
779	984
780	39
780	103
780	240
780	269
780	320
780	361
780	554
780	645
780	711
780	915
780	968
780	991
780	994
781	38
781	208
781	273
781	358
781	405
781	415
781	531
781	568
781	587
781	631
781	715
781	907
781	951
782	234
782	258
782	276
782	422
782	511
782	606
782	607
782	709
782	766
782	808
782	901
782	930
782	946
783	52
783	101
783	256
783	614
783	667
783	700
783	738
783	786
783	839
783	845
783	847
783	855
783	975
784	51
784	99
784	362
784	441
784	460
784	538
784	643
784	828
784	831
784	865
784	901
784	971
784	995
785	44
785	250
785	485
785	604
785	608
785	643
785	768
785	831
785	841
785	879
785	971
785	978
785	995
786	101
786	131
786	190
786	256
786	285
786	614
786	693
786	738
786	783
786	839
786	845
786	855
786	975
787	360
787	393
787	435
787	535
787	576
787	623
787	642
787	748
787	751
787	801
787	855
787	890
787	897
787	966
788	62
788	258
788	263
788	443
788	525
788	544
788	617
788	667
788	705
788	819
788	908
788	932
788	980
788	985
789	126
789	201
789	316
789	390
789	495
789	661
789	675
789	729
789	820
789	854
789	856
789	875
789	914
789	990
790	196
790	359
790	464
790	548
790	560
790	563
790	627
790	737
790	849
790	893
790	894
790	943
790	946
790	951
791	7
791	73
791	190
791	273
791	458
791	744
791	778
791	795
791	800
791	810
791	849
791	862
791	884
791	953
792	96
792	470
792	529
792	605
792	641
792	656
792	732
792	761
792	770
792	879
792	887
792	927
792	969
792	998
793	205
793	242
793	473
793	577
793	688
793	703
793	750
793	817
793	826
793	832
793	898
793	906
793	938
793	975
794	76
794	123
794	276
794	418
794	459
794	756
794	763
794	769
794	807
794	821
794	941
794	970
794	978
794	1000
795	180
795	228
795	231
795	295
795	517
795	540
795	778
795	791
795	861
795	912
795	919
795	961
795	993
795	996
796	584
796	616
796	797
796	838
796	842
796	861
796	921
796	941
796	943
796	962
796	963
796	970
796	976
796	989
797	472
797	563
797	695
797	776
797	796
797	847
797	891
797	921
797	924
797	951
797	959
797	963
797	970
797	976
798	57
798	164
798	214
798	354
798	775
798	779
798	801
798	811
798	875
798	936
798	950
798	952
798	956
798	984
799	16
799	17
799	121
799	286
799	291
799	330
799	423
799	499
799	683
799	698
799	706
799	716
799	851
799	868
800	230
800	253
800	373
800	412
800	489
800	642
800	744
800	791
800	810
800	814
800	837
800	872
800	957
800	971
801	88
801	243
801	350
801	688
801	787
801	798
801	845
801	858
801	874
801	877
801	886
801	895
801	956
801	984
802	117
802	137
802	197
802	402
802	456
802	481
802	521
802	717
802	750
802	815
802	826
802	827
802	890
802	933
803	169
803	341
803	348
803	466
803	501
803	520
803	604
803	842
803	854
803	955
803	973
803	979
803	985
803	1000
804	219
804	248
804	431
804	593
804	638
804	673
804	841
804	846
804	858
804	866
804	895
804	917
804	954
804	971
805	100
805	311
805	394
805	399
805	463
805	484
805	541
805	574
805	603
805	624
805	681
805	863
805	944
805	972
806	291
806	434
806	636
806	663
806	711
806	730
806	738
806	770
806	879
806	911
806	924
806	927
806	969
806	998
807	35
807	74
807	734
807	743
807	756
807	763
807	794
807	886
807	905
807	922
807	943
807	957
807	970
807	1000
808	255
808	435
808	518
808	579
808	615
808	782
808	833
808	870
808	915
808	949
808	950
808	962
808	989
808	1000
809	82
809	96
809	278
809	597
809	605
809	616
809	776
809	879
809	911
809	927
809	960
809	967
809	969
809	996
810	364
810	623
810	747
810	776
810	791
810	800
810	853
810	872
810	878
810	883
810	884
810	946
810	968
810	983
811	61
811	165
811	317
811	495
811	526
811	591
811	703
811	773
811	774
811	798
811	820
811	892
811	915
811	990
812	38
812	160
812	262
812	354
812	377
812	411
812	420
812	421
812	545
812	778
812	853
812	882
812	915
812	923
813	438
813	487
813	573
813	714
813	721
813	723
813	843
813	850
813	853
813	930
813	932
813	946
813	954
813	992
813	996
814	8
814	46
814	48
814	111
814	222
814	238
814	285
814	311
814	686
814	745
814	800
814	840
814	895
814	906
814	988
815	137
815	209
815	362
815	402
815	481
815	485
815	609
815	736
815	740
815	802
815	849
815	852
815	901
815	906
815	971
816	100
816	245
816	273
816	357
816	416
816	590
816	652
816	711
816	737
816	759
816	833
816	907
816	972
816	973
816	990
817	107
817	277
817	294
817	368
817	379
817	522
817	793
817	844
817	862
817	899
817	925
817	960
817	961
817	967
817	987
818	10
818	123
818	138
818	187
818	326
818	376
818	384
818	433
818	489
818	762
818	823
818	882
818	961
818	971
818	978
819	12
819	184
819	189
819	314
819	383
819	438
819	492
819	701
819	708
819	712
819	768
819	788
819	876
819	913
819	940
820	126
820	165
820	188
820	230
820	581
820	591
820	686
820	739
820	774
820	789
820	811
820	848
820	859
820	990
820	995
821	76
821	232
821	281
821	433
821	473
821	532
821	653
821	734
821	743
821	794
821	842
821	891
821	916
821	941
821	969
822	184
822	410
822	444
822	448
822	492
822	830
822	834
822	842
822	860
822	944
822	958
822	968
822	977
822	988
822	997
823	178
823	187
823	314
823	383
823	430
823	459
823	536
823	572
823	701
823	708
823	762
823	818
823	876
823	882
823	973
824	62
824	64
824	72
824	272
824	412
824	443
824	514
824	542
824	550
824	874
824	908
824	914
824	932
824	959
824	980
825	123
825	180
825	529
825	720
825	770
825	832
825	833
825	887
825	911
825	927
825	950
825	962
825	969
825	981
825	998
826	115
826	192
826	242
826	283
826	473
826	490
826	612
826	793
826	802
826	832
826	893
826	933
826	938
826	971
826	975
827	13
827	27
827	318
827	374
827	447
827	508
827	802
827	871
827	919
827	920
827	926
827	939
827	959
827	962
827	964
828	53
828	158
828	463
828	549
828	674
828	692
828	775
828	784
828	831
828	841
828	935
828	941
828	948
828	957
828	995
829	1
829	13
829	157
829	279
829	318
829	335
829	390
829	474
829	508
829	542
829	661
829	712
829	861
829	967
829	986
830	50
830	163
830	274
830	344
830	444
830	448
830	558
830	727
830	822
830	860
830	934
830	938
830	983
830	988
830	989
831	169
831	178
831	237
831	269
831	371
831	654
831	742
831	766
831	768
831	784
831	785
831	828
831	879
831	901
831	914
832	14
832	162
832	307
832	402
832	513
832	571
832	685
832	750
832	793
832	825
832	826
832	890
832	898
832	933
832	975
833	173
833	442
833	594
833	635
833	704
833	720
833	808
833	816
833	825
833	874
833	891
833	939
833	949
833	976
833	998
834	327
834	352
834	444
834	515
834	533
834	575
834	602
834	733
834	822
834	860
834	904
834	927
834	970
834	977
834	988
835	42
835	65
835	98
835	128
835	150
835	391
835	476
835	539
835	547
835	646
835	679
835	680
835	729
835	768
835	900
835	928
836	28
836	149
836	260
836	265
836	316
836	351
836	365
836	379
836	567
836	596
836	601
836	703
836	880
836	902
836	988
836	999
837	94
837	107
837	145
837	160
837	230
837	268
837	297
837	357
837	426
837	458
837	642
837	800
837	862
837	878
837	957
837	970
838	59
838	213
838	371
838	477
838	626
838	713
838	718
838	725
838	767
838	796
838	851
838	885
838	894
838	915
838	937
838	1000
839	101
839	112
839	248
839	256
839	386
839	480
839	614
839	738
839	783
839	786
839	845
839	855
839	897
839	917
839	923
839	975
840	21
840	46
840	48
840	93
840	222
840	289
840	292
840	588
840	649
840	668
840	686
840	745
840	814
840	892
840	913
840	976
841	105
841	158
841	178
841	186
841	247
841	269
841	362
841	403
841	609
841	717
841	766
841	785
841	804
841	828
841	878
841	971
842	111
842	119
842	349
842	374
842	474
842	490
842	501
842	532
842	582
842	694
842	796
842	803
842	821
842	822
842	985
842	988
843	44
843	215
843	353
843	475
843	503
843	597
843	714
843	723
843	758
843	813
843	855
843	910
843	943
843	954
843	986
843	996
844	214
844	218
844	305
844	356
844	462
844	538
844	589
844	817
844	846
844	854
844	907
844	911
844	924
844	929
844	973
844	979
845	112
845	248
845	256
845	480
845	614
845	738
845	779
845	783
845	786
845	801
845	839
845	855
845	927
845	941
845	963
845	975
846	128
846	221
846	271
846	300
846	356
846	389
846	549
846	755
846	804
846	844
846	895
846	907
846	917
846	929
846	949
846	973
847	11
847	102
847	335
847	349
847	492
847	519
847	521
847	563
847	627
847	783
847	797
847	853
847	859
847	919
847	951
847	994
848	93
848	165
848	246
848	317
848	333
848	414
848	519
848	559
848	591
848	708
848	773
848	774
848	820
848	856
848	920
848	954
849	69
849	83
849	85
849	378
849	455
849	500
849	665
849	744
849	760
849	790
849	791
849	815
849	893
849	895
849	973
849	997
850	56
850	304
850	511
850	573
850	586
850	630
850	652
850	680
850	765
850	813
850	876
850	889
850	930
850	932
850	942
850	972
851	17
851	84
851	121
851	161
851	266
851	286
851	330
851	611
851	629
851	683
851	706
851	729
851	730
851	799
851	838
851	874
852	180
852	195
852	303
852	534
852	650
852	755
852	756
852	815
852	901
852	924
852	927
852	969
852	971
852	972
852	987
852	995
853	22
853	60
853	268
853	414
853	423
853	525
853	528
853	533
853	704
853	810
853	812
853	813
853	847
853	883
853	889
853	957
854	245
854	357
854	361
854	498
854	587
854	652
854	664
854	759
854	789
854	803
854	844
854	883
854	907
854	929
854	973
854	990
855	237
855	303
855	306
855	378
855	517
855	606
855	738
855	758
855	783
855	786
855	787
855	839
855	843
855	845
855	872
855	910
855	975
856	126
856	302
856	317
856	333
856	394
856	466
856	495
856	519
856	591
856	622
856	773
856	774
856	789
856	848
856	923
856	954
856	990
857	19
857	198
857	211
857	226
857	271
857	369
857	374
857	400
857	431
857	722
857	862
857	920
857	926
857	943
857	946
857	959
857	964
858	32
858	267
858	457
858	560
858	596
858	633
858	688
858	779
858	801
858	804
858	868
858	877
858	885
858	936
858	956
858	984
858	990
859	166
859	266
859	310
859	333
859	516
859	546
859	560
859	563
859	680
859	684
859	704
859	820
859	847
859	894
859	924
859	959
859	994
860	454
860	594
860	596
860	602
860	618
860	707
860	716
860	822
860	830
860	834
860	871
860	880
860	902
860	904
860	944
860	958
860	981
861	39
861	179
861	182
861	366
861	564
861	687
861	739
861	741
861	795
861	796
861	829
861	871
861	935
861	952
861	960
861	980
861	993
862	161
862	266
862	343
862	373
862	458
862	697
862	775
862	791
862	817
862	837
862	857
862	864
862	872
862	878
862	889
862	957
862	983
863	65
863	325
863	346
863	385
863	536
863	603
863	635
863	726
863	732
863	741
863	742
863	747
863	805
863	897
863	925
863	960
863	967
864	64
864	590
864	626
864	659
864	749
864	862
864	867
864	892
864	896
864	901
864	928
864	934
864	945
864	955
864	979
864	982
864	991
865	40
865	231
865	244
865	355
865	437
865	554
865	592
865	611
865	620
865	663
865	731
865	784
865	881
865	884
865	940
865	955
865	980
866	300
866	377
866	387
866	430
866	549
866	600
866	647
866	673
866	743
866	770
866	804
866	869
866	893
866	895
866	901
866	917
866	968
867	26
867	103
867	392
867	395
867	476
867	503
867	585
867	586
867	630
867	678
867	694
867	733
867	735
867	749
867	864
867	892
867	941
868	116
868	350
868	405
868	457
868	633
868	688
868	718
868	775
868	799
868	858
868	875
868	877
868	886
868	899
868	936
868	965
868	984
869	80
869	134
869	219
869	316
869	377
869	431
869	494
869	542
869	548
869	549
869	593
869	600
869	647
869	673
869	866
869	899
869	917
870	453
870	562
870	598
870	701
870	704
870	722
870	808
870	877
870	911
870	921
870	935
870	944
870	949
870	962
870	963
870	976
870	981
871	27
871	409
871	508
871	526
871	570
871	602
871	618
871	661
871	703
871	712
871	748
871	827
871	860
871	861
871	880
871	944
871	966
872	94
872	145
872	268
872	328
872	331
872	343
872	373
872	396
872	579
872	642
872	745
872	800
872	810
872	855
872	862
872	884
872	889
873	16
873	67
873	155
873	224
873	299
873	334
873	376
873	420
873	441
873	488
873	746
873	888
873	922
873	937
873	956
873	985
874	99
874	233
874	342
874	345
874	450
874	599
874	687
874	689
874	726
874	755
874	801
874	824
874	833
874	851
874	890
874	906
874	935
875	58
875	96
875	164
875	221
875	360
875	547
875	632
875	639
875	775
875	777
875	789
875	798
875	868
875	886
875	905
875	936
875	974
875	993
876	12
876	254
876	270
876	300
876	418
876	436
876	445
876	446
876	476
876	708
876	741
876	819
876	823
876	850
876	913
876	978
876	981
876	990
877	57
877	88
877	214
877	328
877	457
877	633
877	714
877	779
877	801
877	858
877	868
877	870
877	886
877	936
877	956
877	984
877	985
877	993
878	20
878	223
878	243
878	266
878	328
878	413
878	678
878	742
878	773
878	810
878	837
878	841
878	862
878	889
878	909
878	946
878	957
878	983
879	120
879	125
879	493
879	522
879	732
879	770
879	785
879	792
879	806
879	809
879	831
879	899
879	911
879	919
879	925
879	965
879	988
879	996
880	2
880	410
880	430
880	596
880	703
880	733
880	773
880	836
880	860
880	871
880	904
880	905
880	944
880	945
880	958
880	970
880	977
880	988
881	152
881	207
881	437
881	482
881	534
881	549
881	551
881	571
881	620
881	663
881	731
881	865
881	884
881	894
881	940
881	966
881	980
881	992
882	10
882	331
882	376
882	389
882	393
882	489
882	551
882	566
882	640
882	683
882	812
882	818
882	823
882	917
882	934
882	942
882	955
882	982
883	56
883	305
883	347
883	414
883	432
883	548
883	810
883	853
883	854
883	891
883	907
883	920
883	925
883	947
883	959
883	973
883	979
883	990
884	36
884	274
884	407
884	589
884	597
884	651
884	653
884	791
884	810
884	865
884	872
884	881
884	889
884	940
884	946
884	958
884	983
884	992
885	59
885	175
885	434
885	446
885	469
885	472
885	559
885	580
885	681
885	725
885	838
885	858
885	919
885	937
885	952
885	961
885	972
885	987
886	105
886	262
886	437
886	453
886	479
886	566
886	601
886	715
886	801
886	807
886	868
886	875
886	877
886	899
886	934
886	956
886	981
886	984
887	465
887	525
887	551
887	594
887	645
887	705
887	718
887	760
887	770
887	792
887	825
887	908
887	914
887	919
887	927
887	932
887	969
887	978
888	16
888	24
888	67
888	79
888	155
888	224
888	299
888	334
888	488
888	493
888	690
888	694
888	696
888	746
888	873
888	921
888	922
888	956
889	109
889	213
889	223
889	268
889	533
889	651
889	734
889	747
889	850
889	853
889	862
889	872
889	878
889	884
889	946
889	953
889	957
889	999
890	3
890	249
890	283
890	435
890	456
890	484
890	570
890	623
890	688
890	751
890	787
890	802
890	832
890	874
890	898
890	938
890	986
890	999
891	127
891	246
891	460
891	496
891	548
891	690
891	722
891	742
891	797
891	821
891	833
891	883
891	926
891	947
891	959
891	962
891	963
891	976
892	7
892	26
892	141
892	265
892	339
892	428
892	590
892	678
892	728
892	749
892	765
892	811
892	840
892	864
892	867
892	919
892	965
892	979
893	91
893	223
893	242
893	283
893	289
893	344
893	409
893	437
893	455
893	599
893	685
893	749
893	790
893	826
893	849
893	866
893	975
893	997
894	15
894	196
894	390
894	401
894	414
894	496
894	627
894	684
894	769
894	790
894	838
894	859
894	881
894	924
894	943
894	947
894	951
894	958
895	80
895	135
895	219
895	387
895	430
895	593
895	600
895	647
895	709
895	801
895	804
895	814
895	846
895	849
895	866
895	917
895	929
895	935
896	19
896	36
896	52
896	55
896	114
896	168
896	229
896	245
896	262
896	448
896	566
896	659
896	771
896	864
896	928
896	934
896	955
896	982
896	994
897	124
897	282
897	360
897	449
897	656
897	672
897	698
897	748
897	760
897	787
897	839
897	863
897	912
897	952
897	966
897	985
897	988
897	991
897	996
898	113
898	114
898	309
898	331
898	384
898	481
898	561
898	750
898	793
898	832
898	890
898	906
898	938
898	953
898	963
898	975
898	992
898	993
898	998
899	65
899	153
899	277
899	505
899	522
899	565
899	625
899	682
899	732
899	817
899	868
899	869
899	879
899	886
899	914
899	925
899	960
899	967
899	987
900	50
900	150
900	174
900	338
900	539
900	569
900	575
900	577
900	639
900	646
900	670
900	677
900	723
900	753
900	835
900	911
900	913
900	973
900	998
901	212
901	225
901	237
901	534
901	541
901	674
901	692
901	766
901	782
901	784
901	815
901	831
901	852
901	864
901	866
901	940
901	948
901	979
901	995
902	223
902	312
902	325
902	533
902	558
902	618
902	678
902	703
902	727
902	836
902	860
902	904
902	920
902	933
902	944
902	958
902	977
902	984
902	988
903	133
903	146
903	211
903	233
903	252
903	358
903	359
903	381
903	491
903	531
903	546
903	699
903	719
903	908
903	915
903	939
903	971
903	986
903	996
904	18
904	315
904	450
904	529
904	568
904	588
904	596
904	601
904	602
904	618
904	745
904	834
904	860
904	880
904	902
904	944
904	958
904	977
904	987
905	106
905	130
905	221
905	453
905	553
905	581
905	612
905	619
905	629
905	636
905	637
905	675
905	695
905	724
905	777
905	807
905	875
905	880
905	974
906	14
906	113
906	114
906	270
906	345
906	370
906	424
906	428
906	739
906	755
906	764
906	793
906	814
906	815
906	874
906	898
906	935
906	938
906	963
907	118
907	288
907	416
907	537
907	538
907	569
907	711
907	754
907	781
907	816
907	844
907	846
907	854
907	883
907	917
907	924
907	929
907	972
907	990
908	16
908	102
908	185
908	217
908	412
908	440
908	525
908	542
908	550
908	664
908	667
908	686
908	705
908	788
908	824
908	887
908	903
908	914
908	980
909	98
909	193
909	206
909	226
909	439
909	487
909	512
909	527
909	638
909	660
909	752
909	754
909	759
909	765
909	878
909	910
909	931
909	955
909	983
910	71
910	227
910	241
910	303
910	306
910	353
910	378
910	475
910	497
910	538
910	584
910	671
910	674
910	758
910	843
910	855
910	909
910	913
910	942
911	208
911	251
911	493
911	494
911	529
911	537
911	605
911	650
911	720
911	776
911	806
911	809
911	825
911	844
911	870
911	879
911	900
911	927
911	969
912	183
912	398
912	406
912	449
912	472
912	514
912	517
912	571
912	580
912	584
912	658
912	746
912	748
912	795
912	897
912	952
912	961
912	966
912	991
913	44
913	254
913	418
913	424
913	438
913	467
913	471
913	581
913	697
913	746
913	819
913	840
913	876
913	900
913	910
913	920
913	947
913	967
913	995
914	62
914	136
914	247
914	250
914	263
914	383
914	427
914	491
914	525
914	542
914	550
914	667
914	789
914	824
914	831
914	887
914	899
914	908
914	932
915	95
915	160
915	183
915	281
915	382
915	411
915	515
915	620
915	660
915	707
915	718
915	767
915	780
915	808
915	811
915	812
915	838
915	903
915	937
915	950
916	81
916	148
916	248
916	276
916	368
916	386
916	427
916	454
916	485
916	532
916	633
916	734
916	737
916	769
916	821
916	922
916	970
916	975
916	984
916	1000
917	80
917	219
917	352
917	431
917	494
917	593
917	641
917	647
917	673
917	705
917	777
917	804
917	839
917	846
917	866
917	869
917	882
917	895
917	907
917	943
918	23
918	37
918	75
918	189
918	216
918	241
918	249
918	254
918	306
918	425
918	463
918	505
918	513
918	524
918	554
918	641
918	644
918	727
918	959
918	969
919	58
919	236
919	564
919	580
919	648
919	669
919	795
919	827
919	847
919	879
919	885
919	887
919	892
919	925
919	947
919	960
919	961
919	967
919	987
919	999
920	5
920	271
920	367
920	398
920	406
920	424
920	465
920	467
920	523
920	827
920	848
920	857
920	883
920	902
920	913
920	926
920	959
920	964
920	967
920	969
921	31
921	99
921	285
921	336
921	509
921	510
921	562
921	578
921	583
921	690
921	756
921	796
921	797
921	870
921	888
921	927
921	949
921	962
921	963
921	976
922	67
922	89
922	236
922	334
922	364
922	464
922	488
922	495
922	627
922	653
922	746
922	769
922	807
922	873
922	888
922	916
922	941
922	956
922	968
922	1000
923	3
923	96
923	108
923	246
923	354
923	415
923	419
923	420
923	545
923	557
923	615
923	621
923	658
923	722
923	778
923	812
923	839
923	856
923	962
923	989
923	1000
924	6
924	138
924	177
924	401
924	528
924	594
924	607
924	650
924	746
924	764
924	797
924	806
924	844
924	852
924	859
924	894
924	907
924	947
924	969
924	995
924	998
925	153
925	156
925	261
925	484
925	536
925	537
925	583
925	599
925	610
925	633
925	648
925	682
925	732
925	817
925	863
925	879
925	883
925	899
925	919
925	987
925	994
926	14
926	95
926	148
926	151
926	271
926	369
926	374
926	400
926	492
926	500
926	567
926	687
926	722
926	827
926	857
926	891
926	920
926	929
926	959
926	964
926	967
927	251
927	278
927	636
927	650
927	726
927	770
927	776
927	792
927	806
927	809
927	825
927	834
927	845
927	852
927	887
927	911
927	921
927	965
927	969
927	995
927	998
928	68
928	89
928	275
928	393
928	530
928	540
928	566
928	592
928	623
928	659
928	679
928	741
928	771
928	835
928	864
928	896
928	942
928	955
928	974
928	981
928	993
929	43
929	50
929	118
929	161
929	188
929	287
929	356
929	357
929	462
929	506
929	543
929	589
929	652
929	665
929	737
929	844
929	846
929	854
929	895
929	907
929	926
930	104
930	181
930	197
930	257
930	355
930	372
930	539
930	560
930	595
930	605
930	625
930	680
930	702
930	709
930	728
930	765
930	782
930	813
930	850
930	932
930	972
931	9
931	86
931	226
931	309
931	323
931	487
931	497
931	583
931	625
931	638
931	660
931	739
931	752
931	754
931	759
931	909
931	945
931	956
931	965
931	976
931	983
932	181
932	263
932	279
932	361
932	372
932	435
932	569
932	625
932	664
932	721
932	788
932	813
932	824
932	850
932	887
932	914
932	930
932	938
932	953
932	974
932	980
933	154
933	172
933	402
933	423
933	455
933	580
933	671
933	713
933	749
933	762
933	802
933	826
933	832
933	902
933	938
933	939
933	952
933	975
933	976
933	997
933	999
934	36
934	52
934	55
934	105
934	120
934	238
934	308
934	390
934	393
934	530
934	680
934	711
934	759
934	771
934	830
934	864
934	882
934	886
934	896
934	942
934	982
935	121
935	158
935	209
935	432
935	654
935	674
935	689
935	717
935	761
935	764
935	828
935	861
935	870
935	874
935	895
935	906
935	948
935	960
935	969
935	971
935	999
936	57
936	88
936	214
936	243
936	350
936	534
936	608
936	613
936	647
936	688
936	724
936	725
936	775
936	798
936	858
936	868
936	875
936	877
936	956
936	984
936	985
937	42
937	92
937	175
937	227
937	281
937	302
937	405
937	433
937	446
937	477
937	543
937	604
937	638
937	674
937	685
937	718
937	767
937	772
937	838
937	873
937	885
937	915
938	37
938	113
938	283
938	331
938	409
938	473
938	561
938	612
938	669
938	685
938	733
938	793
938	826
938	830
938	890
938	898
938	906
938	932
938	933
938	957
938	975
938	980
939	133
939	146
939	208
939	252
939	299
939	322
939	363
939	381
939	415
939	468
939	514
939	517
939	531
939	568
939	671
939	715
939	827
939	833
939	903
939	933
939	973
939	986
940	40
940	97
940	152
940	328
940	334
940	355
940	380
940	407
940	551
940	614
940	620
940	622
940	663
940	731
940	765
940	819
940	865
940	881
940	884
940	901
940	992
940	997
941	30
941	86
941	392
941	499
941	648
941	694
941	721
941	737
941	740
941	744
941	769
941	794
941	796
941	821
941	828
941	845
941	867
941	922
941	943
941	945
941	956
941	957
942	235
942	238
942	239
942	366
942	404
942	566
942	649
942	659
942	696
942	725
942	759
942	771
942	850
942	882
942	910
942	928
942	934
942	955
942	978
942	981
942	982
942	997
943	134
943	232
943	239
943	329
943	490
943	584
943	653
943	696
943	699
943	705
943	734
943	763
943	790
943	796
943	807
943	843
943	857
943	894
943	917
943	941
943	970
943	1000
944	162
944	261
944	287
944	395
944	410
944	424
944	435
944	448
944	562
944	618
944	727
944	805
944	822
944	860
944	870
944	871
944	880
944	902
944	904
944	958
944	977
944	988
945	26
945	30
945	117
945	280
945	426
945	464
945	469
945	499
945	565
945	585
945	590
945	678
945	689
945	694
945	722
945	740
945	864
945	880
945	931
945	941
945	957
945	979
945	986
946	14
946	30
946	90
946	201
946	258
946	351
946	449
946	544
946	548
946	651
946	684
946	704
946	782
946	790
946	810
946	813
946	857
946	878
946	884
946	889
946	951
946	954
946	957
947	7
947	22
947	166
947	274
947	297
947	349
947	359
947	429
947	464
947	496
947	578
947	693
947	883
947	891
947	894
947	913
947	919
947	924
947	951
947	952
947	959
947	984
947	994
948	212
948	313
948	314
948	338
948	362
948	403
948	534
948	539
948	575
948	585
948	608
948	609
948	643
948	670
948	674
948	684
948	692
948	717
948	761
948	768
948	828
948	901
948	935
949	31
949	54
949	128
949	301
949	343
949	453
949	457
949	562
949	583
949	598
949	690
949	722
949	808
949	833
949	846
949	870
949	921
949	958
949	962
949	963
949	973
949	976
949	988
950	70
950	192
950	215
950	225
950	229
950	411
950	419
950	420
950	512
950	555
950	557
950	576
950	615
950	658
950	689
950	707
950	778
950	798
950	808
950	825
950	915
950	989
950	998
951	30
951	108
951	274
951	277
951	401
951	432
951	514
951	516
951	553
951	560
951	563
951	649
951	684
951	693
951	704
951	781
951	790
951	797
951	847
951	894
951	946
951	947
951	981
951	994
952	295
952	360
952	396
952	449
952	472
952	517
952	565
952	567
952	576
952	580
952	595
952	656
952	698
952	702
952	769
952	798
952	861
952	885
952	897
952	912
952	933
952	947
952	961
952	966
953	29
953	75
953	83
953	87
953	112
953	144
953	171
953	210
953	211
953	224
953	250
953	304
953	526
953	533
953	538
953	556
953	719
953	744
953	752
953	791
953	889
953	898
953	932
953	970
954	126
954	188
954	286
954	317
954	319
954	343
954	559
954	619
954	626
954	642
954	682
954	714
954	774
954	804
954	813
954	843
954	848
954	856
954	946
954	956
954	959
954	978
954	992
954	996
955	89
955	244
955	275
955	537
955	540
955	566
955	659
955	667
955	688
955	728
955	748
955	753
955	759
955	803
955	864
955	865
955	882
955	896
955	909
955	928
955	942
955	956
955	978
955	982
956	67
956	267
956	334
956	355
956	488
956	709
956	711
956	746
956	775
956	798
956	801
956	858
956	873
956	877
956	886
956	888
956	922
956	931
956	936
956	941
956	954
956	955
956	984
957	100
957	141
957	339
957	413
957	428
957	458
957	535
957	590
957	651
957	694
957	800
957	807
957	828
957	837
957	853
957	862
957	878
957	889
957	938
957	941
957	945
957	946
957	976
957	977
957	979
958	151
958	272
958	327
958	492
958	556
958	596
958	601
958	602
958	610
958	659
958	713
958	761
958	822
958	860
958	880
958	884
958	894
958	902
958	904
958	944
958	949
958	961
958	977
958	988
958	1000
959	19
959	222
959	241
959	335
959	369
959	401
959	563
959	626
959	722
959	726
959	797
959	824
959	827
959	857
959	859
959	883
959	891
959	918
959	920
959	926
959	947
959	954
959	964
959	972
959	995
960	107
960	143
960	253
960	294
960	368
960	505
960	521
960	536
960	537
960	541
960	669
960	682
960	751
960	777
960	809
960	817
960	861
960	863
960	899
960	919
960	935
960	967
960	987
960	990
960	992
961	58
961	85
961	182
961	219
961	228
961	231
961	236
961	256
961	295
961	406
961	421
961	434
961	472
961	564
961	567
961	667
961	795
961	817
961	818
961	885
961	912
961	919
961	952
961	958
961	993
962	301
962	325
962	336
962	453
962	457
962	510
962	562
962	578
962	598
962	690
962	701
962	707
962	738
962	796
962	808
962	825
962	827
962	870
962	891
962	921
962	923
962	949
962	976
962	992
962	994
963	41
963	195
963	301
963	364
963	453
963	518
963	562
963	578
963	690
963	701
963	704
963	707
963	716
963	722
963	731
963	796
963	797
963	845
963	870
963	891
963	898
963	906
963	921
963	949
963	976
964	14
964	95
964	148
964	151
964	198
964	220
964	226
964	259
964	271
964	292
964	369
964	374
964	400
964	479
964	523
964	567
964	722
964	730
964	735
964	827
964	857
964	920
964	926
964	959
964	985
965	9
965	86
965	104
965	193
965	206
965	309
965	323
965	439
965	487
965	527
965	583
965	620
965	626
965	638
965	660
965	663
965	752
965	754
965	759
965	868
965	879
965	892
965	927
965	931
965	983
966	124
966	282
966	346
966	360
966	362
966	396
966	408
966	449
966	506
966	576
966	598
966	602
966	656
966	672
966	698
966	702
966	748
966	787
966	871
966	881
966	897
966	912
966	952
966	986
966	991
967	51
967	101
967	120
967	324
967	367
967	368
967	424
967	471
967	482
967	664
967	682
967	697
967	698
967	716
967	740
967	809
967	817
967	829
967	863
967	899
967	913
967	919
967	920
967	926
967	960
968	39
968	240
968	283
968	289
968	320
968	340
968	361
968	444
968	452
968	511
968	519
968	554
968	666
968	681
968	710
968	711
968	736
968	744
968	780
968	810
968	822
968	866
968	922
968	991
968	994
969	6
969	82
969	123
969	278
969	529
969	594
969	605
969	645
969	676
969	677
969	720
969	768
969	792
969	806
969	809
969	821
969	825
969	852
969	887
969	911
969	918
969	920
969	924
969	927
969	935
969	990
970	74
970	232
970	297
970	338
970	456
970	490
970	532
970	584
970	625
970	653
970	656
970	696
970	734
970	743
970	763
970	794
970	796
970	797
970	807
970	834
970	837
970	880
970	916
970	943
970	953
970	1000
971	155
971	170
971	237
971	269
971	293
971	313
971	441
971	451
971	504
971	609
971	655
971	692
971	717
971	784
971	785
971	800
971	804
971	815
971	818
971	826
971	841
971	852
971	903
971	935
971	992
971	995
972	53
972	118
972	173
972	288
972	305
972	347
972	384
972	416
972	483
972	520
972	535
972	545
972	570
972	583
972	595
972	621
972	765
972	805
972	816
972	850
972	852
972	885
972	907
972	930
972	959
972	973
973	60
973	77
973	205
973	295
973	296
973	356
973	399
973	466
973	486
973	549
973	589
973	735
973	772
973	803
973	816
973	823
973	844
973	846
973	849
973	854
973	883
973	900
973	939
973	949
973	972
973	985
974	106
974	185
974	221
974	546
974	553
974	581
974	616
974	619
974	629
974	632
974	637
974	657
974	675
974	695
974	719
974	724
974	738
974	777
974	875
974	905
974	928
974	932
974	978
974	980
974	993
974	997
975	93
975	230
975	256
975	285
975	480
975	527
975	574
975	614
975	618
975	628
975	685
975	738
975	783
975	786
975	793
975	826
975	832
975	839
975	845
975	855
975	893
975	898
975	916
975	933
975	938
975	999
976	31
976	41
976	138
976	324
976	336
976	453
976	479
976	510
976	562
976	690
976	716
976	722
976	796
976	797
976	833
976	840
976	870
976	891
976	921
976	931
976	933
976	949
976	957
976	962
976	963
976	998
977	220
977	272
977	327
977	482
977	515
977	558
977	596
977	610
977	618
977	676
977	703
977	733
977	738
977	747
977	763
977	773
977	822
977	834
977	880
977	902
977	904
977	944
977	957
977	958
977	983
977	988
978	114
978	198
978	238
978	262
978	270
978	298
978	322
978	436
978	476
978	496
978	530
978	540
978	582
978	741
978	746
978	785
978	794
978	818
978	876
978	887
978	942
978	954
978	955
978	974
978	981
978	982
979	110
979	141
979	159
979	194
979	197
979	261
979	265
979	280
979	339
979	408
979	426
979	474
979	479
979	522
979	586
979	678
979	694
979	752
979	772
979	803
979	844
979	864
979	883
979	892
979	901
979	945
979	957
980	97
980	136
980	152
980	166
980	207
980	250
980	355
980	379
980	380
980	465
980	513
980	550
980	551
980	663
980	705
980	788
980	824
980	861
980	865
980	881
980	908
980	932
980	938
980	974
980	981
980	982
980	992
981	34
981	89
981	105
981	168
981	244
981	262
981	298
981	348
981	366
981	393
981	404
981	412
981	530
981	592
981	667
981	728
981	759
981	825
981	860
981	870
981	876
981	886
981	928
981	942
981	951
981	978
981	980
982	33
982	45
982	52
982	55
982	59
982	68
982	210
982	229
982	267
982	298
982	484
982	530
982	540
982	561
982	566
982	617
982	659
982	674
982	683
982	771
982	864
982	882
982	896
982	934
982	942
982	955
982	978
982	980
983	9
983	29
983	205
983	243
983	309
983	322
983	373
983	416
983	429
983	439
983	487
983	527
983	544
983	555
983	660
983	743
983	747
983	759
983	810
983	830
983	862
983	878
983	884
983	909
983	931
983	965
983	977
983	987
984	88
984	96
984	186
984	214
984	267
984	311
984	342
984	350
984	385
984	405
984	479
984	613
984	704
984	719
984	775
984	779
984	798
984	801
984	858
984	868
984	877
984	886
984	902
984	916
984	936
984	947
984	956
984	991
985	60
985	77
985	98
985	107
985	119
985	169
985	295
985	296
985	304
985	348
985	349
985	362
985	466
985	501
985	582
985	657
985	668
985	733
985	735
985	788
985	803
985	842
985	873
985	877
985	897
985	936
985	964
985	973
986	1
986	8
986	79
986	91
986	116
986	157
986	177
986	208
986	252
986	260
986	279
986	299
986	349
986	358
986	421
986	474
986	491
986	568
986	587
986	631
986	829
986	843
986	890
986	903
986	939
986	945
986	966
987	65
987	109
987	129
987	211
987	239
987	253
987	277
987	368
987	379
987	521
987	522
987	541
987	610
987	633
987	648
987	654
987	669
987	682
987	704
987	732
987	817
987	852
987	885
987	899
987	904
987	919
987	925
987	960
987	983
988	171
988	220
988	223
988	242
988	315
988	395
988	448
988	482
988	486
988	558
988	601
988	610
988	666
988	733
988	735
988	814
988	822
988	830
988	834
988	836
988	842
988	879
988	880
988	897
988	902
988	944
988	949
988	958
988	977
989	70
989	93
989	132
989	215
989	216
989	246
989	354
989	382
989	512
989	518
989	545
989	555
989	600
989	615
989	621
989	631
989	654
989	658
989	670
989	707
989	725
989	751
989	755
989	796
989	808
989	830
989	923
989	950
989	994
990	1
990	165
990	173
990	182
990	230
990	288
990	486
990	495
990	543
990	559
990	589
990	598
990	637
990	642
990	664
990	711
990	737
990	743
990	789
990	811
990	816
990	820
990	854
990	856
990	858
990	876
990	883
990	907
990	960
990	969
991	282
991	340
991	396
991	408
991	452
991	462
991	508
991	511
991	519
991	547
991	563
991	576
991	640
991	666
991	672
991	681
991	698
991	710
991	717
991	736
991	748
991	771
991	780
991	864
991	897
991	912
991	966
991	968
991	984
991	994
992	20
992	40
992	97
992	113
992	152
992	197
992	231
992	329
992	355
992	380
992	407
992	551
992	571
992	572
992	597
992	611
992	622
992	663
992	731
992	760
992	813
992	881
992	884
992	898
992	940
992	954
992	960
992	962
992	971
992	980
993	176
993	200
993	406
993	434
993	449
993	472
993	507
993	517
993	518
993	564
993	580
993	581
993	616
993	629
993	632
993	637
993	651
993	657
993	675
993	695
993	724
993	758
993	795
993	861
993	875
993	877
993	898
993	928
993	961
993	974
994	132
994	240
994	361
994	390
994	414
994	464
994	496
994	532
994	554
994	560
994	605
994	659
994	666
994	681
994	684
994	685
994	710
994	711
994	736
994	780
994	847
994	859
994	896
994	925
994	947
994	951
994	962
994	968
994	989
994	991
995	53
995	83
995	170
995	237
995	293
995	300
995	313
995	362
995	477
995	504
995	534
995	539
995	591
995	654
995	671
995	692
995	761
995	766
995	768
995	784
995	785
995	820
995	828
995	852
995	901
995	913
995	924
995	927
995	959
995	971
996	72
996	167
996	233
996	257
996	263
996	284
996	286
996	319
996	345
996	440
996	461
996	478
996	503
996	589
996	619
996	687
996	692
996	693
996	714
996	723
996	739
996	764
996	795
996	809
996	813
996	843
996	879
996	897
996	903
996	954
997	66
997	69
997	91
997	99
997	154
997	172
997	234
997	307
997	344
997	417
997	423
997	437
997	455
997	500
997	562
997	579
997	592
997	671
997	712
997	713
997	732
997	760
997	767
997	822
997	849
997	893
997	933
997	940
997	942
997	974
998	115
998	167
998	174
998	195
998	251
998	255
998	338
998	451
998	519
998	531
998	558
998	569
998	577
998	607
998	617
998	636
998	639
998	753
998	764
998	770
998	792
998	806
998	825
998	833
998	898
998	900
998	924
998	927
998	950
998	976
999	78
999	143
999	179
999	196
999	202
999	205
999	242
999	321
999	331
999	337
999	402
999	440
999	463
999	465
999	468
999	473
999	513
999	547
999	599
999	656
999	689
999	749
999	750
999	836
999	889
999	890
999	919
999	933
999	935
999	975
1000	11
1000	81
1000	276
1000	280
1000	386
1000	427
1000	490
1000	584
1000	653
1000	656
1000	696
1000	699
1000	734
1000	737
1000	743
1000	762
1000	763
1000	769
1000	776
1000	794
1000	803
1000	807
1000	808
1000	838
1000	916
1000	922
1000	923
1000	943
1000	958
1000	970
