1	114
1	439
1	671
1	894
1	997
2	174
2	375
2	924
2	929
2	945
3	771
3	785
3	837
3	898
3	906
4	420
4	832
4	880
4	902
4	987
5	459
5	733
5	957
5	963
5	984
6	543
6	657
6	773
6	938
6	972
7	266
7	746
7	910
7	969
7	974
8	688
8	689
8	896
8	908
8	954
9	160
9	208
9	568
9	643
9	976
10	23
10	200
10	202
10	248
10	484
11	31
11	81
11	613
11	643
11	976
12	844
12	944
12	946
12	951
12	956
13	619
13	658
13	842
13	862
13	865
14	430
14	696
14	699
14	849
14	882
15	502
15	710
15	813
15	863
15	942
16	324
16	692
16	756
16	780
16	836
17	837
17	862
17	898
17	906
17	948
18	555
18	915
18	920
18	924
18	945
19	298
19	896
19	980
19	991
19	996
20	435
20	717
20	749
20	844
20	971
21	820
21	843
21	892
21	954
21	973
22	107
22	110
22	370
22	444
22	916
23	10
23	279
23	838
23	845
23	927
24	468
24	648
24	794
24	903
24	907
25	94
25	621
25	779
25	802
25	923
26	490
26	618
26	881
26	904
26	993
27	610
27	654
27	759
27	887
27	947
28	271
28	476
28	803
28	938
28	962
29	433
29	721
29	910
29	969
29	974
30	263
30	363
30	519
30	784
30	939
31	11
31	81
31	103
31	529
31	976
32	531
32	818
32	900
32	928
32	959
33	497
33	700
33	729
33	887
33	937
34	593
34	853
34	954
34	968
34	1000
35	84
35	781
35	833
35	953
35	999
36	74
36	148
36	166
36	407
36	545
37	156
37	231
37	272
37	517
37	551
38	721
38	801
38	911
38	969
38	974
39	359
39	827
39	843
39	908
39	954
40	599
40	880
40	923
40	967
40	986
41	540
41	594
41	883
41	888
41	902
42	274
42	492
42	501
42	560
42	577
43	156
43	188
43	551
43	554
43	795
44	459
44	846
44	883
44	898
44	951
45	278
45	456
45	491
45	497
45	814
46	548
46	572
46	605
46	896
46	995
47	734
47	736
47	878
47	905
47	957
48	760
48	797
48	856
48	925
48	951
49	662
49	743
49	889
49	940
49	952
50	666
50	669
50	775
50	875
50	948
51	575
51	780
51	911
51	940
51	952
52	120
52	392
52	434
52	454
52	526
53	613
53	619
53	862
53	933
53	990
54	334
54	605
54	787
54	855
54	971
55	241
55	303
55	483
55	879
55	941
56	760
56	865
56	950
56	981
56	982
57	671
57	707
57	894
57	967
57	986
58	178
58	501
58	542
58	617
58	679
59	801
59	910
59	911
59	969
59	974
60	572
60	864
60	957
60	963
60	984
61	97
61	448
61	802
61	869
61	986
62	809
62	853
62	871
62	968
62	1000
63	529
63	637
63	713
63	804
63	958
64	792
64	874
64	882
64	993
64	997
65	734
65	779
65	923
65	967
65	986
66	567
66	801
66	910
66	969
66	974
67	494
67	581
67	932
67	991
67	996
68	823
68	851
68	959
68	979
68	988
69	255
69	646
69	667
69	695
69	970
70	626
70	761
70	881
70	993
70	997
71	726
71	822
71	964
71	975
71	985
72	615
72	734
72	878
72	905
72	949
73	226
73	691
73	878
73	905
73	938
74	36
74	187
74	407
74	532
74	602
75	684
75	755
75	842
75	933
75	960
76	653
76	666
76	751
76	782
76	876
77	94
77	221
77	258
77	407
77	524
78	711
78	871
78	949
78	968
78	1000
79	152
79	706
79	728
79	947
79	994
80	875
80	876
80	884
80	912
80	937
81	11
81	31
81	643
81	689
81	976
82	486
82	500
82	964
82	985
82	994
83	230
83	521
83	771
83	785
83	906
84	35
84	580
84	678
84	781
84	999
85	525
85	921
85	922
85	931
85	993
86	534
86	810
86	932
86	995
86	996
87	479
87	628
87	977
87	983
87	992
88	670
88	735
88	980
88	986
88	991
89	521
89	644
89	957
89	963
89	984
90	665
90	839
90	891
90	916
90	919
91	381
91	769
91	961
91	979
91	989
92	173
92	657
92	745
92	913
92	934
93	642
93	846
93	925
93	935
93	951
94	25
94	77
94	545
94	730
94	997
95	576
95	750
95	777
95	932
95	991
96	307
96	726
96	753
96	832
96	838
97	61
97	574
97	623
97	701
97	859
98	320
98	825
98	972
98	998
98	1000
99	396
99	579
99	717
99	855
99	944
100	829
100	871
100	949
100	959
100	1000
101	204
101	313
101	498
101	633
101	958
102	770
102	855
102	946
102	956
102	971
103	31
103	160
103	568
103	620
103	976
104	637
104	687
104	796
104	941
104	965
105	307
105	876
105	884
105	912
105	937
106	694
106	812
106	957
106	963
106	984
107	22
107	639
107	770
107	794
107	799
108	265
108	734
108	878
108	882
108	905
109	228
109	313
109	379
109	424
109	958
110	22
110	254
110	333
110	528
110	770
111	129
111	663
111	725
111	897
111	977
112	408
112	820
112	843
112	886
112	954
113	396
113	842
113	856
113	900
113	928
114	1
114	601
114	607
114	671
114	894
115	521
115	547
115	957
115	963
115	984
116	528
116	790
116	914
116	953
116	999
117	191
117	477
117	730
117	778
117	817
118	569
118	636
118	680
118	772
118	939
119	262
119	267
119	400
119	927
119	987
120	52
120	186
120	526
120	536
120	614
121	198
121	439
121	607
121	671
121	894
122	159
122	278
122	729
122	924
122	929
123	578
123	760
123	809
123	895
123	960
124	606
124	791
124	966
124	983
124	992
125	270
125	307
125	763
125	782
125	925
126	652
126	840
126	891
126	939
126	942
127	645
127	758
127	893
127	979
127	999
128	144
128	646
128	667
128	695
128	952
129	111
129	257
129	373
129	412
129	870
130	517
130	795
130	950
130	982
130	1000
131	435
131	464
131	642
131	890
131	946
132	416
132	732
132	887
132	947
132	955
133	218
133	419
133	667
133	916
133	919
134	309
134	630
134	880
134	950
134	982
135	641
135	697
135	730
135	750
135	777
136	211
136	471
136	729
136	832
136	987
137	438
137	681
137	876
137	884
137	937
138	502
138	597
138	938
138	972
138	996
139	745
139	787
139	890
139	944
139	971
140	852
140	854
140	876
140	903
140	907
141	146
141	205
141	734
141	878
141	905
142	683
142	749
142	890
142	944
142	956
143	175
143	675
143	869
143	923
143	967
144	128
144	166
144	478
144	692
144	940
145	778
145	881
145	925
145	951
145	993
146	141
146	574
146	880
146	902
146	981
147	448
147	698
147	854
147	903
147	907
148	36
148	224
148	258
148	532
148	545
149	741
149	828
149	920
149	929
149	945
150	596
150	853
150	949
150	968
150	1000
151	300
151	871
151	875
151	876
151	948
152	79
152	447
152	822
152	848
152	975
153	661
153	851
153	936
153	988
153	999
154	279
154	390
154	726
154	805
154	845
155	484
155	672
155	957
155	963
155	984
156	37
156	43
156	272
156	299
156	554
157	364
157	713
157	737
157	804
157	958
158	479
158	504
158	899
158	960
158	992
159	122
159	233
159	280
159	444
159	495
160	9
160	103
160	620
160	643
160	976
161	255
161	419
161	646
161	667
161	695
162	244
162	817
162	941
162	965
162	976
163	388
163	632
163	659
163	677
163	784
164	483
164	752
164	941
164	965
164	976
165	191
165	380
165	874
165	993
165	997
166	36
166	144
166	483
166	575
166	976
167	461
167	524
167	773
167	934
167	972
168	690
168	704
168	707
168	830
168	986
169	543
169	733
169	854
169	903
169	907
170	358
170	542
170	560
170	617
170	738
171	376
171	624
171	879
171	941
171	965
172	443
172	638
172	663
172	943
172	977
173	92
173	745
173	825
173	934
173	938
174	2
174	915
174	929
174	945
174	998
175	143
175	704
175	869
175	967
175	986
176	387
176	792
176	839
176	950
176	971
177	308
177	541
177	739
177	859
177	888
178	58
178	560
178	600
178	617
178	651
179	721
179	774
179	910
179	969
179	974
180	494
180	597
180	670
180	752
180	995
181	679
181	691
181	734
181	878
181	905
182	314
182	860
182	892
182	947
182	955
183	259
183	834
183	847
183	967
183	986
184	510
184	568
184	620
184	643
184	976
185	379
185	655
185	861
185	975
185	985
186	120
186	434
186	454
186	536
186	561
187	74
187	221
187	270
187	545
187	602
188	43
188	632
188	659
188	784
188	939
189	290
189	319
189	491
189	537
189	662
190	238
190	736
190	859
190	883
190	996
191	117
191	165
191	490
191	629
191	922
192	283
192	472
192	481
192	504
192	897
193	538
193	566
193	684
193	803
193	990
194	546
194	574
194	689
194	858
194	880
195	835
195	840
195	885
195	891
195	901
196	748
196	827
196	908
196	913
196	954
197	359
197	820
197	908
197	954
197	973
198	121
198	393
198	607
198	671
198	894
199	629
199	669
199	697
199	750
199	777
200	10
200	529
200	637
200	737
200	804
201	255
201	419
201	646
201	667
201	695
202	10
202	203
202	674
202	838
202	979
203	202
203	282
203	805
203	838
203	955
204	101
204	483
204	817
204	879
204	965
205	141
205	658
205	734
205	878
205	905
206	395
206	711
206	786
206	824
206	966
207	663
207	917
207	966
207	978
207	992
208	9
208	568
208	593
208	620
208	976
209	536
209	561
209	614
209	667
209	700
210	628
210	806
210	873
210	983
210	992
211	136
211	733
211	864
211	957
211	963
211	984
212	753
212	837
212	898
212	910
212	969
212	974
213	590
213	601
213	755
213	828
213	920
213	998
214	522
214	613
214	797
214	809
214	939
214	960
215	274
215	542
215	577
215	617
215	651
215	798
216	242
216	286
216	630
216	739
216	981
216	982
217	336
217	735
217	980
217	991
217	995
217	996
218	133
218	419
218	541
218	646
218	667
218	695
219	393
219	439
219	607
219	671
219	817
219	894
220	304
220	357
220	502
220	546
220	860
220	938
221	77
221	187
221	532
221	545
221	602
221	779
222	477
222	591
222	810
222	886
222	904
222	954
223	418
223	734
223	736
223	878
223	905
223	914
224	148
224	381
224	557
224	877
224	988
224	989
225	829
225	968
225	970
225	976
225	998
225	1000
226	73
226	405
226	587
226	960
226	962
226	972
227	366
227	530
227	872
227	975
227	985
227	994
228	109
228	705
228	895
228	900
228	928
228	990
229	647
229	666
229	719
229	782
229	884
229	912
230	83
230	650
230	837
230	898
230	906
230	948
231	37
231	299
231	517
231	551
231	554
231	739
232	609
232	707
232	765
232	811
232	813
232	942
233	159
233	254
233	495
233	747
233	770
233	799
234	510
234	839
234	866
234	885
234	891
234	916
235	488
235	774
235	801
235	948
235	969
235	974
236	248
236	400
236	452
236	832
236	845
236	927
237	352
237	654
237	695
237	712
237	947
237	955
238	190
238	595
238	823
238	932
238	980
238	996
239	289
239	339
239	480
239	544
239	803
239	916
240	603
240	673
240	710
240	765
240	813
240	942
241	55
241	618
241	624
241	796
241	941
241	965
242	216
242	351
242	574
242	751
242	859
242	984
243	368
243	603
243	609
243	824
243	863
243	942
244	162
244	687
244	796
244	879
244	965
244	976
245	288
245	670
245	980
245	991
245	995
245	996
246	839
246	866
246	885
246	891
246	916
246	919
247	595
247	907
247	980
247	991
247	995
247	996
248	10
248	236
248	805
248	841
248	845
248	927
249	547
249	555
249	755
249	828
249	924
249	933
250	703
250	724
250	846
250	925
250	935
250	951
251	616
251	690
251	779
251	847
251	923
251	986
252	714
252	767
252	782
252	851
252	912
252	988
253	649
253	831
253	846
253	925
253	935
253	951
254	110
254	233
254	359
254	444
254	473
254	799
255	69
255	161
255	201
255	646
255	667
255	695
256	442
256	619
256	680
256	809
256	818
256	928
257	129
257	275
257	808
257	920
257	929
257	945
258	77
258	148
258	455
258	532
258	552
258	602
259	183
259	437
259	587
259	691
259	934
259	972
260	512
260	654
260	768
260	877
260	961
260	979
261	373
261	870
261	917
261	977
261	978
261	992
262	119
262	378
262	549
262	722
262	828
262	920
263	30
263	341
263	632
263	784
263	870
263	939
264	576
264	641
264	669
264	697
264	750
264	777
265	108
265	615
265	638
265	813
265	878
265	905
266	7
266	423
266	612
266	910
266	969
266	974
267	119
267	484
267	805
267	841
267	927
267	987
268	649
268	807
268	846
268	904
268	935
268	951
269	374
269	447
269	715
269	822
269	872
269	964
270	125
270	187
270	394
270	681
270	875
270	876
271	28
271	461
271	657
271	917
271	938
271	972
272	37
272	156
272	517
272	554
272	795
272	958
273	311
273	710
273	786
273	824
273	863
273	966
274	42
274	215
274	537
274	617
274	651
274	738
275	257
275	386
275	547
275	598
275	741
275	945
276	660
276	703
276	846
276	925
276	935
276	951
277	661
277	790
277	873
277	914
277	970
277	999
278	45
278	122
278	491
278	497
278	729
278	814
279	23
279	154
279	367
279	838
279	845
279	987
280	159
280	370
280	473
280	576
280	639
280	770
281	835
281	840
281	866
281	891
281	916
281	919
282	203
282	674
282	693
282	832
282	838
282	892
283	192
283	385
283	479
283	638
283	909
283	930
284	441
284	771
284	785
284	837
284	898
284	906
285	343
285	654
285	841
285	887
285	947
285	955
286	216
286	800
286	834
286	902
286	981
286	982
287	503
287	576
287	669
287	697
287	777
287	945
288	245
288	635
288	877
288	991
288	995
288	996
289	239
289	297
289	480
289	544
289	566
289	803
290	189
290	671
290	754
290	809
290	901
290	960
291	315
291	408
291	477
291	748
291	820
291	886
292	810
292	863
292	896
292	932
292	980
292	995
293	742
293	769
293	851
293	961
293	979
293	988
294	588
294	826
294	932
294	979
294	989
294	996
295	686
295	823
295	932
295	967
295	991
295	996
296	312
296	340
296	877
296	961
296	979
296	989
297	289
297	476
297	493
297	544
297	803
297	888
298	19
298	548
298	810
298	898
298	932
298	991
299	156
299	231
299	517
299	551
299	554
299	795
300	151
300	569
300	763
300	779
300	967
300	986
301	347
301	553
301	634
301	761
301	911
301	952
302	546
302	799
302	934
302	938
302	962
302	972
303	55
303	685
303	884
303	912
303	941
303	965
304	220
304	534
304	825
304	913
304	962
304	972
305	409
305	608
305	637
305	737
305	804
305	958
306	535
306	553
306	609
306	836
306	889
306	952
307	96
307	105
307	125
307	653
307	884
307	937
308	177
308	411
308	701
308	858
308	859
308	975
309	134
309	800
309	888
309	950
309	981
309	982
310	513
310	618
310	715
310	879
310	941
310	965
311	273
311	652
311	786
311	811
311	932
311	942
312	296
312	819
312	877
312	918
312	959
312	979
313	101
313	109
313	425
313	505
313	633
313	958
314	182
314	720
314	860
314	887
314	947
314	955
315	291
315	410
315	591
315	827
315	886
315	908
316	459
316	668
316	837
316	898
316	906
316	948
317	733
317	789
317	957
317	963
317	984
317	986
318	592
318	656
318	708
318	839
318	849
318	882
319	189
319	347
319	634
319	743
319	788
319	889
320	98
320	327
320	414
320	657
320	825
320	934
321	390
321	674
321	805
321	838
321	927
321	987
322	747
322	772
322	856
322	895
322	900
322	928
323	677
323	835
323	840
323	885
323	891
323	916
324	16
324	425
324	633
324	776
324	793
324	958
325	835
325	866
325	885
325	916
325	919
325	985
326	345
326	645
326	781
326	790
326	953
326	999
327	320
327	368
327	926
327	934
327	972
327	1000
328	354
328	360
328	456
328	491
328	497
328	729
329	377
329	398
329	535
329	575
329	776
329	889
330	682
330	785
330	794
330	852
330	903
330	907
331	842
331	844
331	894
331	944
331	946
331	971
332	460
332	744
332	766
332	975
332	985
332	994
333	110
333	370
333	421
333	495
333	639
333	770
334	54
334	650
334	787
334	946
334	956
334	971
335	590
335	827
335	886
335	908
335	954
335	973
336	217
336	686
336	820
336	980
336	991
336	996
337	792
337	830
337	922
337	931
337	997
337	998
338	409
338	713
338	737
338	804
338	958
338	978
339	239
339	480
339	493
339	566
339	765
339	803
340	296
340	408
340	748
340	886
340	908
340	954
341	263
341	363
341	677
341	757
341	784
341	939
342	582
342	650
342	890
342	946
342	956
342	971
343	285
343	712
343	860
343	887
343	947
343	955
344	462
344	626
344	696
344	708
344	849
344	882
345	326
345	788
345	848
345	964
345	985
345	994
346	406
346	674
346	693
346	695
346	927
346	987
347	301
347	319
347	557
347	582
347	850
347	889
348	476
348	480
348	493
348	544
348	803
348	877
349	702
349	761
349	792
349	857
349	904
349	931
350	615
350	736
350	743
350	893
350	905
350	952
351	242
351	397
351	540
351	883
351	902
351	981
352	237
352	485
352	841
352	887
352	947
352	955
353	493
353	544
353	803
353	964
353	985
353	994
354	328
354	391
354	471
354	491
354	729
354	814
355	826
355	851
355	918
355	979
355	988
355	989
356	387
356	844
356	890
356	894
356	944
356	971
357	220
357	452
357	485
357	887
357	947
357	955
358	170
358	501
358	542
358	560
358	651
358	738
359	39
359	197
359	254
359	843
359	908
359	954
360	328
360	778
360	857
360	867
360	874
360	901
361	486
361	570
361	815
361	964
361	985
361	994
362	440
362	829
362	926
362	949
362	968
362	1000
363	30
363	341
363	519
363	659
363	677
363	784
364	157
364	713
364	737
364	804
364	953
364	958
365	621
365	707
365	795
365	834
365	923
365	967
366	227
366	424
366	505
366	788
366	958
366	964
367	279
367	579
367	619
367	726
367	832
367	838
368	243
368	327
368	652
368	765
368	863
368	966
369	470
369	507
369	622
369	964
369	973
369	975
369	994
370	22
370	280
370	333
370	421
370	495
370	577
370	770
371	797
371	810
371	823
371	980
371	991
371	995
371	996
372	488
372	774
372	910
372	911
372	969
372	974
372	979
373	129
373	261
373	549
373	716
373	725
373	868
373	983
374	269
374	563
374	715
374	744
374	964
374	985
374	994
375	2
375	423
375	685
375	763
375	875
375	884
375	948
376	171
376	618
376	687
376	855
376	879
376	941
376	965
377	329
377	634
377	662
377	836
377	850
377	898
377	952
378	262
378	741
378	821
378	915
378	924
378	984
378	998
379	109
379	185
379	424
379	498
379	505
379	633
379	958
380	165
380	629
380	647
380	881
380	921
380	931
380	997
381	91
381	224
381	918
381	959
381	961
381	979
381	989
382	632
382	677
382	741
382	784
382	796
382	965
382	976
383	486
383	500
383	744
383	766
383	964
383	966
383	975
384	499
384	660
384	676
384	703
384	738
384	935
384	951
385	283
385	518
385	857
385	904
385	921
385	993
385	997
386	275
386	458
386	559
386	808
386	920
386	929
386	998
387	176
387	356
387	944
387	946
387	956
387	971
387	999
388	163
388	778
388	830
388	904
388	921
388	931
388	993
389	645
389	758
389	790
389	893
389	936
389	953
389	999
390	154
390	321
390	718
390	726
390	832
390	927
390	987
391	354
391	523
391	789
391	864
391	957
391	963
391	984
392	52
392	434
392	454
392	526
392	536
392	561
392	700
393	198
393	219
393	406
393	439
393	607
393	671
393	894
394	270
394	438
394	775
394	783
394	875
394	876
394	884
395	206
395	420
395	710
395	711
395	813
395	824
395	942
396	99
396	113
396	683
396	787
396	855
396	956
396	971
397	351
397	512
397	573
397	751
397	816
397	883
397	888
398	329
398	405
398	437
398	657
398	825
398	934
398	972
399	492
399	507
399	766
399	849
399	864
399	957
399	984
400	119
400	236
400	489
400	539
400	753
400	845
400	927
401	513
401	618
401	624
401	752
401	879
401	965
401	976
402	448
402	513
402	704
402	779
402	892
402	967
402	986
403	628
403	762
403	926
403	949
403	968
403	970
403	1000
404	520
404	645
404	665
404	840
404	873
404	914
404	999
405	226
405	398
405	517
405	773
405	825
405	938
405	962
406	346
406	393
406	579
406	718
406	753
406	832
406	927
407	36
407	74
407	77
407	532
407	545
407	602
407	635
408	112
408	291
408	340
408	476
408	886
408	908
408	954
409	305
409	338
409	713
409	737
409	804
409	885
409	958
410	315
410	584
410	748
410	827
410	843
410	908
410	954
411	308
411	455
411	530
411	739
411	881
411	904
411	997
412	129
412	628
412	847
412	869
412	943
412	967
412	986
413	664
413	839
413	866
413	885
413	891
413	916
413	919
414	320
414	556
414	583
414	592
414	696
414	849
414	882
415	549
415	555
415	627
415	755
415	821
415	848
415	915
416	132
416	610
416	647
416	922
416	947
416	955
416	997
417	676
417	724
417	807
417	913
417	925
417	935
417	951
418	223
418	567
418	615
418	691
418	736
418	878
418	905
419	133
419	161
419	201
419	218
419	646
419	687
419	695
420	4
420	395
420	451
420	753
420	805
420	892
420	987
421	333
421	370
421	444
421	473
421	639
421	770
421	799
422	610
422	712
422	732
422	759
422	887
422	955
422	962
423	266
423	375
423	666
423	746
423	912
423	969
423	974
424	109
424	366
424	379
424	425
424	498
424	633
424	958
425	313
425	324
425	424
425	498
425	514
425	633
425	958
426	675
426	714
426	802
426	847
426	869
426	923
426	967
427	443
427	527
427	606
427	917
427	977
427	980
427	992
428	636
428	743
428	776
428	780
428	889
428	901
428	940
429	716
429	725
429	731
429	748
429	764
429	943
429	992
430	14
430	640
430	656
430	699
430	708
430	849
430	882
431	655
431	807
431	846
431	913
431	925
431	935
431	951
432	762
432	871
432	891
432	926
432	949
432	968
432	1000
433	29
433	488
433	746
433	910
433	911
433	969
433	974
434	52
434	186
434	392
434	454
434	526
434	614
434	700
435	20
435	131
435	787
435	890
435	956
435	964
435	971
436	519
436	572
436	659
436	677
436	784
436	818
436	939
437	259
437	398
437	745
437	825
437	829
437	934
437	972
438	137
438	394
438	666
438	719
438	761
438	763
438	937
439	1
439	121
439	219
439	393
439	607
439	671
439	894
440	362
440	690
440	707
440	802
440	834
440	967
440	986
441	284
441	566
441	600
441	774
441	785
441	898
441	906
442	256
442	470
442	622
442	788
442	973
442	975
442	985
443	172
443	427
443	716
443	899
443	930
443	978
443	983
444	22
444	159
444	254
444	421
444	639
444	770
444	937
445	530
445	541
445	594
445	701
445	816
445	981
445	982
446	520
446	589
446	665
446	893
446	914
446	936
446	953
447	152
447	269
447	500
447	744
447	815
447	822
447	994
448	61
448	147
448	402
448	616
448	675
448	923
448	986
449	648
449	698
449	794
449	852
449	854
449	903
449	907
450	481
450	504
450	791
450	899
450	909
450	943
450	992
451	420
451	579
451	674
451	693
451	845
451	906
451	987
452	236
452	357
452	489
452	805
452	947
452	955
452	965
453	564
453	752
453	817
453	879
453	905
453	941
453	965
454	52
454	186
454	392
454	434
454	561
454	614
454	863
455	258
455	411
455	532
455	602
455	608
455	874
455	931
456	45
456	328
456	479
456	491
456	497
456	729
456	814
457	672
457	694
457	733
457	812
457	957
457	963
457	984
458	386
458	627
458	757
458	915
458	920
458	985
458	998
459	5
459	44
459	316
459	785
459	898
459	906
459	948
460	332
460	474
460	715
460	815
460	975
460	985
460	994
461	167
461	271
461	825
461	860
461	938
461	953
461	972
462	344
462	556
462	583
462	592
462	696
462	849
462	972
463	648
463	682
463	794
463	852
463	854
463	903
463	907
464	131
464	650
464	680
464	844
464	944
464	946
464	956
465	587
465	691
465	745
465	773
465	934
465	938
465	972
466	839
466	840
466	866
466	885
466	891
466	916
466	919
467	835
467	840
467	919
467	944
467	949
467	968
467	1000
468	24
468	698
468	709
468	852
468	903
468	907
468	973
469	718
469	839
469	841
469	866
469	885
469	987
469	999
470	369
470	442
470	507
470	788
470	971
470	973
470	994
471	136
471	354
471	497
471	787
471	814
471	946
471	956
472	192
472	553
472	764
472	791
472	870
472	899
472	917
473	254
473	280
473	421
473	495
473	568
473	639
473	770
474	460
474	486
474	570
474	698
474	815
474	964
474	973
475	537
475	776
475	780
475	889
475	911
475	940
475	952
476	28
476	297
476	348
476	408
476	480
476	493
476	544
476	803
477	117
477	222
477	291
477	490
477	857
477	931
477	993
477	997
478	144
478	711
478	765
478	786
478	811
478	824
478	863
478	942
479	87
479	158
479	283
479	456
479	909
479	930
479	977
479	978
480	239
480	289
480	339
480	348
480	476
480	493
480	803
480	912
481	192
481	450
481	870
481	917
481	958
481	977
481	983
481	992
482	556
482	592
482	640
482	656
482	699
482	708
482	849
482	882
483	55
483	164
483	166
483	204
483	879
483	905
483	941
483	965
484	10
484	155
484	267
484	753
484	785
484	837
484	906
484	987
485	352
485	357
485	654
485	712
485	759
485	887
485	947
485	955
486	82
486	361
486	383
486	474
486	492
486	706
486	944
486	985
487	752
487	796
487	855
487	879
487	890
487	956
487	965
487	971
488	235
488	372
488	433
488	649
488	774
488	858
488	969
488	974
489	400
489	452
489	693
489	713
489	845
489	892
489	927
489	987
490	26
490	191
490	477
490	629
490	778
490	830
490	881
490	922
491	45
491	189
491	278
491	328
491	354
491	456
491	729
491	814
492	42
492	399
492	486
492	788
492	848
492	872
492	975
492	985
493	297
493	339
493	348
493	353
493	476
493	480
493	683
493	803
494	67
494	180
494	511
494	932
494	963
494	980
494	991
494	996
495	159
495	233
495	333
495	370
495	473
495	557
495	639
495	770
496	596
496	853
496	871
496	926
496	945
496	968
496	998
496	1000
497	33
497	45
497	278
497	328
497	456
497	471
497	729
497	996
498	101
498	379
498	424
498	425
498	505
498	633
498	663
498	958
499	384
499	523
499	733
499	789
499	812
499	864
499	957
499	984
500	82
500	383
500	447
500	563
500	728
500	811
500	872
500	985
501	42
501	58
501	358
501	542
501	617
501	651
501	679
501	1000
502	15
502	138
502	220
502	657
502	783
502	913
502	962
502	972
503	287
503	611
503	641
503	669
503	697
503	750
503	777
503	911
504	158
504	192
504	450
504	632
504	897
504	909
504	943
504	977
505	313
505	366
505	379
505	498
505	578
505	633
505	638
505	958
506	606
506	638
506	791
506	798
506	828
506	868
506	897
506	978
507	369
507	399
507	470
507	810
507	823
507	985
507	991
507	995
508	613
508	727
508	772
508	797
508	841
508	900
508	928
508	933
509	664
509	835
509	840
509	866
509	885
509	891
509	919
509	997
510	184
510	234
510	664
510	866
510	885
510	891
510	916
510	919
511	494
511	581
511	635
511	931
511	932
511	980
511	995
511	996
512	260
512	397
512	550
512	702
512	769
512	961
512	979
512	988
513	310
513	401
513	402
513	817
513	834
513	879
513	901
513	923
514	425
514	527
514	806
514	897
514	943
514	978
514	983
514	992
515	549
515	627
515	722
515	741
515	808
515	828
515	915
515	929
516	537
516	575
516	586
516	756
516	776
516	850
516	924
516	952
517	37
517	130
517	231
517	272
517	299
517	405
517	551
517	554
518	385
518	874
518	901
518	904
518	921
518	922
518	948
518	993
519	30
519	363
519	436
519	572
519	632
519	677
519	784
519	904
520	404
520	446
520	873
520	881
520	893
520	936
520	953
520	999
521	83
521	89
521	115
521	694
521	864
521	957
521	963
521	984
522	214
522	552
522	747
522	818
522	842
522	876
522	933
522	959
523	391
523	499
523	692
523	812
523	864
523	957
523	963
523	984
524	77
524	167
524	534
524	546
524	745
524	773
524	783
524	934
525	85
525	629
525	720
525	792
525	874
525	931
525	993
525	997
526	52
526	120
526	392
526	434
526	536
526	560
526	561
526	614
527	427
527	514
527	725
527	731
527	930
527	977
527	978
527	983
528	110
528	116
528	580
528	758
528	936
528	953
528	970
528	999
529	31
529	63
529	200
529	637
529	713
529	737
529	804
529	958
530	227
530	411
530	445
530	701
530	739
530	859
530	981
530	982
531	32
531	533
531	754
531	856
531	862
531	960
531	990
531	991
532	74
532	148
532	221
532	258
532	407
532	455
532	545
532	602
533	531
533	619
533	678
533	856
533	862
533	928
533	939
533	960
534	86
534	304
534	524
534	745
534	783
534	934
534	938
534	972
535	306
535	329
535	586
535	634
535	836
535	889
535	940
535	952
536	120
536	186
536	209
536	392
536	526
536	561
536	614
536	903
537	189
537	274
537	475
537	516
537	743
537	756
537	836
537	952
538	193
538	589
538	760
538	873
538	914
538	939
538	953
538	990
539	400
539	740
539	853
539	871
539	926
539	949
539	998
539	1000
540	41
540	351
540	883
540	888
540	902
540	981
540	982
540	992
541	177
541	218
541	445
541	630
541	689
541	888
541	950
541	982
542	58
542	170
542	215
542	358
542	501
542	560
542	651
542	857
543	6
543	169
543	709
543	794
543	852
543	854
543	903
543	907
544	239
544	289
544	297
544	348
544	353
544	476
544	803
544	847
545	36
545	94
545	148
545	187
545	221
545	407
545	532
545	602
546	194
546	220
546	302
546	524
546	799
546	938
546	962
546	972
547	115
547	249
547	275
547	555
547	915
547	920
547	929
547	945
548	46
548	298
548	588
548	635
548	896
548	980
548	991
548	995
549	262
549	373
549	415
549	515
549	722
549	755
549	808
549	945
550	512
550	625
550	702
550	768
550	850
550	918
550	961
550	979
551	37
551	43
551	231
551	299
551	517
551	554
551	795
551	838
552	258
552	522
552	760
552	862
552	977
552	983
552	990
552	992
553	301
553	306
553	472
553	743
553	769
553	819
553	979
553	988
554	43
554	156
554	231
554	272
554	299
554	517
554	551
554	805
555	18
555	249
555	415
555	547
555	741
555	828
555	920
555	924
556	414
556	462
556	482
556	696
556	708
556	849
556	882
556	971
557	224
557	347
557	495
557	742
557	761
557	780
557	826
557	988
558	723
558	819
558	826
558	839
558	877
558	961
558	988
558	989
559	386
559	729
559	755
559	808
559	821
559	828
559	929
559	945
560	42
560	170
560	178
560	358
560	526
560	542
560	651
560	679
561	186
561	209
561	392
561	454
561	526
561	536
561	614
561	700
562	645
562	740
562	762
562	829
562	853
562	949
562	968
562	1000
563	374
563	500
563	622
563	822
563	848
563	872
563	886
563	994
564	453
564	687
564	752
564	793
564	796
564	817
564	941
564	976
565	685
565	719
565	820
565	843
565	876
565	884
565	886
565	954
566	193
566	289
566	339
566	441
566	803
566	837
566	844
566	898
566	906
567	66
567	418
567	612
567	721
567	801
567	858
567	910
567	969
567	974
568	9
568	103
568	184
568	208
568	473
568	611
568	620
568	643
568	976
569	118
569	300
569	684
569	705
569	818
569	842
569	862
569	865
569	990
570	361
570	474
570	715
570	744
570	766
570	848
570	973
570	994
570	998
571	743
571	756
571	780
571	793
571	861
571	889
571	940
571	952
571	965
572	46
572	60
572	436
572	519
572	659
572	789
572	939
572	963
572	984
573	397
573	771
573	800
573	880
573	883
573	902
573	950
573	981
573	982
574	97
574	146
574	194
574	242
574	762
574	800
574	888
574	950
574	982
575	51
575	166
575	329
575	516
575	780
575	793
575	850
575	901
575	1000
576	95
576	264
576	280
576	287
576	641
576	669
576	697
576	750
576	777
577	42
577	215
577	370
577	617
577	701
577	738
577	800
577	816
577	858
578	123
578	505
578	636
578	705
578	809
578	895
578	928
578	959
578	960
579	99
579	367
579	406
579	451
579	642
579	864
579	944
579	971
579	987
580	84
580	528
580	645
580	758
580	833
580	893
580	895
580	914
580	999
581	67
581	511
581	588
581	605
581	686
581	896
581	980
581	995
581	996
582	342
582	347
582	683
582	717
582	844
582	890
582	944
582	946
582	971
583	414
583	462
583	626
583	640
583	641
583	656
583	696
583	699
583	882
584	410
584	590
584	591
584	664
584	748
584	820
584	843
584	886
584	973
585	682
585	698
585	709
585	794
585	852
585	854
585	903
585	907
585	909
586	516
586	535
586	668
586	771
586	785
586	793
586	836
586	873
586	948
587	226
587	259
587	465
587	657
587	745
587	860
587	934
587	962
587	972
588	294
588	548
588	581
588	597
588	599
588	605
588	896
588	980
588	995
589	446
589	538
589	758
589	833
589	873
589	893
589	914
589	936
589	999
590	213
590	335
590	584
590	748
590	820
590	827
590	908
590	954
590	973
591	222
591	315
591	584
591	674
591	827
591	843
591	886
591	954
591	973
592	318
592	414
592	462
592	482
592	626
592	699
592	708
592	849
592	882
593	34
593	208
593	596
593	762
593	853
593	926
593	949
593	968
593	1000
594	41
594	445
594	676
594	751
594	859
594	883
594	888
594	981
594	982
595	238
595	247
595	686
595	823
595	919
595	980
595	991
595	995
595	996
596	150
596	496
596	593
596	825
596	871
596	926
596	949
596	968
596	1000
597	138
597	180
597	588
597	735
597	796
597	823
597	896
597	932
597	995
598	275
598	722
598	757
598	821
598	828
598	929
598	945
598	962
598	998
599	40
599	588
599	746
599	847
599	911
599	923
599	967
599	969
599	974
600	178
600	441
600	792
600	837
600	904
600	906
600	963
600	993
600	997
601	114
601	213
601	755
601	757
601	808
601	915
601	924
601	929
601	945
602	74
602	187
602	221
602	258
602	407
602	455
602	532
602	545
602	943
603	240
603	243
603	673
603	710
603	746
603	786
603	811
603	824
603	966
604	723
604	769
604	851
604	918
604	961
604	976
604	979
604	988
604	989
605	46
605	54
605	581
605	588
605	896
605	932
605	980
605	991
605	996
606	124
606	427
606	506
606	725
606	764
606	791
606	868
606	899
606	938
607	114
607	121
607	198
607	219
607	393
607	439
607	671
607	843
607	894
608	305
608	455
608	637
608	713
608	767
608	918
608	958
608	959
608	961
609	232
609	243
609	306
609	673
609	765
609	786
609	813
609	863
609	942
610	27
610	416
610	422
610	732
610	759
610	776
610	892
610	947
610	955
611	503
611	568
611	620
611	641
611	643
611	750
611	777
611	927
611	976
612	266
612	567
612	774
612	801
612	858
612	910
612	969
612	974
612	977
613	11
613	53
613	214
613	508
613	658
613	684
613	705
613	727
613	818
614	120
614	209
614	434
614	454
614	526
614	536
614	561
614	700
614	952
615	72
615	265
615	350
615	418
615	638
615	736
615	878
615	905
615	924
616	251
616	448
616	675
616	704
616	847
616	869
616	962
616	967
616	986
617	58
617	170
617	178
617	215
617	274
617	501
617	577
617	679
617	795
618	26
618	241
618	310
618	376
618	401
618	796
618	879
618	941
618	965
619	13
619	53
619	256
619	367
619	533
619	636
619	727
619	772
619	933
620	103
620	160
620	184
620	208
620	568
620	611
620	643
620	976
620	988
621	25
621	365
621	690
621	719
621	779
621	834
621	869
621	962
621	986
622	369
622	442
622	563
622	715
622	872
622	896
622	975
622	985
622	994
623	97
623	816
623	864
623	880
623	883
623	902
623	950
623	981
623	982
624	171
624	241
624	401
624	752
624	796
624	817
624	941
624	965
624	974
625	550
625	702
625	742
625	769
625	850
625	851
625	918
625	988
625	989
626	70
626	344
626	583
626	592
626	640
626	656
626	696
626	699
626	708
626	882
627	415
627	458
627	515
627	741
627	757
627	818
627	821
627	828
627	924
627	929
628	87
628	210
628	403
628	412
628	798
628	897
628	943
628	977
628	978
628	992
629	191
629	199
629	380
629	490
629	525
629	881
629	904
629	922
629	931
629	997
630	134
630	216
630	541
630	751
630	880
630	888
630	903
630	950
630	981
630	982
631	772
631	781
631	833
631	873
631	893
631	914
631	936
631	953
631	970
631	999
632	163
632	188
632	263
632	382
632	504
632	519
632	659
632	677
632	784
632	939
633	101
633	313
633	324
633	379
633	424
633	425
633	498
633	505
633	795
633	958
634	301
634	319
634	377
634	535
634	692
634	816
634	836
634	861
634	901
634	940
635	288
635	407
635	511
635	548
635	810
635	823
635	932
635	980
635	991
635	995
636	118
636	428
636	578
636	619
636	705
636	727
636	760
636	809
636	818
636	990
637	63
637	104
637	200
637	305
637	529
637	608
637	713
637	737
637	804
637	958
638	172
638	265
638	283
638	505
638	506
638	615
638	679
638	736
638	905
638	983
639	107
639	280
639	333
639	421
639	444
639	473
639	495
639	770
639	799
639	902
640	430
640	482
640	583
640	626
640	656
640	696
640	699
640	849
640	865
640	882
641	135
641	264
641	503
641	576
641	583
641	611
641	669
641	697
641	750
641	777
642	93
642	131
642	579
642	650
642	749
642	844
642	855
642	944
642	946
642	956
643	9
643	11
643	81
643	160
643	184
643	568
643	611
643	620
643	777
643	976
644	89
644	694
644	733
644	789
644	812
644	864
644	957
644	963
644	984
644	989
645	127
645	326
645	389
645	404
645	562
645	580
645	758
645	893
645	895
645	999
646	69
646	128
646	161
646	201
646	218
646	255
646	419
646	667
646	695
646	847
647	229
647	380
647	416
647	830
647	857
647	874
647	921
647	922
647	931
647	993
648	24
648	449
648	463
648	682
648	709
648	852
648	854
648	903
648	907
648	918
649	253
649	268
649	488
649	660
649	724
649	807
649	913
649	925
649	935
649	951
650	230
650	334
650	342
650	464
650	642
650	787
650	944
650	946
650	956
650	971
651	178
651	215
651	274
651	358
651	501
651	542
651	560
651	679
651	738
651	750
652	126
652	311
652	368
652	673
652	711
652	786
652	824
652	863
652	942
652	966
653	76
653	307
653	681
653	685
653	775
653	782
653	876
653	879
653	912
653	937
654	27
654	237
654	260
654	285
654	485
654	732
654	887
654	892
654	947
654	955
655	185
655	431
655	728
655	766
655	815
655	848
655	964
655	973
655	985
655	994
656	318
656	430
656	482
656	583
656	626
656	640
656	696
656	849
656	882
656	993
657	6
657	92
657	271
657	320
657	398
657	502
657	587
657	745
657	799
657	883
658	13
658	205
658	613
658	747
658	760
658	772
658	797
658	862
658	900
658	959
659	163
659	188
659	363
659	436
659	572
659	632
659	677
659	681
659	784
659	939
660	276
660	384
660	649
660	703
660	716
660	724
660	846
660	925
660	935
660	951
661	153
661	277
661	672
661	678
661	781
661	833
661	914
661	936
661	953
661	999
662	49
662	189
662	377
662	692
662	776
662	786
662	793
662	889
662	911
662	940
663	111
663	172
663	207
663	498
663	798
663	831
663	909
663	978
663	983
663	992
664	413
664	509
664	510
664	584
664	835
664	839
664	840
664	866
664	916
664	919
665	90
665	404
665	446
665	678
665	873
665	893
665	936
665	953
665	970
665	999
666	50
666	76
666	229
666	423
666	438
666	685
666	763
666	802
666	875
666	937
667	69
667	128
667	133
667	161
667	201
667	209
667	218
667	255
667	646
667	695
668	316
668	586
668	771
668	785
668	831
668	837
668	898
668	906
668	948
668	956
669	50
669	199
669	264
669	287
669	503
669	576
669	641
669	697
669	750
669	777
670	88
670	180
670	245
670	679
670	689
670	823
670	896
670	932
670	980
670	991
670	995
671	1
671	57
671	114
671	121
671	198
671	219
671	290
671	393
671	439
671	607
671	894
672	155
672	457
672	661
672	694
672	789
672	812
672	864
672	867
672	957
672	963
672	984
673	240
673	603
673	609
673	652
673	688
673	765
673	813
673	863
673	942
673	966
673	990
674	202
674	282
674	321
674	346
674	451
674	591
674	693
674	718
674	832
674	845
674	987
675	143
675	426
675	448
675	616
675	779
675	795
675	847
675	923
675	962
675	986
675	992
676	384
676	417
676	594
676	703
676	724
676	807
676	846
676	913
676	925
676	935
676	951
677	163
677	323
677	341
677	363
677	382
677	436
677	519
677	632
677	659
677	784
677	939
678	84
678	533
678	661
678	665
678	781
678	790
678	873
678	914
678	936
678	953
678	999
679	58
679	181
679	501
679	560
679	617
679	638
679	651
679	670
679	736
679	878
679	905
680	118
680	256
680	464
680	727
680	809
680	842
680	856
680	862
680	933
680	960
680	990
681	137
681	270
681	653
681	659
681	685
681	714
681	719
681	775
681	884
681	912
681	948
682	330
682	463
682	585
682	648
682	709
682	794
682	852
682	854
682	903
682	907
682	997
683	142
683	396
683	493
683	582
683	717
683	749
683	855
683	890
683	944
683	946
683	971
684	75
684	193
684	569
684	613
684	705
684	747
684	928
684	933
684	960
684	975
684	990
685	303
685	375
685	565
685	653
685	666
685	681
685	714
685	719
685	884
685	937
685	980
686	295
686	336
686	581
686	595
686	735
686	810
686	823
686	932
686	970
686	980
686	991
687	104
687	244
687	376
687	419
687	564
687	752
687	796
687	817
687	941
687	965
687	976
688	8
688	673
688	740
688	829
688	853
688	871
688	926
688	949
688	968
688	970
688	998
689	8
689	81
689	194
689	541
689	670
689	865
689	880
689	883
689	896
689	995
689	996
690	168
690	251
690	440
690	621
690	704
690	707
690	802
690	869
690	878
690	967
690	986
691	73
691	181
691	259
691	418
691	465
691	736
691	856
691	878
691	905
691	938
691	962
692	16
692	144
692	523
692	634
692	662
692	743
692	793
692	836
692	889
692	940
692	952
693	282
693	346
693	451
693	489
693	674
693	718
693	726
693	812
693	845
693	927
693	987
694	106
694	457
694	521
694	644
694	672
694	733
694	789
694	821
694	957
694	963
694	984
695	69
695	128
695	161
695	201
695	218
695	237
695	255
695	346
695	419
695	646
695	667
696	14
696	344
696	414
696	462
696	556
696	583
696	626
696	640
696	656
696	882
696	937
697	135
697	199
697	264
697	287
697	503
697	576
697	641
697	669
697	750
697	777
697	782
698	147
698	449
698	468
698	474
698	585
698	709
698	794
698	852
698	854
698	903
698	907
699	14
699	430
699	482
699	583
699	592
699	626
699	640
699	708
699	800
699	849
699	882
700	33
700	209
700	392
700	434
700	561
700	614
700	727
700	775
700	912
700	932
700	937
701	97
701	308
701	445
701	530
701	577
701	728
701	739
701	751
701	816
701	902
701	950
702	349
702	512
702	550
702	625
702	742
702	767
702	826
702	851
702	979
702	988
702	989
703	250
703	276
703	384
703	660
703	676
703	723
703	807
703	920
703	925
703	935
703	951
704	168
704	175
704	402
704	616
704	690
704	804
704	834
704	847
704	923
704	962
704	967
705	228
705	569
705	578
705	613
705	636
705	684
705	856
705	902
705	939
705	959
705	960
706	79
706	486
706	744
706	766
706	772
706	815
706	822
706	861
706	964
706	975
706	978
707	57
707	168
707	232
707	365
707	440
707	690
707	779
707	834
707	923
707	962
707	967
708	318
708	344
708	430
708	482
708	556
708	592
708	626
708	699
708	849
708	882
708	935
709	468
709	543
709	585
709	648
709	682
709	698
709	794
709	852
709	854
709	903
709	907
709	925
710	15
710	240
710	273
710	395
710	603
710	783
710	786
710	811
710	813
710	824
710	942
710	952
711	78
711	206
711	395
711	478
711	652
711	765
711	783
711	811
711	813
711	824
711	863
711	942
712	237
712	343
712	422
712	485
712	732
712	759
712	841
712	848
712	887
712	892
712	947
712	955
713	63
713	157
713	338
713	364
713	409
713	489
713	529
713	608
713	637
713	737
713	804
713	958
714	252
714	426
714	681
714	685
714	763
714	782
714	875
714	876
714	884
714	912
714	937
714	948
715	269
715	310
715	374
715	460
715	570
715	622
715	744
715	788
715	848
715	872
715	975
715	985
716	373
716	429
716	443
716	660
716	725
716	791
716	798
716	870
716	930
716	943
716	977
716	983
717	20
717	99
717	582
717	683
717	787
717	855
717	890
717	926
717	946
717	956
717	971
717	987
718	390
718	406
718	469
718	674
718	693
718	726
718	753
718	838
718	892
718	897
718	927
718	987
719	229
719	438
719	565
719	621
719	681
719	685
719	763
719	775
719	875
719	920
719	937
719	948
720	314
720	525
720	730
720	830
720	857
720	867
720	881
720	904
720	922
720	931
720	993
720	997
721	29
721	38
721	179
721	567
721	746
721	774
721	775
721	801
721	826
721	911
721	969
721	974
722	262
722	515
722	549
722	598
722	755
722	757
722	821
722	828
722	915
722	924
722	945
722	984
723	558
723	604
723	703
723	768
723	769
723	877
723	918
723	959
723	961
723	979
723	988
723	989
724	250
724	417
724	649
724	660
724	676
724	738
724	807
724	846
724	900
724	925
724	935
724	951
725	111
725	373
725	429
725	527
725	606
725	716
725	764
725	791
725	806
725	915
725	930
725	943
726	71
726	96
726	154
726	367
726	390
726	693
726	718
726	805
726	832
726	838
726	892
726	987
727	508
727	613
727	619
727	636
727	680
727	700
727	754
727	772
727	809
727	842
727	862
727	933
728	79
728	500
728	655
728	701
728	815
728	822
728	848
728	872
728	964
728	975
728	985
728	994
729	33
729	122
729	136
729	278
729	328
729	354
729	456
729	491
729	497
729	559
729	814
729	934
730	94
730	117
730	135
730	720
730	814
730	830
730	867
730	904
730	921
730	931
730	983
730	997
731	429
731	527
731	764
731	870
731	897
731	909
731	930
731	947
731	966
731	978
731	983
731	992
732	132
732	422
732	610
732	654
732	712
732	759
732	841
732	860
732	871
732	887
732	947
732	955
733	5
733	169
733	211
733	317
733	457
733	499
733	644
733	694
733	789
733	864
733	963
733	984
734	47
734	65
734	72
734	108
734	141
734	181
734	205
734	223
734	736
734	878
734	905
734	917
735	88
735	217
735	597
735	686
735	810
735	823
735	890
735	896
735	932
735	991
735	995
735	996
736	47
736	190
736	223
736	350
736	418
736	615
736	638
736	679
736	691
736	734
736	878
736	905
737	157
737	200
737	305
737	338
737	364
737	409
737	529
737	637
737	713
737	804
737	822
737	859
738	170
738	274
738	358
738	384
738	577
738	651
738	724
738	888
738	925
738	928
738	935
738	951
739	177
739	216
739	231
739	411
739	530
739	701
739	816
739	819
739	858
739	888
739	950
739	981
740	539
740	562
740	688
740	762
740	829
740	836
740	871
740	926
740	949
740	968
740	970
740	1000
741	149
741	275
741	378
741	382
741	515
741	555
741	627
741	755
741	757
741	915
741	920
741	924
742	293
742	557
742	625
742	702
742	767
742	819
742	850
742	949
742	961
742	979
742	988
742	989
743	49
743	319
743	350
743	428
743	537
743	553
743	571
743	692
743	754
743	793
743	940
743	952
744	332
744	374
744	383
744	447
744	570
744	706
744	715
744	822
744	872
744	886
744	964
744	975
745	92
745	139
745	173
745	437
745	465
745	524
745	534
745	587
745	657
745	773
745	913
745	962
746	7
746	423
746	433
746	599
746	603
746	721
746	774
746	801
746	858
746	910
746	969
746	974
747	233
747	322
747	522
747	658
747	684
747	772
747	797
747	900
747	928
747	933
747	959
747	990
748	196
748	291
748	340
748	410
748	429
748	584
748	590
748	820
748	827
748	886
748	908
748	954
749	20
749	142
749	642
749	683
749	804
749	844
749	855
749	890
749	944
749	946
749	956
749	971
750	95
750	135
750	199
750	264
750	503
750	576
750	611
750	641
750	651
750	669
750	697
750	777
751	76
751	242
751	397
751	594
751	630
751	701
751	800
751	859
751	888
751	902
751	950
751	981
752	164
752	180
752	401
752	453
752	487
752	564
752	624
752	687
752	790
752	817
752	879
752	941
752	965
753	96
753	212
753	400
753	406
753	420
753	484
753	718
753	838
753	841
753	845
753	892
753	927
753	987
754	290
754	531
754	727
754	743
754	797
754	842
754	900
754	915
754	928
754	933
754	939
754	959
754	990
755	75
755	213
755	249
755	415
755	549
755	559
755	601
755	722
755	741
755	808
755	915
755	920
755	924
756	16
756	516
756	537
756	571
756	767
756	776
756	780
756	793
756	836
756	850
756	861
756	940
756	952
757	341
757	458
757	598
757	601
757	627
757	722
757	741
757	821
757	915
757	920
757	924
757	945
757	998
758	127
758	389
758	528
758	580
758	589
758	645
758	781
758	833
758	893
758	936
758	953
758	970
758	989
759	27
759	422
759	485
759	610
759	712
759	732
759	788
759	841
759	860
759	887
759	892
759	947
759	955
760	48
760	56
760	123
760	538
760	552
760	636
760	658
760	772
760	818
760	900
760	928
760	933
760	960
761	70
761	301
761	349
761	438
761	557
761	814
761	836
761	850
761	922
761	940
761	952
761	993
761	997
762	403
762	432
762	562
762	574
762	593
762	740
762	829
762	853
762	926
762	949
762	968
762	998
762	1000
763	125
763	300
763	375
763	438
763	666
763	714
763	719
763	875
763	876
763	884
763	912
763	919
763	937
764	429
764	472
764	606
764	725
764	731
764	771
764	806
764	831
764	868
764	899
764	917
764	943
764	983
765	232
765	240
765	339
765	368
765	478
765	609
765	673
765	711
765	786
765	811
765	813
765	863
765	942
766	332
766	383
766	399
766	570
766	655
766	706
766	788
766	815
766	872
766	908
766	921
766	964
766	994
767	252
767	608
767	702
767	742
767	756
767	768
767	826
767	877
767	918
767	961
767	979
767	988
767	989
768	260
768	550
768	723
768	767
768	819
768	826
768	877
768	918
768	959
768	961
768	979
768	987
768	989
769	91
769	293
769	512
769	553
769	604
769	625
769	723
769	867
769	877
769	918
769	961
769	988
769	989
770	102
770	107
770	110
770	233
770	280
770	333
770	370
770	421
770	444
770	473
770	495
770	639
770	799
771	3
771	83
771	284
771	573
771	586
771	668
771	764
771	785
771	831
771	837
771	898
771	906
771	948
772	118
772	322
772	508
772	619
772	631
772	658
772	706
772	727
772	747
772	760
772	928
772	933
772	990
773	6
773	167
773	405
773	465
773	524
773	745
773	783
773	825
773	860
773	913
773	934
773	962
773	978
774	179
774	235
774	372
774	441
774	488
774	612
774	721
774	746
774	801
774	858
774	910
774	969
774	974
775	50
775	394
775	653
775	681
775	700
775	719
775	721
775	782
775	875
775	876
775	884
775	912
775	937
776	324
776	329
776	428
776	475
776	516
776	610
776	662
776	756
776	780
776	861
776	889
776	911
776	952
777	95
777	135
777	199
777	264
777	287
777	503
777	576
777	611
777	641
777	643
777	669
777	697
777	750
778	117
778	145
778	360
778	388
778	490
778	814
778	830
778	857
778	867
778	874
778	921
778	966
778	993
779	25
779	65
779	221
779	251
779	300
779	402
779	621
779	675
779	707
779	834
779	869
779	923
779	986
780	16
780	51
780	428
780	475
780	557
780	571
780	575
780	756
780	776
780	784
780	836
780	861
780	889
780	940
781	35
781	84
781	326
781	631
781	661
781	678
781	758
781	790
781	873
781	929
781	953
781	970
781	995
781	999
782	76
782	125
782	229
782	252
782	653
782	697
782	714
782	775
782	876
782	884
782	912
782	936
782	937
782	948
783	394
783	502
783	524
783	534
783	710
783	711
783	773
783	813
783	825
783	850
783	863
783	934
783	942
783	966
784	30
784	163
784	188
784	263
784	341
784	363
784	382
784	436
784	519
784	632
784	659
784	677
784	780
784	939
785	3
785	83
785	284
785	330
785	441
785	459
785	484
785	586
785	668
785	771
785	819
785	898
785	906
785	948
786	206
786	273
786	311
786	478
786	603
786	609
786	652
786	662
786	710
786	765
786	811
786	824
786	942
786	966
787	54
787	139
787	334
787	396
787	435
787	471
787	650
787	717
787	844
787	890
787	946
787	950
787	956
787	971
788	319
788	345
788	366
788	442
788	470
788	492
788	715
788	759
788	766
788	872
788	964
788	973
788	975
788	994
789	317
789	391
789	499
789	572
789	644
789	672
789	694
789	733
789	812
789	862
789	867
789	957
789	963
789	984
790	116
790	277
790	326
790	389
790	678
790	752
790	781
790	873
790	893
790	895
790	914
790	936
790	953
790	999
791	124
791	450
791	472
791	506
791	606
791	716
791	725
791	909
791	917
791	966
791	973
791	977
791	992
791	999
792	64
792	176
792	337
792	349
792	525
792	600
792	814
792	830
792	857
792	881
792	904
792	922
792	993
792	997
793	324
793	564
793	571
793	575
793	586
793	662
793	692
793	743
793	756
793	836
793	861
793	889
793	901
793	940
794	24
794	107
794	330
794	449
794	463
794	543
794	585
794	682
794	698
794	709
794	852
794	854
794	903
794	907
795	43
795	130
795	272
795	299
795	365
795	551
795	617
795	633
795	675
795	802
795	834
795	923
795	967
795	986
796	104
796	241
796	244
796	382
796	487
796	564
796	597
796	618
796	624
796	687
796	817
796	941
796	965
796	976
797	48
797	214
797	371
797	508
797	658
797	747
797	754
797	842
797	862
797	895
797	900
797	939
797	960
797	990
798	215
798	506
798	628
798	663
798	716
798	868
798	897
798	899
798	917
798	930
798	966
798	977
798	978
798	983
799	107
799	233
799	254
799	302
799	421
799	546
799	639
799	657
799	770
799	884
799	934
799	938
799	954
799	972
800	286
800	309
800	573
800	574
800	577
800	699
800	751
800	816
800	858
800	865
800	880
800	950
800	981
800	982
801	38
801	59
801	66
801	235
801	567
801	612
801	721
801	746
801	774
801	824
801	828
801	910
801	969
801	974
802	25
802	61
802	426
802	440
802	666
802	690
802	795
802	847
802	869
802	889
802	923
802	962
802	967
802	986
803	28
803	193
803	239
803	289
803	297
803	339
803	348
803	353
803	476
803	480
803	493
803	544
803	566
803	994
804	63
804	157
804	200
804	305
804	338
804	364
804	409
804	529
804	637
804	704
804	713
804	737
804	749
804	958
805	154
805	203
805	248
805	267
805	321
805	420
805	452
805	554
805	726
805	832
805	838
805	841
805	927
805	987
806	210
806	514
806	725
806	764
806	868
806	870
806	891
806	897
806	909
806	917
806	930
806	943
806	983
806	992
807	268
807	417
807	431
807	649
807	676
807	703
807	724
807	814
807	846
807	913
807	918
807	925
807	935
807	951
808	257
808	386
808	515
808	549
808	559
808	601
808	755
808	821
808	915
808	924
808	929
808	945
808	967
808	998
809	62
809	123
809	214
809	256
809	290
809	578
809	636
809	680
809	727
809	842
809	895
809	960
809	968
809	990
810	86
810	222
810	292
810	298
810	371
810	507
810	635
810	686
810	735
810	896
810	932
810	980
810	995
810	996
811	232
811	311
811	478
811	500
811	603
811	710
811	711
811	765
811	786
811	813
811	824
811	867
811	942
811	966
812	106
812	457
812	499
812	523
812	644
812	672
812	693
812	789
812	829
812	864
812	867
812	957
812	963
812	984
813	15
813	232
813	240
813	265
813	395
813	609
813	673
813	710
813	711
813	765
813	783
813	811
813	863
813	921
813	942
814	45
814	278
814	354
814	456
814	471
814	491
814	729
814	730
814	761
814	778
814	792
814	807
814	874
814	901
814	997
815	361
815	447
815	460
815	474
815	655
815	706
815	728
815	766
815	822
815	834
815	848
815	872
815	975
815	985
815	994
816	397
816	445
816	577
816	623
816	634
816	701
816	739
816	800
816	859
816	880
816	902
816	950
816	957
816	981
816	982
817	117
817	162
817	204
817	219
817	453
817	513
817	564
817	624
817	687
817	752
817	796
817	879
817	941
817	965
817	976
818	32
818	256
818	436
818	522
818	569
818	613
818	627
818	636
818	760
818	856
818	865
818	900
818	928
818	960
818	990
819	312
819	553
819	558
819	739
819	742
819	768
819	785
819	826
819	850
819	851
819	877
819	959
819	961
819	988
819	989
820	21
820	112
820	197
820	291
820	336
820	565
820	584
820	590
820	748
820	827
820	843
820	886
820	908
820	954
820	973
821	378
821	415
821	559
821	598
821	627
821	694
821	722
821	757
821	808
821	915
821	920
821	929
821	942
821	945
821	998
822	71
822	152
822	269
822	447
822	563
822	706
822	728
822	737
822	744
822	815
822	861
822	872
822	964
822	975
822	994
823	68
823	238
823	295
823	371
823	507
823	595
823	597
823	635
823	670
823	686
823	735
823	980
823	988
823	991
823	995
824	206
824	243
824	273
824	395
824	478
824	603
824	652
824	710
824	711
824	786
824	801
824	811
824	863
824	942
824	966
825	98
825	173
825	304
825	320
825	398
825	405
825	437
825	461
825	596
825	773
825	783
825	906
825	913
825	938
825	972
826	294
826	355
826	557
826	558
826	702
826	721
826	767
826	768
826	819
826	877
826	918
826	959
826	961
826	979
826	989
827	39
827	196
827	315
827	335
827	410
827	590
827	591
827	748
827	820
827	843
827	886
827	908
827	942
827	954
827	973
828	149
828	213
828	249
828	262
828	506
828	515
828	555
828	559
828	598
828	627
828	722
828	801
828	920
828	929
828	945
829	100
829	225
829	362
829	437
829	562
829	688
829	740
829	762
829	812
829	871
829	926
829	949
829	968
829	970
829	1000
830	168
830	337
830	388
830	490
830	647
830	720
830	730
830	778
830	792
830	874
830	881
830	901
830	921
830	931
830	997
831	253
831	663
831	668
831	764
831	771
831	837
831	870
831	898
831	906
831	909
831	930
831	943
831	948
831	978
831	994
832	4
832	96
832	136
832	236
832	282
832	367
832	390
832	406
832	674
832	726
832	805
832	838
832	914
832	927
832	987
833	35
833	580
833	589
833	631
833	661
833	758
833	872
833	873
833	893
833	895
833	914
833	936
833	953
833	961
833	999
834	183
834	286
834	365
834	440
834	513
834	621
834	704
834	707
834	779
834	795
834	815
834	847
834	869
834	962
834	986
835	195
835	281
835	323
835	325
835	467
835	509
835	664
835	839
835	840
835	866
835	885
835	891
835	916
835	919
835	955
836	16
836	306
836	377
836	535
836	537
836	586
836	634
836	692
836	740
836	756
836	761
836	780
836	793
836	889
836	952
837	3
837	17
837	212
837	230
837	284
837	316
837	484
837	566
837	600
837	668
837	771
837	831
837	898
837	906
837	991
838	23
838	96
838	202
838	203
838	279
838	282
838	321
838	367
838	551
838	718
838	726
838	753
838	805
838	832
838	845
838	927
839	90
839	176
839	234
839	246
839	318
839	413
839	466
839	469
839	558
839	664
839	835
839	840
839	885
839	891
839	916
839	919
840	126
840	195
840	281
840	323
840	404
840	466
840	467
840	509
840	664
840	835
840	839
840	866
840	885
840	891
840	916
840	919
841	248
841	267
841	285
841	352
841	469
841	508
841	712
841	732
841	753
841	759
841	805
841	927
841	947
841	955
841	977
841	987
842	13
842	75
842	113
842	331
842	522
842	569
842	680
842	727
842	754
842	797
842	809
842	856
842	900
842	933
842	960
842	990
843	21
843	39
843	112
843	359
843	410
843	565
843	584
843	591
843	607
843	820
843	827
843	886
843	908
843	954
843	958
843	973
844	12
844	20
844	331
844	356
844	464
844	566
844	582
844	642
844	749
844	787
844	855
844	890
844	894
844	946
844	956
844	971
845	23
845	154
845	236
845	248
845	279
845	400
845	451
845	489
845	674
845	693
845	753
845	838
845	892
845	908
845	956
845	987
846	44
846	93
846	250
846	253
846	268
846	276
846	431
846	660
846	676
846	724
846	807
846	913
846	925
846	935
846	951
846	973
847	183
847	251
847	412
847	426
847	544
847	599
847	616
847	646
847	675
847	704
847	802
847	834
847	869
847	962
847	967
847	986
848	152
848	345
848	415
848	492
848	563
848	570
848	655
848	712
848	715
848	728
848	815
848	861
848	973
848	975
848	985
848	994
849	14
849	318
849	344
849	399
849	414
849	430
849	462
849	482
849	556
849	592
849	640
849	656
849	699
849	708
849	882
849	927
850	347
850	377
850	516
850	550
850	575
850	625
850	742
850	756
850	761
850	783
850	819
850	940
850	961
850	979
850	988
850	989
851	68
851	153
851	252
851	293
851	355
851	604
851	625
851	702
851	819
851	877
851	918
851	959
851	961
851	983
851	988
851	989
852	140
852	330
852	449
852	463
852	468
852	543
852	585
852	648
852	682
852	698
852	709
852	794
852	854
852	903
852	907
852	956
853	34
853	62
853	150
853	496
853	539
853	562
853	593
853	688
853	762
853	926
853	949
853	965
853	968
853	970
853	998
853	1000
854	140
854	147
854	169
854	449
854	463
854	543
854	585
854	648
854	682
854	698
854	709
854	794
854	852
854	903
854	907
854	912
855	54
855	99
855	102
855	376
855	396
855	487
855	642
855	683
855	717
855	749
855	844
855	894
855	944
855	946
855	956
855	996
856	48
856	113
856	322
856	531
856	533
856	680
856	691
856	705
856	818
856	842
856	861
856	865
856	900
856	933
856	960
856	990
857	349
857	360
857	385
857	477
857	542
857	647
857	720
857	778
857	792
857	867
857	874
857	904
857	921
857	922
857	931
857	993
858	194
858	308
858	488
858	567
858	577
858	612
858	739
858	746
858	774
858	800
858	900
858	902
858	910
858	940
858	969
858	974
858	982
859	97
859	177
859	190
859	242
859	308
859	530
859	594
859	737
859	751
859	816
859	880
859	883
859	888
859	940
859	950
859	981
859	982
860	182
860	220
860	314
860	343
860	461
860	587
860	732
860	759
860	773
860	880
860	887
860	892
860	913
860	934
860	947
860	955
860	972
861	185
861	571
861	634
861	706
861	756
861	776
861	780
861	793
861	822
861	848
861	856
861	931
861	940
861	964
861	973
861	975
861	994
862	13
862	17
862	53
862	531
862	533
862	552
862	569
862	658
862	680
862	727
862	789
862	797
862	895
862	900
862	933
862	960
862	990
863	15
863	243
863	273
863	292
863	368
863	454
863	478
863	609
863	652
863	673
863	711
863	765
863	783
863	813
863	824
863	942
863	966
864	60
864	211
864	391
864	399
864	499
864	521
864	523
864	579
864	623
864	644
864	672
864	733
864	812
864	867
864	957
864	963
864	984
865	13
865	56
865	569
865	640
865	689
865	800
865	818
865	856
865	875
865	883
865	902
865	933
865	939
865	950
865	960
865	981
865	990
866	234
866	246
866	281
866	325
866	413
866	466
866	469
866	509
866	510
866	664
866	835
866	840
866	885
866	916
866	919
866	931
866	953
867	360
867	672
867	720
867	730
867	769
867	778
867	789
867	811
867	812
867	857
867	864
867	881
867	922
867	957
867	963
867	984
867	997
868	373
868	506
868	606
868	764
868	798
868	806
868	897
868	909
868	917
868	922
868	943
868	966
868	977
868	978
868	983
868	987
868	992
869	61
869	143
869	175
869	412
869	426
869	616
869	621
869	690
869	779
869	802
869	834
869	847
869	923
869	938
869	962
869	967
869	986
870	129
870	261
870	263
870	472
870	481
870	716
870	731
870	806
870	831
870	897
870	899
870	909
870	930
870	966
870	977
870	978
870	983
870	992
871	62
871	78
871	100
871	151
871	432
871	496
871	539
871	596
871	688
871	732
871	740
871	829
871	926
871	949
871	968
871	970
871	998
871	1000
872	227
872	269
872	492
872	500
872	563
872	622
872	715
872	728
872	744
872	766
872	788
872	815
872	822
872	833
872	964
872	973
872	982
872	985
873	210
873	277
873	404
873	520
873	538
873	586
873	589
873	631
873	665
873	678
873	781
873	790
873	833
873	914
873	936
873	953
873	970
873	999
874	64
874	165
874	360
874	455
874	518
874	525
874	647
874	778
874	814
874	830
874	857
874	881
874	904
874	921
874	931
874	981
874	993
874	997
875	50
875	80
875	151
875	270
875	375
875	394
875	666
875	714
875	719
875	763
875	775
875	865
875	876
875	884
875	912
875	937
875	948
875	975
876	76
876	80
876	105
876	137
876	140
876	151
876	270
876	394
876	522
876	565
876	653
876	714
876	763
876	775
876	782
876	875
876	912
876	937
877	224
877	260
877	288
877	296
877	312
877	348
877	558
877	723
877	767
877	768
877	769
877	819
877	826
877	851
877	918
877	961
877	988
877	989
878	47
878	72
878	73
878	108
878	141
878	181
878	205
878	223
878	265
878	418
878	615
878	679
878	690
878	691
878	734
878	736
878	905
878	928
879	55
879	171
879	204
879	244
879	310
879	376
879	401
879	453
879	483
879	487
879	513
879	618
879	653
879	752
879	817
879	941
879	966
879	976
880	4
880	40
880	134
880	146
880	194
880	573
880	623
880	630
880	689
880	800
880	816
880	859
880	860
880	883
880	888
880	950
880	981
880	982
881	26
881	70
881	145
881	380
881	411
881	490
881	520
881	629
881	720
881	792
881	830
881	867
881	874
881	921
881	922
881	931
881	993
881	997
882	14
882	64
882	108
882	318
882	344
882	414
882	430
882	482
882	556
882	583
882	592
882	626
882	640
882	656
882	696
882	699
882	708
882	849
883	41
883	44
883	190
883	351
883	397
883	540
883	573
883	594
883	623
883	657
883	689
883	859
883	865
883	880
883	888
883	902
883	950
883	981
884	80
884	105
884	137
884	229
884	303
884	307
884	375
884	394
884	565
884	681
884	685
884	714
884	763
884	775
884	782
884	799
884	875
884	912
884	937
885	195
885	234
885	246
885	323
885	325
885	409
885	413
885	466
885	469
885	509
885	510
885	835
885	839
885	840
885	866
885	891
885	916
885	919
885	938
886	112
886	222
886	291
886	315
886	335
886	340
886	408
886	563
886	565
886	584
886	591
886	744
886	748
886	820
886	827
886	843
886	908
886	954
886	973
887	27
887	33
887	132
887	285
887	314
887	343
887	352
887	357
887	422
887	485
887	654
887	712
887	732
887	759
887	860
887	892
887	946
887	947
887	955
888	41
888	177
888	297
888	309
888	397
888	540
888	541
888	574
888	594
888	630
888	738
888	739
888	751
888	859
888	880
888	883
888	950
888	981
888	982
889	49
889	306
889	319
889	329
889	347
889	428
889	475
889	535
889	571
889	662
889	692
889	776
889	780
889	793
889	802
889	836
889	911
889	940
889	952
890	131
890	139
890	142
890	342
890	356
890	435
890	487
890	582
890	683
890	717
890	735
890	749
890	787
890	844
890	894
890	924
890	944
890	956
890	971
891	90
891	126
891	195
891	234
891	246
891	281
891	323
891	413
891	432
891	466
891	509
891	510
891	806
891	835
891	839
891	840
891	885
891	916
891	919
892	21
892	182
892	282
892	402
892	420
892	489
892	610
892	654
892	712
892	718
892	726
892	753
892	759
892	845
892	860
892	887
892	947
892	955
892	987
893	127
893	350
893	389
893	446
893	520
893	580
893	589
893	631
893	645
893	665
893	758
893	790
893	833
893	895
893	935
893	936
893	953
893	970
893	999
894	1
894	57
894	114
894	121
894	198
894	219
894	331
894	356
894	393
894	439
894	607
894	671
894	844
894	855
894	890
894	923
894	944
894	946
894	956
895	123
895	228
895	322
895	578
895	580
895	645
895	790
895	797
895	809
895	833
895	862
895	893
895	914
895	934
895	936
895	944
895	959
895	960
895	970
896	8
896	19
896	46
896	292
896	548
896	581
896	588
896	597
896	605
896	622
896	670
896	689
896	735
896	810
896	932
896	980
896	991
896	995
896	996
897	111
897	192
897	504
897	506
897	514
897	628
897	718
897	731
897	798
897	806
897	868
897	870
897	909
897	910
897	917
897	930
897	977
897	978
897	992
898	3
898	17
898	44
898	212
898	230
898	284
898	298
898	316
898	377
898	441
898	459
898	566
898	668
898	771
898	785
898	831
898	837
898	906
898	948
899	158
899	443
899	450
899	472
899	606
899	764
899	798
899	870
899	909
899	917
899	930
899	943
899	961
899	966
899	977
899	978
899	983
899	992
899	994
900	32
900	113
900	228
900	322
900	508
900	658
900	724
900	747
900	754
900	760
900	797
900	818
900	842
900	856
900	858
900	862
900	928
900	960
900	990
901	195
901	290
901	360
901	428
901	513
901	518
901	575
901	634
901	793
901	814
901	830
901	904
901	911
901	921
901	922
901	940
901	952
901	993
901	997
902	4
902	41
902	146
902	286
902	351
902	540
902	573
902	623
902	639
902	701
902	705
902	751
902	816
902	858
902	865
902	883
902	950
902	981
902	982
903	24
903	140
903	147
903	169
903	330
903	449
903	463
903	468
903	536
903	543
903	585
903	630
903	648
903	682
903	698
903	709
903	794
903	852
903	854
903	907
904	26
904	222
904	268
904	349
904	385
904	388
904	411
904	518
904	519
904	600
904	629
904	720
904	730
904	792
904	857
904	874
904	901
904	921
904	922
904	993
905	47
905	72
905	73
905	108
905	141
905	181
905	205
905	223
905	265
905	350
905	418
905	453
905	483
905	615
905	638
905	679
905	691
905	734
905	736
905	878
906	3
906	17
906	83
906	230
906	284
906	316
906	441
906	451
906	459
906	484
906	566
906	600
906	668
906	771
906	785
906	825
906	831
906	837
906	898
906	948
907	24
907	140
907	147
907	169
907	247
907	330
907	449
907	463
907	468
907	543
907	585
907	648
907	682
907	698
907	709
907	794
907	852
907	854
907	903
907	910
908	8
908	39
908	196
908	197
908	315
908	335
908	340
908	359
908	408
908	410
908	590
908	748
908	766
908	820
908	827
908	843
908	845
908	886
908	954
908	973
909	283
909	450
909	479
909	504
909	585
909	663
909	731
909	791
909	806
909	831
909	868
909	870
909	897
909	899
909	917
909	943
909	977
909	978
909	983
909	993
910	7
910	29
910	59
910	66
910	179
910	212
910	266
910	372
910	433
910	567
910	612
910	746
910	774
910	801
910	858
910	897
910	907
910	911
910	969
910	974
911	38
911	51
911	59
911	301
911	372
911	433
911	475
911	503
911	599
911	662
911	721
911	776
911	889
911	901
911	910
911	940
911	943
911	952
911	969
911	974
912	80
912	105
912	229
912	252
912	303
912	423
912	480
912	653
912	681
912	700
912	714
912	763
912	775
912	782
912	854
912	875
912	876
912	884
912	937
912	948
913	92
913	196
913	304
913	417
913	431
913	502
913	649
913	676
913	745
913	773
913	807
913	825
913	846
913	860
913	925
913	928
913	935
913	938
913	951
913	972
914	116
914	223
914	277
914	404
914	446
914	538
914	580
914	589
914	631
914	661
914	678
914	790
914	832
914	833
914	873
914	895
914	936
914	953
914	970
914	999
915	18
915	174
915	378
915	415
915	458
915	515
915	547
915	601
915	722
915	725
915	741
915	754
915	755
915	757
915	808
915	821
915	924
915	929
915	945
915	998
916	22
916	90
916	133
916	234
916	239
916	246
916	281
916	323
916	325
916	413
916	466
916	510
916	664
916	835
916	839
916	840
916	866
916	885
916	891
916	919
917	207
917	261
917	271
917	427
917	472
917	481
917	734
917	764
917	791
917	798
917	806
917	868
917	897
917	899
917	909
917	930
917	977
917	978
917	983
917	992
918	312
918	355
918	381
918	550
918	604
918	608
918	625
918	648
918	723
918	767
918	768
918	769
918	807
918	826
918	851
918	877
918	961
918	979
918	988
918	989
919	90
919	133
919	246
919	281
919	325
919	413
919	466
919	467
919	509
919	510
919	595
919	664
919	763
919	835
919	839
919	840
919	866
919	885
919	891
919	916
920	18
920	149
920	213
920	257
920	262
920	386
920	458
920	547
920	555
920	703
920	719
920	741
920	755
920	757
920	821
920	828
920	924
920	929
920	945
920	998
921	85
921	380
921	385
921	388
921	518
921	647
921	730
921	766
921	778
921	813
921	830
921	857
921	874
921	881
921	901
921	904
921	922
921	931
921	941
921	993
921	997
922	85
922	191
922	337
922	416
922	490
922	518
922	629
922	647
922	720
922	761
922	792
922	857
922	867
922	868
922	881
922	901
922	904
922	921
922	933
922	993
922	997
923	25
923	40
923	65
923	143
923	251
923	365
923	426
923	448
923	513
923	599
923	675
923	704
923	707
923	779
923	795
923	802
923	869
923	894
923	967
923	986
923	998
924	2
924	18
924	122
924	249
924	378
924	516
924	555
924	601
924	615
924	627
924	722
924	741
924	755
924	757
924	808
924	890
924	915
924	920
924	929
924	945
924	998
925	48
925	93
925	125
925	145
925	250
925	253
925	276
925	417
925	431
925	649
925	660
925	676
925	703
925	709
925	724
925	738
925	807
925	846
925	913
925	935
925	951
926	327
926	362
926	403
926	432
926	496
926	539
926	593
926	596
926	688
926	717
926	740
926	762
926	829
926	853
926	871
926	949
926	968
926	970
926	982
926	998
926	1000
927	23
927	119
927	236
927	248
927	267
927	321
927	346
927	390
927	400
927	406
927	489
927	611
927	693
927	718
927	753
927	805
927	832
927	838
927	841
927	849
927	987
928	32
928	113
928	228
928	256
928	322
928	508
928	533
928	578
928	684
928	738
928	747
928	754
928	760
928	772
928	818
928	878
928	900
928	913
928	933
928	939
928	990
929	2
929	122
929	149
929	174
929	257
929	386
929	515
929	547
929	559
929	598
929	601
929	627
929	781
929	808
929	821
929	828
929	915
929	920
929	924
929	945
929	972
929	998
930	283
930	443
930	479
930	527
930	716
930	725
930	731
930	798
930	806
930	831
930	870
930	897
930	899
930	917
930	943
930	966
930	974
930	977
930	978
930	983
930	990
930	992
931	85
931	337
931	349
931	380
931	388
931	455
931	477
931	511
931	525
931	629
931	647
931	720
931	730
931	830
931	857
931	861
931	866
931	874
931	881
931	921
931	993
931	997
932	67
932	86
932	95
932	238
932	292
932	294
932	295
932	298
932	311
932	494
932	511
932	597
932	605
932	635
932	670
932	686
932	700
932	735
932	810
932	896
932	995
932	996
933	53
933	75
933	249
933	508
933	522
933	619
933	680
933	684
933	727
933	747
933	754
933	760
933	772
933	842
933	856
933	862
933	865
933	922
933	928
933	959
933	960
933	990
934	92
934	167
934	173
934	259
934	302
934	320
934	327
934	398
934	437
934	465
934	524
934	534
934	587
934	729
934	773
934	783
934	799
934	860
934	895
934	938
934	948
934	972
935	93
935	250
935	253
935	268
935	276
935	384
935	417
935	431
935	649
935	660
935	676
935	703
935	708
935	724
935	738
935	807
935	846
935	893
935	913
935	925
935	951
935	990
936	153
936	389
936	446
936	520
936	528
936	589
936	631
936	661
936	665
936	678
936	758
936	782
936	790
936	833
936	873
936	893
936	895
936	914
936	946
936	953
936	970
936	999
937	33
937	80
937	105
937	137
937	307
937	438
937	444
937	653
937	666
937	685
937	696
937	700
937	714
937	719
937	763
937	775
937	782
937	875
937	876
937	884
937	912
937	948
938	6
938	28
938	73
938	138
938	173
938	220
938	271
938	302
938	405
938	461
938	465
938	534
938	546
938	606
938	691
938	799
938	825
938	869
938	885
938	913
938	934
938	972
939	30
939	118
939	126
939	188
939	214
939	263
939	341
939	436
939	533
939	538
939	572
939	632
939	659
939	677
939	705
939	754
939	784
939	797
939	865
939	928
939	959
939	990
939	996
940	49
940	51
940	144
940	428
940	475
940	535
940	571
940	634
940	662
940	692
940	743
940	756
940	761
940	780
940	793
940	850
940	858
940	859
940	861
940	889
940	901
940	911
940	952
941	55
941	104
941	162
941	164
941	171
941	241
941	303
941	310
941	376
941	453
941	483
941	564
941	618
941	624
941	687
941	752
941	796
941	817
941	879
941	921
941	965
941	976
941	991
942	15
942	126
942	232
942	240
942	243
942	311
942	395
942	478
942	609
942	652
942	673
942	710
942	711
942	765
942	783
942	786
942	811
942	813
942	821
942	824
942	827
942	863
942	966
943	172
943	412
943	429
943	450
943	504
943	514
943	602
943	628
943	716
943	725
943	764
943	806
943	831
943	868
943	899
943	909
943	911
943	930
943	966
943	977
943	978
943	983
943	992
944	12
944	99
944	139
944	142
944	331
944	356
944	387
944	464
944	467
944	486
944	579
944	582
944	642
944	650
944	683
944	749
944	855
944	890
944	894
944	895
944	946
944	956
944	971
945	2
945	18
945	149
945	174
945	257
945	275
945	287
945	496
945	547
945	549
945	559
945	598
945	601
945	722
945	757
945	808
945	821
945	828
945	915
945	920
945	924
945	929
945	998
946	12
946	102
946	131
946	331
946	334
946	342
946	387
946	464
946	471
946	582
946	642
946	650
946	683
946	717
946	749
946	787
946	844
946	855
946	887
946	894
946	936
946	944
946	971
947	27
947	79
947	132
947	182
947	237
947	285
947	314
947	343
947	352
947	357
947	416
947	452
947	485
947	610
947	654
947	712
947	731
947	732
947	759
947	841
947	860
947	887
947	892
947	955
948	17
948	50
948	151
948	230
948	235
948	316
948	375
948	459
948	518
948	586
948	668
948	681
948	714
948	719
948	771
948	782
948	785
948	831
948	875
948	898
948	906
948	912
948	934
948	937
949	72
949	78
949	100
949	150
949	362
949	403
949	432
949	467
949	539
949	562
949	593
949	596
949	688
949	740
949	742
949	762
949	829
949	853
949	871
949	926
949	968
949	970
949	998
949	1000
950	56
950	130
950	134
950	176
950	309
950	541
950	573
950	574
950	623
950	630
950	701
950	739
950	751
950	787
950	800
950	816
950	859
950	865
950	880
950	883
950	888
950	902
950	981
950	982
951	12
951	44
951	48
951	93
951	145
951	250
951	253
951	268
951	276
951	384
951	417
951	431
951	649
951	660
951	676
951	703
951	724
951	738
951	807
951	846
951	913
951	925
951	935
951	964
952	49
952	51
952	128
952	301
952	306
952	350
952	377
952	475
952	516
952	535
952	537
952	571
952	614
952	692
952	710
952	743
952	756
952	761
952	776
952	836
952	889
952	901
952	911
952	940
953	35
953	116
953	326
953	364
953	389
953	446
953	461
953	520
953	528
953	538
953	631
953	661
953	665
953	678
953	758
953	781
953	790
953	833
953	866
953	873
953	893
953	914
953	936
953	999
954	8
954	21
954	34
954	39
954	112
954	196
954	197
954	222
954	335
954	340
954	359
954	408
954	410
954	565
954	590
954	591
954	748
954	799
954	820
954	827
954	843
954	886
954	908
954	973
955	132
955	182
955	203
955	237
955	285
955	314
955	343
955	352
955	357
955	416
955	422
955	452
955	485
955	610
955	654
955	712
955	732
955	759
955	835
955	841
955	860
955	887
955	892
955	947
956	12
956	102
956	142
956	334
956	342
956	387
956	396
956	435
956	464
956	471
956	487
956	642
956	650
956	668
956	717
956	749
956	787
956	844
956	845
956	852
956	855
956	890
956	894
956	944
956	971
957	5
957	47
957	60
957	89
957	106
957	115
957	155
957	211
957	317
957	391
957	399
957	457
957	499
957	521
957	523
957	644
957	672
957	694
957	789
957	812
957	816
957	864
957	867
957	963
957	984
958	63
958	101
958	109
958	157
958	272
958	305
958	313
958	324
958	338
958	364
958	366
958	379
958	409
958	424
958	425
958	481
958	498
958	505
958	529
958	608
958	633
958	637
958	713
958	804
958	843
959	32
959	68
959	100
959	312
959	381
959	522
959	578
959	608
959	658
959	705
959	723
959	747
959	754
959	768
959	819
959	826
959	851
959	895
959	933
959	939
959	960
959	968
959	979
959	989
959	990
960	75
960	123
960	158
960	214
960	226
960	290
960	531
960	533
960	578
960	680
960	684
960	705
960	760
960	797
960	809
960	818
960	842
960	856
960	862
960	865
960	895
960	900
960	933
960	959
960	990
961	91
961	260
961	293
961	296
961	381
961	512
961	550
961	558
961	604
961	608
961	723
961	742
961	767
961	768
961	769
961	819
961	826
961	833
961	850
961	851
961	877
961	899
961	918
961	988
961	989
962	28
962	226
962	302
962	304
962	405
962	422
962	502
962	546
962	587
962	598
962	616
962	621
962	675
962	691
962	704
962	707
962	745
962	773
962	802
962	834
962	847
962	869
962	967
962	972
962	986
963	5
963	60
963	89
963	106
963	115
963	155
963	211
963	317
963	391
963	457
963	494
963	521
963	523
963	572
963	600
963	644
963	672
963	694
963	733
963	789
963	812
963	864
963	867
963	957
963	984
963	989
964	71
964	82
964	269
964	345
964	353
964	361
964	366
964	369
964	374
964	383
964	435
964	474
964	655
964	706
964	728
964	744
964	766
964	788
964	822
964	861
964	872
964	951
964	969
964	975
964	985
964	994
965	104
965	162
965	164
965	171
965	204
965	241
965	244
965	303
965	310
965	376
965	382
965	401
965	452
965	453
965	483
965	487
965	571
965	618
965	624
965	687
965	752
965	796
965	817
965	853
965	941
965	976
966	124
966	206
966	207
966	273
966	368
966	383
966	603
966	652
966	673
966	731
966	778
966	783
966	786
966	791
966	798
966	811
966	824
966	863
966	868
966	870
966	879
966	899
966	930
966	942
966	943
966	978
967	40
967	57
967	65
967	143
967	175
967	183
967	295
967	300
967	365
967	402
967	412
967	426
967	440
967	599
967	616
967	690
967	704
967	707
967	795
967	802
967	808
967	847
967	869
967	923
967	962
967	986
968	34
968	62
968	78
968	150
968	225
968	362
968	403
968	432
968	467
968	496
968	562
968	593
968	596
968	688
968	740
968	762
968	809
968	829
968	853
968	871
968	926
968	949
968	959
968	970
968	998
968	1000
969	7
969	29
969	38
969	59
969	66
969	179
969	212
969	235
969	266
969	372
969	423
969	433
969	488
969	567
969	599
969	612
969	721
969	746
969	774
969	801
969	858
969	910
969	911
969	964
969	974
969	981
970	69
970	225
970	277
970	403
970	528
970	631
970	665
970	686
970	688
970	740
970	758
970	781
970	829
970	853
970	871
970	873
970	893
970	895
970	914
970	926
970	936
970	949
970	968
970	998
970	999
970	1000
971	20
971	54
971	102
971	139
971	176
971	331
971	334
971	342
971	356
971	387
971	396
971	435
971	470
971	487
971	556
971	579
971	582
971	650
971	683
971	717
971	749
971	787
971	844
971	890
971	944
971	946
971	956
972	6
972	98
972	138
972	167
972	226
972	259
972	271
972	302
972	304
972	327
972	398
972	437
972	461
972	462
972	465
972	502
972	534
972	546
972	587
972	799
972	825
972	860
972	913
972	929
972	934
972	938
972	962
973	21
973	197
973	335
973	369
973	442
973	468
973	470
973	474
973	570
973	584
973	590
973	591
973	655
973	788
973	791
973	820
973	827
973	843
973	846
973	848
973	861
973	872
973	886
973	908
973	954
973	975
973	985
974	7
974	29
974	38
974	59
974	66
974	179
974	212
974	235
974	266
974	372
974	423
974	433
974	488
974	567
974	599
974	612
974	624
974	721
974	746
974	774
974	801
974	858
974	910
974	911
974	930
974	969
974	988
975	71
975	152
975	185
975	227
975	308
975	332
975	369
975	383
975	442
975	460
975	492
975	622
975	684
975	706
975	715
975	728
975	744
975	788
975	815
975	822
975	848
975	861
975	875
975	964
975	973
975	985
975	994
976	9
976	11
976	31
976	81
976	103
976	160
976	162
976	164
976	166
976	184
976	208
976	225
976	244
976	382
976	401
976	564
976	568
976	604
976	611
976	620
976	643
976	687
976	796
976	817
976	879
976	941
976	965
977	87
977	111
977	172
977	261
977	427
977	479
977	481
977	504
977	527
977	552
977	612
977	628
977	716
977	791
977	798
977	841
977	868
977	870
977	897
977	899
977	909
977	917
977	930
977	943
977	978
977	983
977	992
978	207
978	261
978	338
978	443
978	479
978	506
978	514
978	527
978	628
978	663
978	706
978	731
978	773
978	798
978	831
978	868
978	870
978	897
978	899
978	909
978	917
978	930
978	943
978	966
978	977
978	983
978	992
979	68
979	91
979	127
979	202
979	260
979	293
979	294
979	296
979	312
979	355
979	372
979	381
979	512
979	550
979	553
979	604
979	702
979	723
979	742
979	767
979	768
979	826
979	850
979	918
979	959
979	988
979	989
980	19
980	88
980	217
980	238
980	245
980	247
980	292
980	336
980	371
980	427
980	494
980	511
980	548
980	581
980	588
980	595
980	605
980	635
980	670
980	685
980	686
980	810
980	823
980	896
980	991
980	995
980	996
981	56
981	146
981	216
981	286
981	309
981	351
981	445
981	530
981	540
981	573
981	594
981	623
981	630
981	739
981	751
981	800
981	816
981	859
981	865
981	874
981	880
981	883
981	888
981	902
981	950
981	969
981	982
982	56
982	130
982	134
982	216
982	286
982	309
982	445
982	530
982	540
982	541
982	573
982	574
982	594
982	623
982	630
982	800
982	816
982	858
982	859
982	872
982	880
982	888
982	902
982	926
982	950
982	981
982	993
983	87
983	124
983	210
983	373
983	443
983	481
983	514
983	527
983	552
983	638
983	663
983	716
983	730
983	731
983	764
983	798
983	806
983	851
983	868
983	870
983	899
983	909
983	917
983	930
983	943
983	977
983	978
984	5
984	60
984	89
984	106
984	115
984	155
984	211
984	242
984	317
984	378
984	391
984	399
984	457
984	499
984	521
984	523
984	572
984	644
984	672
984	694
984	722
984	733
984	789
984	812
984	864
984	867
984	957
984	963
985	71
985	82
985	185
985	227
985	325
985	332
985	345
985	353
985	361
985	374
985	442
985	458
985	460
985	486
985	492
985	500
985	507
985	622
985	655
985	715
985	728
985	815
985	848
985	872
985	964
985	973
985	975
985	994
986	40
986	57
986	61
986	65
986	88
986	168
986	175
986	183
986	251
986	300
986	317
986	402
986	412
986	440
986	448
986	616
986	621
986	675
986	690
986	779
986	795
986	802
986	834
986	847
986	869
986	923
986	962
986	967
987	4
987	119
987	136
987	267
987	279
987	321
987	346
987	390
987	420
987	451
987	469
987	484
987	489
987	579
987	674
987	693
987	717
987	718
987	726
987	753
987	768
987	805
987	832
987	841
987	845
987	868
987	892
987	927
988	68
988	153
988	224
988	252
988	293
988	355
988	512
988	553
988	557
988	558
988	604
988	620
988	625
988	702
988	723
988	742
988	767
988	769
988	819
988	823
988	850
988	851
988	877
988	918
988	961
988	974
988	979
988	989
989	91
989	224
989	294
989	296
989	355
989	381
989	558
989	604
989	625
989	644
989	702
989	723
989	742
989	758
989	767
989	768
989	769
989	819
989	826
989	850
989	851
989	877
989	918
989	959
989	961
989	963
989	979
989	988
990	53
990	193
990	228
990	531
990	538
990	552
990	569
990	636
990	673
990	680
990	684
990	747
990	754
990	772
990	797
990	809
990	818
990	842
990	856
990	862
990	865
990	900
990	928
990	930
990	933
990	935
990	939
990	959
990	960
991	19
991	67
991	88
991	95
991	217
991	245
991	247
991	288
991	295
991	298
991	336
991	371
991	494
991	507
991	531
991	548
991	595
991	605
991	635
991	670
991	686
991	735
991	823
991	837
991	896
991	941
991	980
991	995
991	996
992	87
992	124
992	158
992	207
992	210
992	261
992	427
992	429
992	450
992	481
992	514
992	540
992	552
992	628
992	663
992	675
992	731
992	791
992	806
992	868
992	870
992	897
992	899
992	917
992	930
992	943
992	977
992	978
992	995
993	26
993	64
993	70
993	85
993	145
993	165
993	385
993	388
993	477
993	518
993	525
993	600
993	647
993	656
993	720
993	761
993	778
993	792
993	857
993	874
993	881
993	901
993	904
993	909
993	921
993	922
993	931
993	982
993	997
994	79
994	82
994	227
994	332
994	345
994	353
994	361
994	369
994	374
994	447
994	460
994	470
994	563
994	570
994	622
994	655
994	728
994	766
994	788
994	803
994	815
994	822
994	831
994	848
994	861
994	899
994	964
994	975
994	985
995	46
995	86
995	180
995	217
995	245
995	247
995	288
995	292
995	371
995	507
995	511
995	548
995	581
995	588
995	595
995	597
995	635
995	670
995	689
995	735
995	781
995	810
995	823
995	896
995	932
995	980
995	991
995	992
995	996
996	19
996	67
996	86
996	138
996	190
996	217
996	238
996	245
996	247
996	288
996	294
996	295
996	336
996	371
996	494
996	497
996	511
996	581
996	595
996	605
996	689
996	735
996	810
996	855
996	896
996	932
996	939
996	980
996	991
996	995
997	1
997	64
997	70
997	94
997	165
997	337
997	380
997	385
997	411
997	416
997	477
997	509
997	525
997	600
997	629
997	682
997	720
997	730
997	761
997	792
997	814
997	830
997	867
997	874
997	881
997	901
997	921
997	922
997	931
997	993
998	98
998	174
998	213
998	225
998	337
998	378
998	386
998	458
998	496
998	539
998	570
998	598
998	688
998	757
998	762
998	808
998	821
998	853
998	871
998	915
998	920
998	923
998	924
998	926
998	929
998	945
998	949
998	968
998	970
998	1000
999	35
999	84
999	116
999	127
999	153
999	277
999	326
999	387
999	389
999	404
999	469
999	520
999	528
999	580
999	589
999	631
999	645
999	661
999	665
999	678
999	781
999	790
999	791
999	833
999	873
999	893
999	914
999	936
999	953
999	970
1000	34
1000	62
1000	78
1000	98
1000	100
1000	130
1000	150
1000	225
1000	327
1000	362
1000	403
1000	432
1000	467
1000	496
1000	501
1000	539
1000	562
1000	575
1000	593
1000	596
1000	740
1000	762
1000	829
1000	853
1000	871
1000	926
1000	949
1000	968
1000	970
1000	998
