1	75
1	121
1	432
1	709
1	717
1	778
2	485
2	933
2	946
2	951
2	981
2	983
3	161
3	351
3	493
3	687
3	733
3	812
4	105
4	862
4	886
4	896
4	955
4	974
5	396
5	755
5	772
5	810
5	971
5	999
6	699
6	765
6	802
6	813
6	856
6	913
7	557
7	874
7	905
7	961
7	965
7	989
8	420
8	855
8	878
8	899
8	986
8	990
9	286
9	308
9	616
9	745
9	766
9	837
10	50
10	315
10	348
10	814
10	819
10	982
11	162
11	172
11	311
11	737
11	804
11	971
12	235
12	371
12	454
12	510
12	536
12	629
13	318
13	363
13	383
13	456
13	843
13	955
14	222
14	435
14	458
14	555
14	608
14	848
15	222
15	290
15	435
15	458
15	555
15	732
16	133
16	230
16	763
16	811
16	866
16	931
17	698
17	713
17	795
17	831
17	892
17	965
18	535
18	637
18	776
18	799
18	945
18	987
19	782
19	872
19	874
19	962
19	973
19	978
20	397
20	667
20	726
20	760
20	769
20	956
21	612
21	687
21	729
21	900
21	940
21	953
22	487
22	514
22	526
22	688
22	864
22	987
23	165
23	272
23	410
23	876
23	915
23	979
24	495
24	759
24	836
24	900
24	922
24	949
25	612
25	736
25	905
25	929
25	961
25	970
26	622
26	690
26	880
26	914
26	920
26	948
27	680
27	835
27	927
27	928
27	956
27	972
28	271
28	647
28	671
28	679
28	753
28	989
29	543
29	821
29	822
29	886
29	955
29	974
30	195
30	933
30	946
30	951
30	981
30	983
31	723
31	833
31	879
31	902
31	916
31	932
32	720
32	747
32	957
32	967
32	977
32	982
33	462
33	765
33	768
33	780
33	856
33	913
34	130
34	383
34	862
34	896
34	955
34	969
35	262
35	485
35	771
35	786
35	830
35	999
36	220
36	241
36	249
36	411
36	437
36	594
37	541
37	598
37	873
37	957
37	979
37	983
38	76
38	663
38	754
38	852
38	893
38	925
39	146
39	214
39	788
39	804
39	930
39	997
40	527
40	729
40	823
40	940
40	947
40	953
41	150
41	537
41	876
41	915
41	939
41	977
42	757
42	832
42	833
42	879
42	902
42	916
43	521
43	823
43	858
43	940
43	947
43	953
44	275
44	285
44	379
44	431
44	503
44	831
45	220
45	437
45	473
45	530
45	594
45	716
46	352
46	468
46	549
46	748
46	785
46	868
47	603
47	712
47	783
47	903
47	919
47	976
48	147
48	284
48	418
48	439
48	634
48	993
49	716
49	783
49	807
49	825
49	908
49	993
50	10
50	67
50	158
50	814
50	822
50	982
51	539
51	566
51	667
51	726
51	760
51	769
52	857
52	869
52	873
52	883
52	897
52	917
53	259
53	739
53	882
53	944
53	995
53	996
54	237
54	671
54	700
54	789
54	954
54	978
55	107
55	683
55	757
55	879
55	916
55	932
56	58
56	130
56	501
56	687
56	761
56	997
57	272
57	478
57	737
57	871
57	911
57	971
58	56
58	189
58	523
58	708
58	806
58	838
59	735
59	803
59	852
59	893
59	925
59	980
60	247
60	552
60	854
60	880
60	948
60	992
61	216
61	330
61	840
61	843
61	885
61	943
62	734
62	834
62	835
62	928
62	942
62	985
63	461
63	857
63	883
63	897
63	917
63	939
64	236
64	562
64	676
64	862
64	898
64	955
65	198
65	531
65	693
65	705
65	825
65	855
66	96
66	452
66	693
66	705
66	963
66	1000
67	50
67	381
67	545
67	730
67	814
67	822
68	148
68	337
68	463
68	586
68	623
68	697
69	404
69	477
69	632
69	756
69	789
69	989
70	401
70	475
70	573
70	880
70	914
70	948
71	221
71	299
71	718
71	722
71	838
71	846
72	661
72	767
72	869
72	883
72	897
72	917
73	133
73	374
73	489
73	624
73	671
73	978
74	832
74	833
74	879
74	902
74	916
74	932
75	1
75	502
75	618
75	709
75	778
75	826
76	38
76	297
76	854
76	880
76	948
76	992
77	432
77	506
77	658
77	709
77	717
77	754
78	573
78	690
78	880
78	914
78	920
78	992
79	177
79	273
79	430
79	702
79	792
79	878
80	282
80	639
80	759
80	922
80	949
80	984
81	142
81	649
81	669
81	733
81	807
81	825
82	532
82	754
82	803
82	861
82	925
82	967
83	416
83	591
83	599
83	646
83	785
83	868
84	527
84	794
84	858
84	906
84	937
84	953
85	120
85	428
85	596
85	705
85	850
85	975
86	834
86	934
86	942
86	959
86	972
86	988
87	92
87	153
87	493
87	501
87	682
87	733
88	184
88	328
88	410
88	554
88	566
88	991
89	338
89	675
89	719
89	927
89	934
89	987
90	851
90	865
90	870
90	901
90	926
90	991
91	170
91	436
91	658
91	709
91	717
91	778
92	87
92	344
92	493
92	612
92	733
92	861
93	132
93	299
93	339
93	613
93	828
93	984
94	659
94	800
94	906
94	940
94	947
94	953
95	105
95	586
95	809
95	862
95	918
95	974
96	66
96	356
96	827
96	877
96	954
96	960
97	161
97	706
97	923
97	950
97	963
97	980
98	392
98	724
98	751
98	864
98	907
98	988
99	187
99	204
99	284
99	380
99	418
99	634
100	805
100	870
100	881
100	901
100	926
100	991
101	314
101	611
101	650
101	857
101	897
101	936
102	409
102	803
102	852
102	861
102	893
102	925
103	505
103	723
103	731
103	902
103	916
103	932
104	309
104	416
104	640
104	748
104	785
104	868
105	4
105	95
105	347
105	896
105	898
105	955
106	623
106	697
106	834
106	946
106	981
106	983
107	55
107	430
107	752
107	837
107	841
107	855
108	220
108	359
108	437
108	473
108	530
108	594
109	165
109	281
109	915
109	939
109	957
109	977
110	157
110	475
110	496
110	791
110	848
110	979
111	621
111	683
111	884
111	938
111	943
111	976
112	327
112	457
112	554
112	566
112	991
113	561
113	723
113	757
113	832
113	902
113	932
114	181
114	668
114	759
114	775
114	900
114	922
115	223
115	382
115	508
115	689
115	702
115	986
116	409
116	442
116	512
116	587
116	708
116	797
117	190
117	200
117	689
117	792
117	837
117	855
118	665
118	836
118	849
118	921
118	950
118	960
119	894
119	931
119	933
119	951
119	981
119	983
120	85
120	395
120	816
120	862
120	975
120	994
121	1
121	546
121	548
121	765
121	813
121	910
122	377
122	545
122	730
122	822
122	972
122	982
123	684
123	691
123	754
123	861
123	893
123	925
124	212
124	337
124	460
124	623
124	697
124	819
125	781
125	884
125	903
125	909
125	938
125	976
126	583
126	593
126	789
126	837
126	874
126	989
127	494
127	528
127	614
127	618
127	939
127	957
128	834
128	927
128	928
128	935
128	968
128	972
129	310
129	371
129	423
129	510
129	526
129	604
130	34
130	56
130	806
130	815
130	846
130	853
131	444
131	657
131	851
131	881
131	901
131	926
132	93
132	170
132	536
132	838
132	846
132	984
133	16
133	73
133	254
133	364
133	426
133	681
134	287
134	759
134	836
134	900
134	922
134	949
135	174
135	836
135	850
135	900
135	922
135	949
136	314
136	320
136	637
136	799
136	913
136	945
137	491
137	835
137	928
137	934
137	942
137	968
138	762
138	829
138	895
138	932
138	937
138	961
139	248
139	298
139	803
139	852
139	861
139	925
140	459
140	627
140	797
140	870
140	881
140	926
141	246
141	521
141	874
141	935
141	962
141	964
142	81
142	199
142	531
142	693
142	783
142	807
143	474
143	620
143	780
143	802
143	908
143	910
144	456
144	821
144	886
144	896
144	898
144	969
145	767
145	857
145	869
145	883
145	897
145	917
146	39
146	806
146	815
146	846
146	984
146	997
147	48
147	329
147	369
147	418
147	439
147	634
148	68
148	212
148	256
148	592
148	623
148	697
149	539
149	576
149	726
149	760
149	769
149	839
150	41
150	614
150	915
150	939
150	957
150	979
151	615
151	696
151	807
151	817
151	952
151	999
152	472
152	606
152	771
152	786
152	952
152	999
153	87
153	265
153	791
153	848
153	876
153	977
154	304
154	648
154	763
154	811
154	866
154	931
155	330
155	795
155	840
155	899
155	943
155	963
156	414
156	773
156	841
156	855
156	986
156	990
157	110
157	481
157	541
157	876
157	891
157	979
158	50
158	175
158	315
158	329
158	381
158	730
159	692
159	749
159	820
159	845
159	918
159	966
160	188
160	397
160	667
160	726
160	760
160	769
161	3
161	97
161	493
161	501
161	612
161	733
162	11
162	378
162	871
162	911
162	971
162	996
163	257
163	347
163	777
163	809
163	862
163	969
164	435
164	458
164	482
164	555
164	981
164	983
165	23
165	109
165	618
165	778
165	915
165	977
166	427
166	663
166	735
166	906
166	925
166	940
167	492
167	749
167	820
167	859
167	875
167	999
168	338
168	514
168	526
168	556
168	719
168	987
169	414
169	731
169	832
169	833
169	902
169	932
170	91
170	132
170	498
170	722
170	838
170	842
171	711
171	789
171	848
171	939
171	977
171	979
172	11
172	755
172	810
172	871
172	911
172	971
173	339
173	613
173	808
173	842
173	853
173	984
174	135
174	434
174	900
174	922
174	949
174	1000
175	158
175	381
175	730
175	756
175	814
175	967
176	352
176	794
176	884
176	906
176	941
176	947
177	79
177	382
177	702
177	745
177	752
177	986
178	521
178	647
178	700
178	935
178	954
178	989
179	675
179	737
179	810
179	945
179	964
179	971
180	580
180	863
180	882
180	938
180	976
180	993
181	114
181	320
181	639
181	900
181	949
181	950
182	345
182	508
182	784
182	978
182	986
182	990
183	640
183	646
183	748
183	785
183	868
183	877
184	88
184	328
184	353
184	457
184	969
184	991
185	229
185	539
185	576
185	726
185	760
185	769
186	243
186	529
186	591
186	785
186	803
186	868
187	99
187	204
187	266
187	369
187	418
187	634
188	160
188	576
188	667
188	726
188	760
188	769
189	58
189	433
189	512
189	587
189	704
189	708
190	117
190	520
190	699
190	784
190	888
190	990
191	674
191	818
191	872
191	944
191	973
191	995
192	724
192	751
192	816
192	864
192	907
192	988
193	805
193	865
193	870
193	901
193	910
193	936
194	848
194	876
194	915
194	939
194	957
194	979
195	30
195	770
195	944
195	973
195	995
195	996
196	252
196	454
196	536
196	604
196	629
196	727
197	415
197	927
197	928
197	934
197	968
197	985
198	65
198	331
198	559
198	693
198	819
198	825
199	142
199	294
199	443
199	705
199	807
199	825
200	117
200	400
200	420
200	773
200	841
200	959
201	340
201	394
201	633
201	734
201	854
201	880
201	948
202	337
202	460
202	463
202	606
202	623
202	654
202	697
203	750
203	779
203	787
203	927
203	934
203	942
203	968
204	99
204	187
204	266
204	284
204	439
204	634
204	853
205	240
205	250
205	308
205	465
205	483
205	509
205	669
206	251
206	829
206	835
206	892
206	937
206	965
206	970
207	325
207	611
207	778
207	869
207	883
207	897
207	917
208	389
208	440
208	485
208	617
208	952
208	976
208	993
209	469
209	542
209	795
209	843
209	927
209	968
209	985
210	540
210	742
210	797
210	805
210	851
210	870
210	926
211	549
211	584
211	630
211	640
211	736
211	868
211	937
212	124
212	148
212	256
212	337
212	467
212	623
212	697
213	366
213	382
213	702
213	752
213	773
213	979
213	990
214	39
214	721
214	725
214	788
214	930
214	984
214	997
215	499
215	546
215	637
215	776
215	799
215	913
215	945
216	61
216	469
216	522
216	795
216	840
216	843
216	943
217	585
217	767
217	815
217	857
217	883
217	897
217	917
218	736
218	758
218	780
218	860
218	865
218	926
218	970
219	361
219	609
219	641
219	666
219	795
219	840
219	843
220	36
220	45
220	108
220	473
220	530
220	594
220	829
221	71
221	597
221	779
221	834
221	835
221	968
221	985
222	14
222	15
222	290
222	435
222	555
222	608
222	732
223	115
223	499
223	535
223	776
223	799
223	913
223	945
224	263
224	518
224	695
224	786
224	817
224	904
224	952
225	268
225	649
225	661
225	770
225	818
225	872
225	995
226	859
226	875
226	946
226	951
226	966
226	981
226	983
227	401
227	686
227	715
227	734
227	920
227	948
227	992
228	356
228	619
228	793
228	849
228	889
228	921
228	1000
229	185
229	576
229	667
229	670
229	726
229	760
229	769
230	16
230	402
230	572
230	681
230	811
230	866
230	931
231	454
231	655
231	755
231	772
231	810
231	964
231	971
232	313
232	617
232	673
232	780
232	802
232	856
232	910
233	767
233	863
233	879
233	882
233	916
233	932
233	993
234	388
234	672
234	755
234	804
234	911
234	964
234	971
235	12
235	314
235	317
235	776
235	799
235	913
235	987
236	64
236	543
236	619
236	741
236	786
236	886
236	955
237	54
237	335
237	625
237	660
237	694
237	964
237	989
238	691
238	754
238	852
238	861
238	893
238	925
238	985
239	511
239	722
239	725
239	828
239	853
239	930
239	997
240	205
240	250
240	277
240	308
240	497
240	575
240	999
241	36
241	359
241	411
241	437
241	530
241	594
241	739
242	345
242	616
242	743
242	851
242	860
242	865
242	991
243	186
243	468
243	599
243	640
243	748
243	785
243	868
244	775
244	830
244	836
244	900
244	921
244	922
244	949
245	318
245	516
245	549
245	579
245	619
245	777
245	974
246	141
246	466
246	738
246	756
246	935
246	964
246	978
247	60
247	690
247	734
247	787
247	914
247	920
247	992
248	139
248	470
248	635
248	852
248	861
248	893
248	925
249	36
249	359
249	411
249	473
249	476
249	530
249	594
250	205
250	240
250	308
250	483
250	497
250	509
250	575
251	206
251	608
251	758
251	881
251	892
251	937
251	961
252	196
252	371
252	454
252	510
252	536
252	604
252	629
253	439
253	646
253	747
253	796
253	839
253	963
253	1000
254	133
254	402
254	424
254	455
254	637
254	827
254	931
255	356
255	824
255	877
255	921
255	960
255	980
255	998
256	148
256	212
256	337
256	460
256	463
256	623
256	697
257	163
257	733
257	741
257	886
257	955
257	969
257	974
258	570
258	768
258	830
258	864
258	975
258	988
258	994
259	53
259	333
259	386
259	658
259	709
259	727
259	771
260	466
260	624
260	865
260	881
260	901
260	926
260	978
261	396
261	478
261	600
261	626
261	655
261	755
261	971
262	35
262	518
262	695
262	696
262	786
262	817
262	904
263	224
263	430
263	441
263	577
263	904
263	952
263	999
264	283
264	522
264	609
264	641
264	795
264	840
264	843
265	153
265	376
265	873
265	876
265	915
265	957
265	977
266	187
266	204
266	329
266	348
266	369
266	634
266	907
267	339
267	498
267	785
267	806
267	808
267	828
267	997
268	225
268	334
268	367
268	607
268	908
268	944
268	995
269	790
269	796
269	933
269	946
269	951
269	981
269	983
270	345
270	508
270	589
270	616
270	699
270	953
270	990
271	28
271	812
271	813
271	913
271	962
271	978
271	989
272	23
272	57
272	528
272	848
272	873
272	939
272	979
273	79
273	595
273	616
273	752
273	855
273	878
273	990
274	368
274	805
274	860
274	869
274	881
274	901
274	926
275	44
275	288
275	431
275	488
275	503
275	738
275	831
276	704
276	823
276	906
276	940
276	941
276	947
276	953
277	240
277	449
277	465
277	509
277	575
277	579
277	669
278	377
278	381
278	787
278	814
278	819
278	967
278	982
279	805
279	851
279	873
279	936
279	957
279	977
279	991
280	540
280	554
280	681
280	763
280	811
280	866
280	931
281	109
281	496
281	711
281	891
281	939
281	979
281	982
282	80
282	548
282	759
282	775
282	836
282	922
282	949
283	264
283	315
283	377
283	381
283	545
283	730
283	814
284	48
284	99
284	204
284	418
284	439
284	533
284	634
285	44
285	379
285	419
285	488
285	503
285	831
285	963
286	9
286	736
286	829
286	892
286	895
286	937
286	961
287	134
287	639
287	668
287	775
287	836
287	900
287	949
288	275
288	419
288	431
288	488
288	503
288	629
288	831
289	663
289	894
289	933
289	946
289	951
289	981
289	983
290	15
290	222
290	435
290	458
290	494
290	555
290	732
291	739
291	784
291	841
291	878
291	957
291	973
291	995
292	668
292	759
292	775
292	830
292	836
292	922
292	949
293	500
293	682
293	706
293	764
293	839
293	923
293	1000
294	199
294	331
294	807
294	819
294	825
294	908
294	991
295	469
295	484
295	782
295	795
295	840
295	973
295	995
296	360
296	505
296	766
296	899
296	903
296	986
296	987
297	76
297	552
297	574
297	686
297	854
297	914
297	920
298	139
298	602
298	735
298	852
298	861
298	893
298	925
299	71
299	93
299	390
299	423
299	725
299	842
299	997
300	359
300	603
300	882
300	909
300	919
300	938
300	993
301	713
301	829
301	888
301	892
301	929
301	937
301	965
302	368
302	742
302	805
302	851
302	860
302	865
302	991
303	517
303	560
303	724
303	768
303	864
303	890
303	988
304	154
304	434
304	847
304	866
304	898
304	931
304	955
305	408
305	518
305	688
305	696
305	710
305	771
305	786
306	568
306	689
306	766
306	829
306	905
306	970
306	990
307	356
307	515
307	542
307	849
307	866
307	950
307	1000
308	9
308	205
308	240
308	250
308	483
308	509
308	575
309	104
309	727
309	859
309	872
309	887
309	996
309	999
310	129
310	316
310	371
310	510
310	604
310	629
310	950
311	11
311	410
311	618
311	645
311	656
311	939
311	977
312	343
312	451
312	504
312	740
312	817
312	945
312	999
313	232
313	399
313	474
313	765
313	812
313	813
313	910
314	101
314	136
314	235
314	776
314	799
314	945
314	987
315	10
315	158
315	283
315	545
315	810
315	822
315	967
316	310
316	454
316	510
316	536
316	604
316	629
316	898
317	235
317	637
317	776
317	799
317	913
317	945
317	987
318	13
318	245
318	363
318	805
318	847
318	886
318	974
319	449
319	465
319	483
319	497
319	509
319	575
319	669
320	136
320	181
320	499
320	637
320	776
320	799
320	987
321	552
321	734
321	842
321	927
321	972
321	985
321	992
322	674
322	770
322	782
322	924
322	944
322	958
322	973
323	327
323	328
323	353
323	457
323	554
323	566
323	991
324	507
324	712
324	882
324	938
324	976
324	993
324	996
325	207
325	630
325	650
325	767
325	841
325	869
325	883
326	339
326	365
326	613
326	718
326	806
326	808
326	997
327	112
327	323
327	328
327	353
327	554
327	566
327	991
328	88
328	184
328	323
328	327
328	457
328	554
328	566
328	991
329	147
329	158
329	266
329	369
329	403
329	634
329	791
329	957
330	61
330	155
330	376
330	641
330	666
330	795
330	840
330	885
331	198
331	294
331	444
331	693
331	807
331	825
331	830
331	908
332	404
332	505
332	514
332	526
332	556
332	688
332	719
332	888
333	259
333	436
333	502
333	506
333	709
333	723
333	778
333	826
334	268
334	674
334	770
334	782
334	872
334	924
334	958
334	973
335	237
335	489
335	588
335	738
335	753
335	951
335	962
335	978
336	515
336	636
336	747
336	849
336	933
336	967
336	998
336	1000
337	68
337	124
337	202
337	212
337	256
337	460
337	463
337	697
338	89
338	168
338	487
338	505
338	514
338	688
338	923
338	987
339	93
339	173
339	267
339	326
339	374
339	842
339	853
339	997
340	201
340	633
340	642
340	704
340	880
340	914
340	948
340	992
341	492
341	781
341	875
341	887
341	888
341	918
341	966
341	987
342	495
342	668
342	759
342	794
342	836
342	900
342	922
342	949
343	312
343	504
343	581
343	615
343	696
343	710
343	740
343	904
344	92
344	493
344	533
344	612
344	669
344	687
344	720
344	733
345	182
345	242
345	270
345	420
345	471
345	595
345	766
345	990
346	406
346	727
346	770
346	872
346	924
346	958
346	973
346	995
347	105
347	163
347	619
347	886
347	898
347	904
347	969
347	974
348	10
348	266
348	369
348	439
348	634
348	814
348	889
348	982
349	758
349	826
349	905
349	929
349	937
349	953
349	965
349	970
350	402
350	590
350	648
350	833
350	846
350	902
350	916
350	932
351	3
351	493
351	501
351	612
351	622
351	682
351	687
351	733
352	46
352	176
352	729
352	794
352	940
352	941
352	947
352	953
353	184
353	323
353	327
353	457
353	554
353	566
353	989
353	991
354	683
354	731
354	757
354	832
354	833
354	916
354	919
354	932
355	823
355	894
355	906
355	933
355	941
355	953
355	981
355	983
356	96
356	228
356	255
356	307
356	761
356	877
356	923
356	975
357	519
357	607
357	695
357	782
357	872
357	924
357	973
357	995
358	479
358	559
358	625
358	694
358	874
358	935
358	954
358	978
359	108
359	241
359	249
359	300
359	411
359	437
359	530
359	594
360	296
360	487
360	526
360	556
360	688
360	703
360	719
360	987
361	219
361	641
361	666
361	740
361	795
361	840
361	843
361	899
362	576
362	620
362	667
362	726
362	760
362	769
362	813
362	856
363	13
363	318
363	417
363	847
363	896
363	898
363	969
363	974
364	133
364	373
364	426
364	763
364	811
364	813
364	866
364	931
365	326
365	372
365	621
365	828
365	846
365	853
365	930
365	984
366	213
366	745
366	752
366	766
366	837
366	841
366	975
366	990
367	268
367	606
367	607
367	818
367	944
367	958
367	973
367	995
368	274
368	302
368	797
368	860
368	870
368	881
368	901
368	926
369	147
369	187
369	266
369	329
369	348
369	418
369	439
369	796
370	375
370	538
370	701
370	820
370	845
370	887
370	918
370	966
371	12
371	129
371	252
371	310
371	454
371	512
371	536
371	629
372	365
372	407
372	433
372	444
372	725
372	828
372	984
372	997
373	364
373	455
373	540
373	572
373	590
373	757
373	763
373	931
374	73
374	339
374	415
374	694
374	700
374	935
374	962
374	978
375	370
375	749
375	888
375	918
375	959
375	966
375	997
375	999
376	265
376	330
376	541
376	618
376	645
376	791
376	848
376	977
377	122
377	278
377	283
377	730
377	814
377	819
377	838
377	967
378	162
378	388
378	467
378	478
378	578
378	737
378	945
378	971
379	44
379	285
379	419
379	431
379	488
379	503
379	675
379	831
380	99
380	774
380	894
380	933
380	946
380	951
380	981
380	983
381	67
381	158
381	175
381	278
381	283
381	545
381	814
381	819
382	115
382	177
382	213
382	400
382	430
382	837
382	851
382	990
383	13
383	34
383	516
383	802
383	809
383	886
383	891
383	974
384	674
384	727
384	743
384	818
384	924
384	944
384	958
384	995
385	443
385	531
385	557
385	693
385	705
385	807
385	825
385	908
386	259
386	496
386	649
386	727
386	782
386	908
386	958
386	995
387	717
387	834
387	927
387	928
387	934
387	968
387	972
387	985
388	234
388	378
388	442
388	578
388	755
388	772
388	804
388	911
389	208
389	764
389	796
389	923
389	960
389	963
389	998
389	1000
390	299
390	498
390	805
390	808
390	828
390	846
390	930
390	984
391	593
391	779
391	834
391	928
391	942
391	968
391	972
391	985
392	98
392	560
392	751
392	768
392	890
392	907
392	912
392	988
393	405
393	547
393	573
393	584
393	686
393	690
393	920
393	992
394	201
394	511
394	718
394	725
394	838
394	880
394	920
394	992
395	120
395	571
395	739
395	822
395	850
395	907
395	912
395	988
396	5
396	261
396	626
396	737
396	871
396	945
396	964
396	971
397	20
397	160
397	503
397	539
397	667
397	726
397	760
397	769
398	410
398	464
398	758
398	826
398	861
398	905
398	965
398	970
399	313
399	471
399	524
399	673
399	780
399	802
399	813
399	910
400	200
400	382
400	635
400	741
400	745
400	773
400	784
400	837
401	70
401	227
401	446
401	552
401	592
401	914
401	948
401	992
402	230
402	254
402	350
402	529
402	651
402	681
402	763
402	811
403	329
403	438
403	706
403	798
403	848
403	890
403	939
403	977
404	69
404	332
404	688
404	719
404	775
404	900
404	922
404	949
405	393
405	481
405	553
405	592
405	642
405	701
405	708
405	992
406	346
406	461
406	650
406	661
406	869
406	883
406	917
406	936
407	372
407	498
407	718
407	721
407	815
407	838
407	990
407	997
408	305
408	451
408	504
408	652
408	728
408	772
408	786
408	952
409	102
409	116
409	442
409	512
409	553
409	587
409	704
409	708
410	23
410	88
410	311
410	398
410	464
410	698
410	873
410	970
411	36
411	241
411	249
411	359
411	473
411	530
411	580
411	594
412	548
412	620
412	812
412	856
412	883
412	910
412	913
412	954
413	452
413	531
413	693
413	705
413	819
413	825
413	865
413	908
414	156
414	169
414	723
414	731
414	833
414	879
414	902
414	932
415	197
415	374
415	521
415	756
415	789
415	874
415	954
415	989
416	83
416	104
416	574
416	599
416	640
416	748
416	868
416	958
417	363
417	774
417	894
417	933
417	946
417	951
417	981
417	983
418	48
418	99
418	147
418	187
418	284
418	369
418	439
418	634
419	285
419	288
419	379
419	431
419	488
419	503
419	655
419	831
420	8
420	200
420	345
420	471
420	718
420	743
420	773
420	990
421	685
421	701
421	743
421	867
421	875
421	888
421	918
421	966
422	625
422	660
422	671
422	756
422	789
422	874
422	935
422	954
422	989
423	129
423	299
423	498
423	536
423	604
423	629
423	718
423	853
423	946
424	254
424	455
424	590
424	605
424	651
424	681
424	811
424	866
424	931
425	630
425	650
425	661
425	767
425	857
425	869
425	883
425	897
425	917
426	133
426	364
426	455
426	572
426	648
426	651
426	668
426	811
426	931
427	166
427	594
427	602
427	605
427	823
427	858
427	940
427	941
427	947
428	85
428	438
428	679
428	736
428	801
428	816
428	850
428	890
428	975
429	564
429	569
429	663
429	735
429	803
429	852
429	861
429	893
429	925
430	79
430	107
430	263
430	382
430	616
430	745
430	773
430	878
430	986
431	44
431	275
431	288
431	379
431	419
431	488
431	503
431	545
431	831
432	1
432	77
432	506
432	658
432	709
432	717
432	778
432	826
432	919
433	189
433	372
433	442
433	481
433	523
433	553
433	587
433	599
433	708
434	174
434	304
434	639
434	759
434	830
434	836
434	900
434	922
434	949
435	14
435	15
435	164
435	222
435	290
435	458
435	555
435	732
435	853
436	91
436	333
436	473
436	502
436	506
436	632
436	709
436	717
436	778
437	36
437	45
437	108
437	241
437	359
437	473
437	530
437	594
437	798
438	403
438	428
438	674
438	677
438	703
438	724
438	844
438	850
438	975
439	48
439	147
439	204
439	253
439	284
439	348
439	369
439	418
439	634
440	208
440	518
440	695
440	696
440	771
440	817
440	858
440	952
440	999
441	263
441	472
441	577
441	615
441	696
441	771
441	786
441	904
441	952
442	116
442	388
442	409
442	433
442	481
442	512
442	523
442	704
442	708
443	199
443	385
443	452
443	582
443	693
443	807
443	819
443	908
443	957
444	131
444	331
444	372
444	721
444	815
444	870
444	901
444	926
444	997
445	677
445	801
445	816
445	822
445	844
445	864
445	907
445	912
445	928
446	401
446	447
446	535
446	624
446	633
446	700
446	920
446	948
446	954
447	446
447	460
447	588
447	647
447	753
447	756
447	885
447	935
447	978
448	563
448	704
448	829
448	892
448	905
448	929
448	961
448	965
448	970
449	277
449	319
449	465
449	483
449	497
449	509
449	575
449	669
449	854
450	703
450	768
450	798
450	822
450	844
450	907
450	912
450	975
450	988
451	312
451	408
451	518
451	639
451	728
451	786
451	817
451	904
451	999
452	66
452	413
452	443
452	531
452	705
452	807
452	825
452	906
452	908
453	532
453	692
453	859
453	875
453	887
453	918
453	966
453	994
453	999
454	12
454	196
454	231
454	252
454	316
454	371
454	510
454	604
454	629
455	254
455	373
455	424
455	426
455	540
455	681
455	763
455	879
455	931
456	13
456	144
456	552
456	809
456	847
456	896
456	955
456	969
456	974
457	112
457	184
457	323
457	328
457	353
457	554
457	566
457	847
457	991
458	14
458	15
458	164
458	290
458	435
458	555
458	608
458	732
458	976
459	140
459	742
459	805
459	842
459	851
459	860
459	901
459	926
459	936
460	124
460	202
460	256
460	337
460	447
460	463
460	606
460	623
460	697
461	63
461	406
461	482
461	767
461	818
461	857
461	869
461	897
461	917
462	33
462	541
462	673
462	780
462	802
462	812
462	856
462	910
462	913
463	68
463	202
463	256
463	337
463	460
463	606
463	623
463	697
463	986
464	398
464	410
464	563
464	762
464	829
464	895
464	951
464	961
464	970
465	205
465	277
465	319
465	449
465	497
465	509
465	543
465	575
465	669
466	246
466	260
466	477
466	559
466	647
466	660
466	671
466	935
466	962
467	212
467	378
467	513
467	551
467	871
467	928
467	934
467	942
467	972
468	46
468	243
468	529
468	574
468	599
468	748
468	785
468	844
468	868
469	209
469	216
469	295
469	609
469	641
469	731
469	840
469	843
469	943
470	248
470	691
470	735
470	754
470	766
470	803
470	861
470	893
470	925
471	345
471	399
471	420
471	699
471	745
471	766
471	837
471	841
471	986
472	152
472	441
472	506
472	577
472	710
472	728
472	817
472	904
472	952
473	45
473	108
473	220
473	249
473	411
473	436
473	437
473	530
473	594
474	143
474	313
474	673
474	780
474	802
474	812
474	856
474	910
474	943
475	70
475	110
475	598
475	614
475	711
475	848
475	876
475	957
475	982
476	249
476	746
476	790
476	894
476	933
476	946
476	951
476	981
476	983
477	69
477	466
477	557
477	647
477	789
477	885
477	954
477	961
477	989
478	57
478	261
478	378
478	513
478	561
478	672
478	772
478	810
478	971
479	358
479	525
479	783
479	863
479	882
479	884
479	909
479	919
479	976
480	659
480	800
480	823
480	858
480	906
480	928
480	941
480	947
480	953
481	157
481	405
481	433
481	442
481	512
481	523
481	553
481	587
481	708
482	164
482	461
482	650
482	661
482	767
482	869
482	883
482	897
482	917
483	205
483	250
483	308
483	319
483	449
483	497
483	575
483	669
483	740
484	295
484	522
484	609
484	795
484	843
484	885
484	899
484	943
484	970
485	2
485	35
485	208
485	695
485	696
485	728
485	771
485	904
485	999
486	525
486	617
486	643
486	710
486	728
486	783
486	817
486	952
486	976
487	22
487	338
487	360
487	505
487	526
487	556
487	688
487	719
487	987
488	275
488	285
488	288
488	379
488	419
488	431
488	503
488	632
488	831
489	73
489	335
489	521
489	632
489	753
489	874
489	921
489	935
489	964
490	659
490	794
490	800
490	858
490	940
490	941
490	947
490	953
490	992
491	137
491	605
491	729
491	794
491	858
491	940
491	941
491	947
491	953
492	167
492	341
492	692
492	701
492	781
492	845
492	867
492	868
492	966
493	3
493	87
493	92
493	161
493	344
493	351
493	612
493	687
493	733
494	127
494	290
494	496
494	590
494	651
494	656
494	681
494	866
494	977
495	24
495	342
495	702
495	759
495	775
495	830
495	836
495	900
495	949
496	110
496	281
496	386
496	494
496	618
496	876
496	915
496	939
496	979
497	240
497	250
497	319
497	449
497	465
497	483
497	509
497	575
497	951
498	170
498	267
498	390
498	407
498	423
498	828
498	838
498	984
498	1000
499	215
499	223
499	320
499	535
499	588
499	776
499	799
499	913
499	987
500	293
500	568
500	666
500	707
500	747
500	849
500	877
500	923
500	963
501	56
501	87
501	161
501	351
501	533
501	669
501	682
501	687
501	733
501	823
502	75
502	333
502	436
502	506
502	632
502	658
502	717
502	746
502	778
502	826
503	44
503	275
503	285
503	288
503	379
503	397
503	419
503	431
503	488
503	831
504	312
504	343
504	408
504	652
504	710
504	786
504	817
504	904
504	946
504	952
505	103
505	296
505	332
505	338
505	487
505	514
505	556
505	688
505	719
505	987
506	77
506	333
506	432
506	436
506	472
506	502
506	658
506	709
506	717
506	778
507	324
507	583
507	783
507	863
507	884
507	903
507	909
507	919
507	938
507	976
508	115
508	182
508	270
508	520
508	537
508	616
508	702
508	743
508	752
508	841
509	205
509	250
509	277
509	308
509	319
509	449
509	465
509	497
509	575
509	984
510	12
510	129
510	252
510	310
510	316
510	454
510	536
510	604
510	629
510	753
511	239
511	394
511	581
511	721
511	815
511	828
511	846
511	892
511	930
511	984
512	116
512	189
512	371
512	409
512	442
512	481
512	523
512	553
512	587
512	708
513	467
513	478
513	655
513	772
513	804
513	810
513	871
513	911
513	966
513	971
514	22
514	168
514	332
514	338
514	505
514	526
514	556
514	719
514	832
514	987
515	307
515	336
515	551
515	707
515	720
515	761
515	796
515	921
515	963
515	980
516	245
516	383
516	671
516	777
516	809
516	847
516	898
516	955
516	969
516	974
517	303
517	768
517	792
517	798
517	844
517	850
517	907
517	974
517	975
517	988
518	224
518	262
518	305
518	440
518	451
518	710
518	771
518	786
518	904
518	906
519	357
519	537
519	607
519	818
519	857
519	924
519	944
519	958
519	973
519	995
520	190
520	508
520	699
520	702
520	745
520	784
520	821
520	841
520	913
520	986
521	43
521	141
521	178
521	415
521	489
521	647
521	664
521	700
521	962
521	978
522	216
522	264
522	484
522	571
522	666
522	795
522	843
522	885
522	899
522	943
523	58
523	433
523	442
523	481
523	512
523	553
523	587
523	704
523	708
523	889
524	399
524	548
524	673
524	765
524	780
524	812
524	813
524	856
524	913
524	998
525	479
525	486
525	580
525	654
525	783
525	863
525	882
525	909
525	963
525	996
526	22
526	129
526	168
526	332
526	360
526	487
526	514
526	688
526	719
526	987
527	40
527	84
527	657
527	684
527	800
527	858
527	906
527	940
527	941
527	953
528	127
528	272
528	544
528	598
528	813
528	873
528	876
528	915
528	939
528	977
529	186
529	402
529	468
529	549
529	574
529	591
529	599
529	748
529	785
529	868
530	45
530	108
530	220
530	241
530	249
530	359
530	411
530	437
530	473
530	979
531	65
531	142
531	385
531	413
531	452
531	582
531	705
531	730
531	807
531	825
532	82
532	453
532	663
532	691
532	754
532	803
532	852
532	861
532	893
532	925
533	284
533	344
533	501
533	687
533	733
533	829
533	831
533	929
533	937
533	965
534	713
534	714
534	758
534	892
534	905
534	929
534	937
534	965
534	970
534	993
535	18
535	223
535	446
535	499
535	637
535	776
535	799
535	913
535	945
535	987
536	12
536	132
536	196
536	252
536	316
536	371
536	423
536	510
536	604
536	629
537	41
537	508
537	519
537	782
537	818
537	872
537	924
537	958
537	973
537	996
538	370
538	587
538	638
538	701
538	820
538	859
538	875
538	887
538	888
538	966
539	51
539	149
539	185
539	397
539	576
539	667
539	726
539	760
539	769
539	940
540	210
540	280
540	373
540	455
540	648
540	763
540	811
540	827
540	866
540	931
541	37
541	157
541	376
541	462
541	645
541	791
541	891
541	957
541	979
541	982
542	209
542	307
542	707
542	744
542	761
542	824
542	839
542	889
542	923
542	950
543	29
543	236
543	465
543	586
543	741
543	809
543	847
543	862
543	896
543	969
544	528
544	598
544	711
544	891
544	937
544	939
544	957
544	977
544	979
544	982
545	67
545	122
545	283
545	315
545	381
545	431
545	730
545	814
545	822
545	967
546	121
546	215
546	730
546	765
546	780
546	802
546	814
546	910
546	967
546	982
547	393
547	573
547	592
547	631
547	633
547	854
547	880
547	914
547	920
547	992
548	121
548	282
548	412
548	524
548	620
548	812
548	813
548	856
548	910
548	913
549	46
549	211
549	245
549	529
549	574
549	591
549	599
549	640
549	785
549	868
550	568
550	625
550	636
550	744
550	793
550	796
550	889
550	963
550	998
550	1000
551	467
551	515
551	600
551	871
551	895
551	911
551	929
551	961
551	965
551	970
552	60
552	297
552	321
552	401
552	456
552	622
552	686
552	734
552	854
552	992
553	405
553	409
553	433
553	481
553	512
553	523
553	587
553	704
553	707
553	708
554	88
554	112
554	280
554	323
554	327
554	328
554	353
554	457
554	566
554	991
555	14
555	15
555	164
555	222
555	290
555	435
555	458
555	608
555	732
555	752
556	168
556	332
556	360
556	487
556	505
556	514
556	600
556	688
556	719
556	987
557	7
557	385
557	477
557	664
557	694
557	753
557	935
557	962
557	978
557	989
558	604
558	734
558	823
558	880
558	906
558	914
558	940
558	941
558	948
558	992
559	198
559	358
559	466
559	756
559	789
559	874
559	935
559	954
559	962
559	978
560	303
560	392
560	620
560	765
560	812
560	813
560	890
560	907
560	910
560	989
561	113
561	478
561	644
561	731
561	757
561	832
561	833
561	879
561	902
561	916
562	64
562	579
562	582
562	676
562	741
562	886
562	898
562	920
562	955
562	969
563	448
563	464
563	736
563	758
563	826
563	829
563	892
563	929
563	961
563	967
564	429
564	646
564	663
564	735
564	754
564	803
564	852
564	861
564	893
564	925
565	746
565	774
565	790
565	859
565	894
565	933
565	946
565	951
565	981
565	983
566	51
566	88
566	112
566	323
566	327
566	328
566	353
566	457
566	554
566	991
567	676
567	741
567	760
567	777
567	809
567	847
567	862
567	891
567	955
567	969
567	974
568	306
568	500
568	550
568	593
568	720
568	764
568	889
568	921
568	950
568	980
568	998
569	429
569	718
569	757
569	815
569	828
569	879
569	902
569	916
569	930
569	932
569	984
570	258
570	724
570	768
570	798
570	844
570	850
570	864
570	930
570	975
570	988
570	994
571	395
571	522
571	677
571	679
571	703
571	738
571	798
571	801
571	830
571	890
571	912
572	230
572	373
572	426
572	590
572	644
572	651
572	763
572	811
572	827
572	866
572	931
573	70
573	78
573	393
573	547
573	633
573	704
573	734
573	920
573	934
573	948
573	992
574	297
574	416
574	468
574	529
574	549
574	591
574	640
574	646
574	748
574	785
574	868
575	240
575	250
575	277
575	308
575	319
575	449
575	465
575	483
575	497
575	509
575	714
576	149
576	185
576	188
576	229
576	362
576	539
576	667
576	726
576	760
576	769
576	964
577	263
577	441
577	472
577	695
577	710
577	740
577	786
577	817
577	904
577	926
577	952
578	378
578	388
578	600
578	655
578	672
578	772
578	810
578	871
578	894
578	911
578	945
579	245
579	277
579	562
579	582
579	676
579	741
579	847
579	862
579	886
579	955
579	974
580	180
580	411
580	525
580	781
580	863
580	882
580	919
580	938
580	976
580	993
580	996
581	343
581	511
581	613
581	806
581	808
581	828
581	842
581	846
581	930
581	984
581	997
582	443
582	531
582	562
582	579
582	692
582	693
582	705
582	807
582	809
582	847
582	896
583	126
583	507
583	665
583	706
583	744
583	761
583	796
583	827
583	923
583	980
583	998
584	211
584	393
584	690
584	714
584	736
584	762
584	840
584	854
584	937
584	948
584	992
585	217
585	611
585	630
585	661
585	857
585	869
585	883
585	897
585	917
585	936
585	991
586	68
586	95
586	543
586	619
586	676
586	741
586	886
586	891
586	898
586	955
586	969
587	116
587	189
587	409
587	433
587	481
587	512
587	523
587	538
587	553
587	708
587	758
588	335
588	447
588	499
588	660
588	664
588	670
588	694
588	756
588	885
588	935
588	978
589	270
589	616
589	745
589	766
589	837
589	841
589	855
589	867
589	878
589	960
589	986
590	350
590	373
590	424
590	494
590	572
590	648
590	763
590	811
590	866
590	931
590	987
591	83
591	186
591	529
591	549
591	574
591	599
591	640
591	748
591	785
591	863
591	868
592	148
592	401
592	405
592	547
592	622
592	638
592	642
592	854
592	880
592	920
592	992
593	126
593	391
593	568
593	744
593	761
593	839
593	950
593	960
593	963
593	998
593	1000
594	36
594	45
594	108
594	220
594	241
594	249
594	359
594	411
594	427
594	437
594	473
595	273
595	345
595	635
595	702
595	742
595	752
595	766
595	784
595	867
595	878
595	986
596	85
596	694
596	751
596	801
596	822
596	830
596	864
596	907
596	975
596	988
596	994
597	221
597	835
597	912
597	927
597	928
597	934
597	942
597	959
597	968
597	972
597	985
598	37
598	475
598	528
598	544
598	656
598	762
598	791
598	873
598	876
598	915
598	977
599	83
599	243
599	416
599	433
599	468
599	529
599	549
599	591
599	748
599	785
599	868
600	261
600	551
600	556
600	578
600	626
600	755
600	804
600	810
600	871
600	911
600	971
601	617
601	737
601	860
601	882
601	884
601	903
601	909
601	919
601	938
601	976
601	993
602	298
602	427
602	605
602	659
602	730
602	800
602	858
602	940
602	941
602	947
602	953
603	47
603	300
603	712
603	806
603	863
603	884
603	903
603	919
603	938
603	943
603	993
604	129
604	196
604	252
604	310
604	316
604	423
604	454
604	510
604	536
604	558
604	629
605	424
605	427
605	491
605	602
605	659
605	729
605	906
605	940
605	941
605	947
605	953
606	152
606	202
606	367
606	460
606	463
606	623
606	697
606	728
606	740
606	786
606	904
607	268
607	357
607	367
607	519
607	649
607	739
607	801
607	924
607	944
607	958
607	973
608	14
608	222
608	251
608	458
608	555
608	643
608	698
608	714
608	732
608	905
608	965
609	219
609	264
609	469
609	484
609	641
609	666
609	840
609	843
609	880
609	885
609	943
610	631
610	721
610	750
610	834
610	927
610	928
610	934
610	942
610	968
610	972
610	985
611	101
611	207
611	585
611	650
611	661
611	767
611	857
611	869
611	897
611	917
611	945
612	21
612	25
612	92
612	161
612	344
612	351
612	493
612	669
612	682
612	687
612	733
613	93
613	173
613	326
613	581
613	722
613	806
613	815
613	838
613	853
613	900
613	984
614	127
614	150
614	475
614	618
614	791
614	847
614	848
614	876
614	915
614	939
614	982
615	151
615	343
615	441
615	652
615	695
615	710
615	744
615	771
615	786
615	817
615	952
616	9
616	242
616	270
616	273
616	430
616	508
616	589
616	652
616	784
616	855
616	878
617	208
617	232
617	486
617	601
617	621
617	643
617	783
617	882
617	903
617	919
617	976
617	993
618	75
618	127
618	165
618	311
618	376
618	496
618	614
618	791
618	873
618	977
618	979
618	982
619	228
619	236
619	245
619	347
619	586
619	777
619	847
619	862
619	898
619	955
619	969
619	974
620	143
620	362
620	412
620	548
620	560
620	780
620	801
620	802
620	812
620	813
620	856
620	910
621	111
621	365
621	617
621	712
621	716
621	781
621	903
621	909
621	919
621	976
621	993
621	996
622	26
622	351
622	552
622	592
622	633
622	642
622	854
622	880
622	914
622	920
622	948
622	992
623	68
623	106
623	124
623	148
623	202
623	212
623	256
623	460
623	463
623	606
623	697
623	981
624	73
624	260
624	446
624	664
624	694
624	753
624	756
624	874
624	935
624	944
624	954
624	962
625	237
625	358
625	422
625	550
625	660
625	670
625	671
625	700
625	756
625	954
625	962
625	989
626	261
626	396
626	600
626	672
626	755
626	804
626	871
626	909
626	911
626	945
626	964
626	971
627	140
627	657
627	742
627	797
627	805
627	851
627	860
627	865
627	881
627	901
627	902
627	926
628	734
628	747
628	820
628	839
628	877
628	887
628	918
628	950
628	963
628	966
628	994
628	998
629	12
629	196
629	252
629	288
629	310
629	316
629	371
629	423
629	454
629	510
629	536
629	604
630	211
630	325
630	425
630	585
630	767
630	823
630	857
630	869
630	883
630	897
630	917
630	936
631	547
631	610
631	678
631	680
631	750
631	927
631	928
631	934
631	942
631	968
631	972
631	985
632	69
632	436
632	488
632	489
632	502
632	658
632	717
632	778
632	789
632	954
632	964
632	989
633	201
633	340
633	446
633	547
633	573
633	622
633	662
633	854
633	914
633	920
633	948
633	992
634	48
634	99
634	147
634	187
634	204
634	266
634	284
634	329
634	348
634	418
634	439
634	644
635	248
635	400
635	595
635	638
635	702
635	745
635	784
635	841
635	867
635	899
635	986
635	990
636	336
636	550
636	747
636	824
636	839
636	921
636	932
636	950
636	960
636	980
636	998
636	1000
637	18
637	136
637	215
637	254
637	317
637	320
637	535
637	776
637	799
637	913
637	945
637	987
638	538
638	592
638	635
638	734
638	749
638	799
638	875
638	887
638	888
638	914
638	920
638	992
639	80
639	181
639	287
639	434
639	451
639	668
639	759
639	775
639	836
639	900
639	922
639	949
640	104
640	183
640	211
640	243
640	416
640	549
640	574
640	591
640	646
640	748
640	868
640	941
641	219
641	264
641	330
641	361
641	469
641	609
641	666
641	795
641	840
641	843
641	846
641	899
642	340
642	405
642	592
642	622
642	686
642	690
642	783
642	880
642	914
642	920
642	948
642	992
643	486
643	608
643	617
643	783
643	863
643	884
643	903
643	909
643	938
643	943
643	976
643	993
644	561
644	572
644	634
644	683
644	731
644	757
644	832
644	833
644	879
644	902
644	916
644	932
645	311
645	376
645	541
645	791
645	845
645	873
645	876
645	915
645	939
645	977
645	979
645	982
646	83
646	183
646	253
646	564
646	574
646	640
646	665
646	744
646	785
646	868
646	877
646	923
647	28
647	178
647	447
647	466
647	477
647	521
647	708
647	789
647	885
647	932
647	954
647	964
648	154
648	350
648	426
648	540
648	590
648	651
648	763
648	811
648	827
648	866
648	931
648	994
649	81
649	225
649	386
649	607
649	739
649	782
649	818
649	872
649	924
649	944
649	958
649	995
650	101
650	325
650	406
650	425
650	482
650	611
650	661
650	857
650	883
650	897
650	917
650	939
651	402
651	424
651	426
651	494
651	572
651	648
651	681
651	811
651	827
651	866
651	871
651	931
652	408
652	504
652	615
652	616
652	695
652	696
652	710
652	740
652	771
652	817
652	904
652	952
653	662
653	715
653	746
653	774
653	790
653	812
653	894
653	933
653	946
653	951
653	981
653	983
654	202
654	525
654	716
654	783
654	863
654	882
654	903
654	909
654	919
654	938
654	943
654	993
655	231
655	261
655	419
655	513
655	578
655	772
655	804
655	871
655	911
655	945
655	964
655	971
656	311
656	494
656	598
656	711
656	848
656	873
656	876
656	915
656	957
656	976
656	977
656	979
657	131
657	527
657	627
657	742
657	797
657	851
657	860
657	870
657	881
657	926
657	962
657	991
658	77
658	91
658	259
658	432
658	502
658	506
658	632
658	709
658	717
658	778
658	826
658	995
659	94
659	480
659	490
659	602
659	605
659	729
659	755
659	794
659	800
659	906
659	940
659	947
660	237
660	422
660	466
660	588
660	625
660	664
660	753
660	882
660	916
660	954
660	962
660	989
661	72
661	225
661	406
661	425
661	482
661	585
661	611
661	650
661	767
661	857
661	883
661	917
661	936
662	633
662	653
662	715
662	746
662	774
662	790
662	894
662	933
662	946
662	951
662	956
662	981
662	983
663	38
663	166
663	289
663	429
663	532
663	564
663	691
663	735
663	754
663	803
663	852
663	893
663	925
664	521
664	557
664	588
664	624
664	660
664	671
664	700
664	877
664	885
664	886
664	954
664	962
664	989
665	118
665	583
665	646
665	691
665	744
665	747
665	826
665	849
665	921
665	960
665	963
665	998
665	1000
666	219
666	330
666	361
666	500
666	522
666	609
666	641
666	795
666	840
666	843
666	885
666	899
666	943
667	20
667	51
667	160
667	188
667	229
667	362
667	397
667	539
667	576
667	726
667	760
667	769
667	806
668	114
668	287
668	292
668	342
668	426
668	639
668	775
668	830
668	836
668	900
668	922
668	949
668	974
669	81
669	205
669	277
669	319
669	344
669	449
669	465
669	483
669	501
669	612
669	687
669	733
669	777
670	229
670	588
670	625
670	694
670	753
670	756
670	789
670	874
670	954
670	964
670	978
670	985
670	989
671	28
671	54
671	73
671	422
671	466
671	516
671	625
671	664
671	885
671	954
671	962
671	964
671	989
672	234
672	478
672	578
672	626
672	737
672	804
672	810
672	871
672	911
672	945
672	964
672	971
672	975
673	232
673	399
673	462
673	474
673	524
673	765
673	780
673	802
673	812
673	813
673	856
673	910
673	956
674	191
674	322
674	334
674	384
674	438
674	739
674	770
674	818
674	872
674	944
674	958
674	973
674	996
675	89
675	179
675	379
675	737
675	750
675	810
675	911
675	942
675	945
675	956
675	964
675	968
675	972
676	64
676	562
676	567
676	579
676	586
676	700
676	777
676	809
676	821
676	862
676	896
676	898
676	974
677	438
677	445
677	571
677	679
677	768
677	814
677	822
677	830
677	864
677	890
677	907
677	975
677	988
678	631
678	680
678	779
678	824
678	835
678	927
678	928
678	934
678	942
678	959
678	968
678	972
678	985
679	28
679	428
679	571
679	677
679	703
679	738
679	751
679	768
679	844
679	850
679	864
679	907
679	912
680	27
680	631
680	678
680	750
680	779
680	834
680	835
680	930
680	942
680	959
680	968
680	972
680	985
681	133
681	230
681	280
681	402
681	424
681	455
681	494
681	651
681	811
681	827
681	866
681	915
681	931
682	87
682	293
682	351
682	501
682	612
682	687
682	733
682	739
682	818
682	872
682	958
682	973
682	995
683	55
683	111
683	354
683	644
683	685
683	723
683	757
683	832
683	833
683	879
683	902
683	916
683	932
684	123
684	527
684	718
684	722
684	794
684	806
684	808
684	842
684	858
684	930
684	941
684	947
684	953
685	421
685	683
685	731
685	832
685	859
685	864
685	879
685	887
685	916
685	918
685	932
685	959
685	966
686	227
686	297
686	393
686	552
686	642
686	690
686	852
686	854
686	880
686	914
686	920
686	948
686	992
687	3
687	21
687	56
687	344
687	351
687	493
687	501
687	533
687	612
687	669
687	682
687	715
687	733
688	22
688	305
688	332
688	338
688	360
688	404
688	487
688	505
688	526
688	556
688	719
688	903
688	987
689	115
689	117
689	306
689	752
689	766
689	792
689	837
689	855
689	867
689	878
689	899
689	905
689	990
690	26
690	78
690	247
690	393
690	584
690	642
690	686
690	734
690	735
690	854
690	914
690	920
690	948
691	123
691	238
691	470
691	532
691	663
691	665
691	735
691	754
691	803
691	852
691	861
691	893
691	925
692	159
692	453
692	492
692	582
692	701
692	749
692	781
692	811
692	820
692	859
692	888
692	966
692	994
693	65
693	66
693	142
693	198
693	331
693	385
693	413
693	443
693	582
693	705
693	716
693	807
693	819
693	825
694	237
694	358
694	374
694	557
694	588
694	596
694	624
694	670
694	753
694	756
694	874
694	935
694	962
694	978
695	224
695	262
695	357
695	440
695	485
695	577
695	615
695	652
695	696
695	728
695	740
695	771
695	904
695	952
696	151
696	262
696	305
696	343
696	440
696	441
696	485
696	652
696	695
696	728
696	740
696	887
696	952
696	999
697	68
697	106
697	124
697	148
697	202
697	212
697	256
697	337
697	460
697	463
697	606
697	623
697	867
697	891
698	17
698	410
698	608
698	829
698	865
698	892
698	895
698	905
698	906
698	929
698	937
698	961
698	965
698	970
699	6
699	190
699	270
699	471
699	520
699	743
699	752
699	773
699	792
699	821
699	855
699	878
699	986
699	990
700	54
700	178
700	374
700	446
700	521
700	625
700	664
700	676
700	753
700	792
700	935
700	954
700	962
700	978
701	370
701	405
701	421
701	492
701	538
701	692
701	820
701	875
701	887
701	888
701	959
701	966
701	994
701	999
702	79
702	115
702	177
702	213
702	495
702	508
702	520
702	595
702	635
702	752
702	773
702	867
702	878
702	986
703	360
703	438
703	450
703	571
703	679
703	788
703	798
703	801
703	830
703	844
703	850
703	912
703	988
703	994
704	189
704	276
704	340
704	409
704	442
704	448
704	523
704	553
704	573
704	708
704	854
704	914
704	948
704	992
705	65
705	66
705	85
705	199
705	385
705	413
705	452
705	531
705	582
705	693
705	807
705	819
705	825
705	908
706	97
706	293
706	403
706	583
706	761
706	793
706	824
706	827
706	889
706	921
706	960
706	963
706	998
706	1000
707	500
707	515
707	542
707	553
707	849
707	877
707	889
707	921
707	923
707	947
707	950
707	960
707	980
707	1000
708	58
708	116
708	189
708	405
708	409
708	433
708	442
708	481
708	512
708	523
708	553
708	587
708	647
708	704
709	1
709	75
709	77
709	91
709	259
709	333
709	432
709	436
709	506
709	658
709	717
709	778
709	826
709	934
710	305
710	343
710	472
710	486
710	504
710	518
710	577
710	615
710	652
710	771
710	882
710	901
710	904
710	952
711	171
711	281
711	475
711	544
711	656
711	848
711	891
711	914
711	930
711	939
711	957
711	977
711	979
711	982
712	47
712	324
712	603
712	621
712	741
712	863
712	884
712	909
712	938
712	943
712	949
712	976
712	993
712	996
713	17
713	301
713	534
713	736
713	762
713	826
713	895
713	905
713	912
713	929
713	937
713	961
713	965
713	970
714	534
714	575
714	584
714	608
714	762
714	829
714	831
714	892
714	895
714	929
714	937
714	961
714	965
714	970
715	227
715	653
715	662
715	687
715	746
715	774
715	790
715	894
715	933
715	946
715	951
715	956
715	981
715	983
716	45
716	49
716	621
716	654
716	693
716	781
716	884
716	903
716	909
716	919
716	938
716	943
716	976
716	993
717	1
717	77
717	91
717	387
717	432
717	436
717	502
717	506
717	632
717	658
717	709
717	729
717	778
717	826
718	71
718	326
718	394
718	407
718	420
718	423
718	569
718	684
718	725
718	828
718	842
718	853
718	930
718	997
719	89
719	168
719	332
719	360
719	404
719	487
719	505
719	514
719	526
719	556
719	688
719	816
719	885
719	987
720	32
720	344
720	515
720	568
720	761
720	796
720	824
720	877
720	923
720	960
720	967
720	980
720	998
720	1000
721	214
721	407
721	444
721	511
721	610
721	722
721	732
721	788
721	828
721	838
721	846
721	853
721	930
721	993
721	997
722	71
722	170
722	239
722	613
722	684
722	721
722	732
722	788
722	808
722	815
722	828
722	838
722	846
722	862
722	984
723	31
723	103
723	113
723	333
723	414
723	683
723	731
723	757
723	832
723	833
723	879
723	894
723	902
723	916
723	932
724	98
724	192
724	303
724	438
724	570
724	751
724	792
724	798
724	801
724	816
724	844
724	912
724	975
724	994
724	999
725	214
725	239
725	299
725	372
725	394
725	718
725	732
725	788
725	815
725	838
725	842
725	853
725	930
725	971
725	984
726	20
726	51
726	149
726	160
726	185
726	188
726	229
726	362
726	397
726	539
726	576
726	667
726	760
726	769
726	892
727	196
727	259
727	309
727	346
727	384
727	386
727	782
727	858
727	872
727	908
727	924
727	944
727	958
727	973
727	995
728	408
728	451
728	472
728	485
728	486
728	606
728	695
728	696
728	740
728	771
728	817
728	904
728	941
728	952
728	999
729	21
729	40
729	352
729	491
729	605
729	659
729	717
729	800
729	823
729	858
729	906
729	940
729	941
729	947
729	953
730	67
730	122
730	158
730	175
730	283
730	377
730	531
730	545
730	546
730	602
730	787
730	814
730	819
730	967
730	982
731	103
731	169
731	354
731	414
731	469
731	561
731	644
731	685
731	723
731	832
731	833
731	879
731	902
731	904
731	916
732	15
732	222
732	290
732	435
732	458
732	555
732	608
732	721
732	722
732	725
732	806
732	899
732	930
732	955
732	997
733	3
733	81
733	87
733	92
733	161
733	257
733	344
733	351
733	493
733	501
733	533
733	612
733	669
733	682
733	687
734	62
734	201
734	227
734	247
734	321
734	552
734	558
734	573
734	628
734	638
734	690
734	854
734	880
734	914
734	948
735	59
735	166
735	298
735	429
735	470
735	564
735	663
735	690
735	691
735	754
735	803
735	861
735	893
735	924
735	925
736	25
736	211
736	218
736	286
736	428
736	563
736	584
736	713
736	829
736	895
736	905
736	937
736	961
736	965
736	970
737	11
737	57
737	179
737	378
737	396
737	601
737	672
737	675
737	772
737	804
737	810
737	871
737	911
737	971
737	995
738	246
738	275
738	335
738	571
738	679
738	789
738	798
738	816
738	874
738	907
738	912
738	954
738	975
738	978
738	989
739	53
739	241
739	291
739	395
739	607
739	649
739	674
739	682
739	770
739	908
739	924
739	944
739	958
739	973
739	995
740	312
740	343
740	361
740	483
740	577
740	606
740	652
740	695
740	696
740	728
740	771
740	786
740	817
740	952
740	999
741	236
741	257
741	400
741	543
741	562
741	567
741	579
741	586
741	712
741	821
741	847
741	862
741	891
741	896
741	969
742	210
742	302
742	459
742	595
742	627
742	657
742	797
742	851
742	860
742	865
742	870
742	881
742	901
742	924
742	926
743	242
743	384
743	420
743	421
743	508
743	699
743	749
743	792
743	841
743	845
743	875
743	887
743	918
743	966
743	986
744	542
744	550
744	583
744	593
744	615
744	646
744	665
744	764
744	849
744	889
744	921
744	923
744	963
744	980
744	998
745	9
745	177
745	366
745	400
745	430
745	471
745	520
745	589
745	635
745	867
745	878
745	899
745	952
745	986
745	990
746	476
746	502
746	565
746	653
746	662
746	715
746	774
746	790
746	894
746	933
746	946
746	951
746	956
746	981
746	983
747	32
747	253
747	336
747	500
747	628
747	636
747	665
747	764
747	824
747	877
747	895
747	948
747	950
747	967
747	980
748	46
748	104
748	183
748	243
748	416
748	468
748	529
748	574
748	591
748	599
748	640
748	785
748	833
748	868
748	990
749	159
749	167
749	375
749	638
749	692
749	743
749	820
749	845
749	873
749	875
749	918
749	966
749	973
749	994
749	999
750	203
750	610
750	631
750	675
750	680
750	834
750	835
750	905
750	928
750	934
750	956
750	959
750	968
750	972
750	985
751	98
751	192
751	392
751	596
751	679
751	724
751	816
751	844
751	850
751	864
751	872
751	890
751	907
751	975
751	988
752	107
752	177
752	213
752	273
752	366
752	508
752	555
752	595
752	689
752	699
752	702
752	784
752	837
752	841
752	855
753	28
753	335
753	447
753	489
753	510
753	557
753	624
753	660
753	670
753	694
753	700
753	874
753	885
753	935
753	978
754	38
754	77
754	82
754	123
754	238
754	470
754	532
754	564
754	663
754	691
754	735
754	803
754	852
754	861
754	893
754	925
755	5
755	172
755	231
755	234
755	261
755	388
755	600
755	626
755	659
755	772
755	788
755	804
755	810
755	871
755	911
755	971
756	69
756	175
756	246
756	415
756	422
756	447
756	559
756	588
756	624
756	625
756	670
756	694
756	962
756	972
756	978
756	989
757	42
757	55
757	113
757	354
757	373
757	561
757	569
757	644
757	683
757	723
757	832
757	833
757	879
757	902
757	916
757	932
758	218
758	251
758	349
758	398
758	534
758	563
758	587
758	762
758	826
758	895
758	905
758	929
758	937
758	946
758	961
758	965
759	24
759	80
759	114
759	134
759	282
759	292
759	342
759	434
759	495
759	639
759	775
759	836
759	900
759	922
759	949
759	991
760	20
760	51
760	149
760	160
760	185
760	188
760	229
760	362
760	397
760	539
760	567
760	576
760	667
760	726
760	769
760	835
761	56
761	356
761	515
761	542
761	583
761	593
761	706
761	720
761	793
761	849
761	877
761	923
761	960
761	980
761	998
761	1000
762	138
762	464
762	584
762	598
762	713
762	714
762	758
762	831
762	892
762	895
762	905
762	929
762	937
762	945
762	961
762	965
763	16
763	154
763	280
763	364
763	373
763	402
763	455
763	540
763	572
763	590
763	648
763	827
763	856
763	866
763	870
763	931
764	293
764	389
764	568
764	744
764	747
764	787
764	796
764	834
764	839
764	889
764	921
764	950
764	963
764	967
764	980
764	998
765	6
765	33
765	121
765	313
765	524
765	546
765	560
765	673
765	779
765	780
765	802
765	812
765	813
765	856
765	910
765	986
766	9
766	296
766	306
766	345
766	366
766	470
766	471
766	589
766	595
766	689
766	784
766	837
766	867
766	878
766	986
766	990
767	72
767	145
767	217
767	233
767	325
767	425
767	461
767	482
767	611
767	630
767	661
767	857
767	869
767	897
767	917
767	936
768	33
768	258
768	303
768	392
768	450
768	517
768	570
768	677
768	679
768	801
768	816
768	850
768	890
768	911
768	912
768	975
769	20
769	51
769	149
769	160
769	185
769	188
769	229
769	362
769	397
769	539
769	576
769	667
769	726
769	760
769	814
769	857
770	195
770	225
770	322
770	334
770	346
770	674
770	739
770	872
770	908
770	924
770	944
770	958
770	973
770	995
770	996
770	1000
771	35
771	152
771	259
771	305
771	440
771	441
771	485
771	518
771	615
771	652
771	695
771	710
771	728
771	740
771	952
771	953
772	5
772	231
772	388
772	408
772	478
772	513
772	578
772	655
772	737
772	755
772	804
772	810
772	871
772	911
772	964
772	971
773	156
773	200
773	213
773	400
773	420
773	430
773	699
773	702
773	784
773	836
773	837
773	855
773	878
773	898
773	986
773	990
774	380
774	417
774	565
774	653
774	662
774	715
774	746
774	790
774	894
774	933
774	946
774	951
774	956
774	978
774	981
774	983
775	114
775	244
775	282
775	287
775	292
775	404
775	495
775	639
775	668
775	759
775	830
775	836
775	879
775	900
775	922
775	949
776	18
776	215
776	223
776	235
776	314
776	317
776	320
776	499
776	535
776	637
776	799
776	896
776	913
776	929
776	945
776	987
777	163
777	245
777	516
777	567
777	619
777	669
777	676
777	809
777	821
777	886
777	891
777	896
777	898
777	955
777	969
777	974
778	1
778	75
778	91
778	165
778	207
778	333
778	432
778	436
778	502
778	506
778	632
778	658
778	709
778	717
778	804
778	826
779	203
779	221
779	391
779	678
779	680
779	765
779	835
779	927
779	928
779	934
779	942
779	956
779	967
779	968
779	972
779	985
780	33
780	143
780	218
780	232
780	399
780	462
780	474
780	524
780	546
780	620
780	673
780	765
780	812
780	856
780	876
780	910
781	125
781	341
781	492
781	580
781	621
781	692
781	716
781	783
781	810
781	820
781	845
781	863
781	888
781	918
781	976
781	993
781	999
782	19
782	295
782	322
782	334
782	357
782	386
782	537
782	649
782	727
782	908
782	921
782	924
782	944
782	958
782	973
782	995
782	996
783	47
783	49
783	142
783	479
783	486
783	507
783	525
783	617
783	642
783	643
783	654
783	781
783	884
783	903
783	919
783	976
783	993
784	182
784	190
784	291
784	400
784	520
784	595
784	616
784	635
784	752
784	766
784	773
784	792
784	821
784	837
784	841
784	855
784	944
785	46
785	83
785	104
785	183
785	186
785	243
785	267
785	468
785	529
785	549
785	574
785	591
785	599
785	646
785	748
785	791
785	868
786	35
786	152
786	224
786	236
786	262
786	305
786	408
786	441
786	451
786	504
786	518
786	577
786	606
786	615
786	740
786	875
786	904
787	203
787	247
787	278
787	730
787	764
787	796
787	814
787	822
787	839
787	849
787	950
787	963
787	967
787	980
787	981
787	982
787	998
788	39
788	214
788	703
788	721
788	722
788	725
788	755
788	806
788	808
788	815
788	838
788	842
788	846
788	853
788	930
788	984
788	997
789	54
789	69
789	126
789	171
789	415
789	422
789	477
789	559
789	632
789	647
789	670
789	738
789	935
789	954
789	962
789	978
789	989
790	269
790	476
790	565
790	653
790	662
790	715
790	746
790	774
790	839
790	894
790	933
790	946
790	948
790	951
790	956
790	981
790	983
791	110
791	153
791	329
791	376
791	541
791	598
791	614
791	618
791	645
791	785
791	848
791	873
791	880
791	915
791	957
791	977
791	979
792	79
792	117
792	517
792	689
792	699
792	700
792	724
792	743
792	784
792	798
792	816
792	850
792	855
792	886
792	912
792	988
792	990
793	228
793	550
793	706
793	761
793	808
793	824
793	839
793	849
793	877
793	923
793	950
793	960
793	963
793	967
793	980
793	994
793	998
794	84
794	176
794	342
794	352
794	490
794	491
794	659
794	684
794	800
794	823
794	858
794	906
794	940
794	941
794	947
794	953
794	976
795	17
795	155
795	209
795	216
795	219
795	264
795	295
795	330
795	361
795	484
795	522
795	641
795	666
795	840
795	843
795	899
795	943
796	253
796	269
796	369
796	389
796	515
796	550
796	583
796	720
796	764
796	787
796	824
796	839
796	849
796	923
796	950
796	963
796	980
797	116
797	140
797	210
797	368
797	627
797	657
797	742
797	805
797	851
797	860
797	865
797	870
797	881
797	901
797	926
797	936
797	991
798	403
798	437
798	450
798	517
798	570
798	571
798	703
798	724
798	738
798	792
798	801
798	850
798	864
798	907
798	975
798	982
798	988
799	18
799	136
799	215
799	223
799	235
799	314
799	317
799	320
799	499
799	535
799	637
799	638
799	776
799	872
799	913
799	945
799	987
800	94
800	480
800	490
800	527
800	602
800	659
800	729
800	794
800	816
800	823
800	850
800	858
800	906
800	940
800	941
800	947
800	953
801	428
801	445
801	571
801	596
801	607
801	620
801	703
801	724
801	768
801	798
801	816
801	844
801	890
801	907
801	975
801	988
801	994
802	6
802	143
802	232
802	383
802	399
802	462
802	474
802	546
802	620
802	673
802	765
802	812
802	813
802	840
802	856
802	910
802	913
803	59
803	82
803	102
803	139
803	186
803	429
803	470
803	532
803	564
803	663
803	691
803	735
803	754
803	852
803	861
803	893
803	925
804	11
804	39
804	234
804	388
804	513
804	600
804	626
804	655
804	672
804	737
804	755
804	772
804	778
804	810
804	871
804	911
804	964
804	971
805	100
805	193
805	210
805	274
805	279
805	302
805	318
805	390
805	459
805	627
805	797
805	860
805	865
805	870
805	881
805	901
805	926
805	936
806	58
806	130
806	146
806	267
806	326
806	581
806	603
806	613
806	667
806	684
806	732
806	788
806	808
806	815
806	842
806	846
806	984
806	997
807	49
807	81
807	142
807	151
807	199
807	294
807	331
807	385
807	443
807	452
807	531
807	582
807	693
807	705
807	819
807	825
807	908
807	970
808	173
808	267
808	326
808	390
808	581
808	684
808	722
808	788
808	793
808	806
808	815
808	842
808	846
808	853
808	854
808	930
808	984
808	997
809	95
809	163
809	383
809	456
809	516
809	543
809	567
809	582
809	676
809	777
809	817
809	886
809	896
809	898
809	955
809	956
809	969
809	974
810	5
810	172
810	179
810	231
810	315
810	478
810	513
810	578
810	600
810	672
810	675
810	737
810	755
810	772
810	781
810	804
810	945
810	971
811	16
811	154
811	230
811	280
811	364
811	402
811	424
811	426
811	540
811	572
811	590
811	648
811	651
811	681
811	692
811	866
811	931
811	980
812	3
812	271
812	313
812	412
812	462
812	474
812	524
812	548
812	560
812	620
812	653
812	673
812	765
812	780
812	802
812	813
812	856
812	910
813	6
813	121
813	271
813	313
813	362
813	364
813	399
813	524
813	528
813	548
813	560
813	620
813	673
813	765
813	802
813	812
813	856
813	910
814	10
814	50
814	67
814	175
814	278
814	283
814	348
814	377
814	381
814	545
814	546
814	677
814	730
814	769
814	787
814	819
814	967
814	982
815	130
815	146
815	217
815	407
815	444
815	511
815	569
815	613
815	722
815	725
815	788
815	806
815	808
815	838
815	842
815	846
815	984
815	997
816	120
816	192
816	428
816	445
816	719
816	724
816	738
816	751
816	768
816	792
816	800
816	801
816	864
816	890
816	907
816	912
816	975
816	988
817	151
817	224
817	262
817	312
817	440
817	451
817	472
817	486
817	504
817	577
817	615
817	652
817	728
817	740
817	809
817	904
817	952
817	999
818	191
818	225
818	367
818	384
818	461
818	519
818	537
818	649
818	674
818	682
818	872
818	924
818	944
818	958
818	973
818	985
818	995
818	996
819	10
819	124
819	198
819	278
819	294
819	377
819	381
819	413
819	443
819	693
819	705
819	730
819	807
819	814
819	825
819	826
819	967
819	982
820	159
820	167
820	370
820	538
820	628
820	692
820	701
820	749
820	781
820	845
820	859
820	869
820	887
820	918
820	925
820	959
820	966
820	994
821	29
821	144
821	520
821	676
821	699
821	741
821	777
821	784
821	841
821	847
821	855
821	862
821	876
821	898
821	899
821	974
821	986
821	990
822	29
822	50
822	67
822	122
822	315
822	395
822	445
822	450
822	545
822	596
822	677
822	787
822	890
822	912
822	967
822	975
822	982
822	988
823	40
823	43
823	276
823	355
823	427
823	480
823	501
823	558
823	630
823	729
823	794
823	800
823	858
823	906
823	940
823	941
823	947
823	953
824	255
824	542
824	636
824	678
824	706
824	720
824	747
824	793
824	796
824	877
824	889
824	923
824	933
824	950
824	960
824	963
824	980
824	998
825	49
825	65
825	81
825	198
825	199
825	294
825	331
825	385
825	413
825	452
825	531
825	693
825	705
825	807
825	819
825	844
825	908
825	979
826	75
826	333
826	349
826	398
826	432
826	502
826	563
826	658
826	665
826	709
826	713
826	717
826	758
826	778
826	819
826	905
826	929
826	937
827	96
827	254
827	540
827	572
827	583
827	648
827	651
827	681
827	706
827	763
827	866
827	921
827	931
827	950
827	960
827	963
827	967
827	977
827	1000
828	93
828	239
828	267
828	365
828	372
828	390
828	498
828	511
828	569
828	581
828	718
828	721
828	722
828	842
828	853
828	856
828	930
828	984
828	997
829	138
829	206
829	220
829	286
829	301
829	306
829	448
829	464
829	533
829	563
829	698
829	714
829	736
829	831
829	845
829	895
829	929
829	961
829	970
830	35
830	244
830	258
830	292
830	331
830	434
830	495
830	571
830	596
830	668
830	677
830	703
830	775
830	850
830	900
830	907
830	922
830	949
830	988
831	17
831	44
831	275
831	285
831	288
831	379
831	419
831	431
831	488
831	503
831	533
831	714
831	762
831	829
831	892
831	895
831	965
831	970
831	994
832	42
832	74
832	113
832	169
832	354
832	514
832	561
832	644
832	683
832	685
832	723
832	731
832	757
832	833
832	879
832	902
832	916
832	932
832	936
833	31
833	42
833	74
833	169
833	350
833	354
833	414
833	561
833	644
833	683
833	723
833	731
833	748
833	757
833	832
833	879
833	902
833	916
833	932
834	62
834	86
834	106
834	128
834	221
834	387
834	391
834	610
834	680
834	750
834	764
834	835
834	927
834	928
834	942
834	959
834	968
834	972
834	985
835	27
835	62
835	137
835	206
835	221
835	597
835	678
835	680
835	750
835	760
835	779
835	834
835	927
835	928
835	934
835	942
835	956
835	972
835	985
836	24
836	118
836	134
836	135
836	244
836	282
836	287
836	292
836	342
836	434
836	495
836	639
836	668
836	759
836	773
836	775
836	900
836	922
836	949
837	9
837	107
837	117
837	126
837	366
837	382
837	400
837	471
837	589
837	689
837	752
837	766
837	773
837	784
837	855
837	870
837	878
837	986
837	990
838	58
838	71
838	132
838	170
838	377
838	394
838	407
838	498
838	613
838	721
838	722
838	725
838	788
838	815
838	846
838	853
838	930
838	984
838	997
839	149
839	253
839	293
839	542
839	593
839	628
839	636
839	764
839	787
839	790
839	793
839	796
839	889
839	921
839	960
839	963
839	980
839	998
839	1000
840	61
840	155
840	216
840	219
840	264
840	295
840	330
840	361
840	469
840	584
840	609
840	641
840	666
840	795
840	802
840	843
840	885
840	899
840	943
841	107
841	156
841	200
841	291
841	325
841	366
841	471
841	508
841	520
841	589
841	635
841	743
841	752
841	784
841	821
841	855
841	884
841	899
841	990
842	170
842	173
842	299
842	321
842	339
842	459
842	581
842	684
842	718
842	725
842	788
842	806
842	808
842	815
842	828
842	853
842	930
842	984
842	997
843	13
843	61
843	209
843	216
843	219
843	264
843	361
843	469
843	484
843	522
843	609
843	641
843	666
843	795
843	840
843	885
843	893
843	899
843	943
844	438
844	445
844	450
844	468
844	517
844	570
844	679
844	703
844	724
844	751
844	801
844	825
844	850
844	864
844	890
844	907
844	912
844	988
844	994
845	159
845	370
845	492
845	645
845	743
845	749
845	781
845	820
845	829
845	859
845	867
845	875
845	887
845	888
845	918
845	959
845	966
845	994
845	999
846	71
846	130
846	132
846	146
846	350
846	365
846	390
846	511
846	581
846	641
846	721
846	722
846	788
846	806
846	808
846	815
846	838
846	984
846	997
847	304
847	318
847	363
847	456
847	457
847	516
847	543
847	567
847	579
847	582
847	614
847	619
847	741
847	821
847	862
847	896
847	898
847	969
847	974
848	14
848	110
848	153
848	171
848	194
848	272
848	376
848	403
848	475
848	614
848	656
848	711
848	791
848	873
848	915
848	939
848	942
848	957
848	977
849	118
849	228
849	307
849	336
849	500
849	665
849	707
849	744
849	761
849	787
849	793
849	796
849	866
849	889
849	950
849	955
849	980
849	998
849	1000
850	85
850	135
850	395
850	428
850	438
850	517
850	570
850	679
850	703
850	751
850	768
850	792
850	798
850	800
850	830
850	844
850	890
850	975
850	988
851	90
851	131
851	210
851	242
851	279
851	302
851	382
851	459
851	627
851	657
851	742
851	797
851	860
851	865
851	870
851	881
851	926
851	955
851	991
852	38
852	59
852	102
852	139
852	238
852	248
852	298
852	429
852	532
852	564
852	663
852	686
852	691
852	754
852	803
852	861
852	893
852	897
852	925
853	130
853	173
853	204
853	239
853	339
853	365
853	423
853	435
853	613
853	718
853	721
853	725
853	788
853	808
853	828
853	838
853	842
853	930
853	984
853	997
854	60
854	76
854	201
854	297
854	449
854	547
854	552
854	584
854	592
854	622
854	633
854	686
854	690
854	704
854	734
854	808
854	880
854	914
854	920
854	992
855	8
855	65
855	107
855	117
855	156
855	273
855	589
855	616
855	689
855	699
855	752
855	773
855	784
855	792
855	821
855	837
855	841
855	878
855	901
855	986
856	6
856	33
856	232
856	362
856	412
856	462
856	474
856	524
856	548
856	620
856	673
856	763
856	765
856	780
856	802
856	812
856	813
856	828
856	910
856	913
857	52
857	63
857	101
857	145
857	217
857	425
857	461
857	519
857	585
857	611
857	630
857	650
857	661
857	767
857	769
857	869
857	883
857	897
857	917
857	936
858	43
858	84
858	427
858	440
858	480
858	490
858	491
858	527
858	602
858	684
858	727
858	729
858	794
858	800
858	823
858	906
858	940
858	941
858	947
858	953
859	167
859	226
859	309
859	453
859	538
859	565
859	685
859	692
859	820
859	845
859	867
859	875
859	887
859	888
859	918
859	959
859	966
859	977
859	994
859	999
860	218
860	242
860	274
860	302
860	368
860	459
860	601
860	627
860	657
860	742
860	797
860	805
860	851
860	865
860	870
860	881
860	895
860	901
860	926
860	936
861	82
861	92
861	102
861	123
861	139
861	238
861	248
861	298
861	398
861	429
861	470
861	532
861	564
861	691
861	735
861	754
861	803
861	852
861	893
861	925
862	4
862	34
862	64
862	95
862	120
862	163
862	543
862	567
862	579
862	619
862	676
862	722
862	741
862	821
862	847
862	886
862	891
862	896
862	969
862	974
863	180
863	233
863	479
863	507
863	525
863	580
863	591
863	603
863	643
863	654
863	712
863	781
863	882
863	884
863	903
863	909
863	919
863	938
863	976
863	993
864	22
864	98
864	192
864	258
864	303
864	445
864	570
864	596
864	677
864	679
864	685
864	751
864	798
864	816
864	844
864	890
864	912
864	975
864	988
864	994
865	90
865	193
865	218
865	242
865	260
865	302
865	413
865	627
865	698
865	742
865	797
865	805
865	851
865	860
865	870
865	881
865	901
865	926
865	936
865	991
866	16
866	154
866	230
866	280
866	304
866	307
866	364
866	424
866	494
866	540
866	572
866	590
866	648
866	651
866	681
866	763
866	811
866	827
866	849
866	931
867	421
867	492
867	589
867	595
867	635
867	689
867	697
867	702
867	745
867	766
867	845
867	859
867	888
867	918
867	959
867	966
867	986
867	990
867	996
867	999
868	46
868	83
868	104
868	183
868	186
868	211
868	243
868	416
868	468
868	492
868	529
868	549
868	574
868	591
868	599
868	640
868	646
868	748
868	785
868	969
869	52
869	72
869	145
869	207
869	274
869	325
869	406
869	425
869	461
869	482
869	585
869	611
869	630
869	767
869	820
869	857
869	883
869	897
869	917
869	936
870	90
870	100
870	140
870	193
870	210
870	368
870	444
870	657
870	742
870	763
870	797
870	805
870	837
870	851
870	860
870	865
870	881
870	926
870	936
870	991
871	57
871	162
871	172
871	396
871	467
871	513
871	551
871	578
871	600
871	626
871	651
871	655
871	672
871	737
871	755
871	772
871	804
871	902
871	911
871	964
871	971
872	19
872	191
872	225
872	309
872	334
872	346
872	357
872	537
872	649
872	674
872	682
872	727
872	751
872	770
872	799
872	818
872	908
872	924
872	944
872	958
872	995
873	37
873	52
873	265
873	272
873	279
873	410
873	528
873	598
873	618
873	645
873	656
873	749
873	791
873	848
873	876
873	891
873	915
873	939
873	957
873	979
873	982
874	7
874	19
874	126
874	141
874	358
874	415
874	422
874	489
874	559
874	624
874	670
874	694
874	738
874	753
874	887
874	935
874	954
874	962
874	964
874	989
874	995
875	167
875	226
875	341
875	421
875	453
875	538
875	638
875	701
875	743
875	749
875	786
875	845
875	859
875	887
875	888
875	918
875	959
875	965
875	966
875	988
875	994
876	23
876	41
876	153
876	157
876	194
876	265
876	475
876	496
876	528
876	598
876	614
876	645
876	656
876	780
876	821
876	873
876	891
876	915
876	939
876	957
876	979
877	96
877	183
877	255
877	356
877	500
877	628
877	646
877	664
877	707
877	720
877	747
877	761
877	793
877	824
877	935
877	960
877	963
877	967
877	980
877	998
877	1000
878	8
878	79
878	273
878	291
878	430
878	589
878	595
878	616
878	689
878	699
878	702
878	745
878	766
878	773
878	837
878	855
878	899
878	962
878	986
878	990
878	997
879	31
879	42
879	55
879	74
879	233
879	414
879	455
879	561
879	569
879	644
879	683
879	685
879	723
879	731
879	757
879	775
879	832
879	833
879	902
879	916
879	932
880	26
880	60
880	70
880	76
880	78
880	201
880	340
880	394
880	547
880	558
880	592
880	609
880	622
880	642
880	686
880	734
880	791
880	854
880	914
880	948
880	992
881	100
881	131
881	140
881	251
881	260
881	274
881	368
881	627
881	657
881	742
881	797
881	805
881	851
881	860
881	865
881	870
881	901
881	926
881	936
881	991
881	998
882	53
882	180
882	233
882	300
882	324
882	479
882	525
882	580
882	601
882	617
882	654
882	660
882	710
882	863
882	884
882	903
882	909
882	919
882	938
882	976
882	996
883	52
883	63
883	72
883	145
883	207
883	217
883	325
883	406
883	412
883	425
883	482
883	585
883	630
883	650
883	661
883	857
883	869
883	897
883	917
883	927
883	936
884	111
884	125
884	176
884	479
884	507
884	601
884	603
884	643
884	712
884	716
884	783
884	841
884	863
884	882
884	903
884	909
884	919
884	938
884	976
884	993
884	996
885	61
885	330
885	447
885	477
885	484
885	522
885	588
885	609
885	647
885	664
885	666
885	671
885	719
885	753
885	840
885	843
885	899
885	907
885	935
885	943
885	962
886	4
886	29
886	144
886	236
886	257
886	318
886	347
886	383
886	562
886	579
886	586
886	664
886	777
886	792
886	809
886	862
886	891
886	896
886	898
886	955
886	969
887	309
887	341
887	370
887	453
887	538
887	628
887	638
887	685
887	696
887	701
887	743
887	820
887	845
887	859
887	874
887	875
887	888
887	918
887	959
887	966
887	999
888	190
888	301
888	332
888	341
888	375
888	421
888	538
888	638
888	692
888	701
888	781
888	845
888	859
888	867
888	875
888	887
888	918
888	959
888	966
888	994
888	999
889	228
889	348
889	523
889	542
889	550
889	568
889	706
889	707
889	744
889	764
889	824
889	839
889	849
889	921
889	923
889	950
889	960
889	963
889	980
889	998
889	1000
890	303
890	392
890	403
890	428
890	560
890	571
890	677
890	751
890	768
890	801
890	816
890	822
890	844
890	850
890	864
890	907
890	912
890	968
890	975
890	988
890	994
891	157
891	281
891	383
891	541
891	544
891	567
891	586
891	697
891	711
891	741
891	777
891	862
891	873
891	876
891	886
891	896
891	957
891	965
891	969
891	974
891	979
892	17
892	206
892	251
892	286
892	301
892	448
892	511
892	534
892	563
892	698
892	714
892	726
892	762
892	831
892	895
892	905
892	929
892	937
892	961
892	965
892	970
893	38
893	59
893	102
893	123
893	238
893	248
893	298
893	429
893	470
893	532
893	564
893	663
893	691
893	735
893	754
893	803
893	843
893	852
893	861
893	925
893	970
894	119
894	289
894	355
894	380
894	417
894	476
894	565
894	578
894	653
894	662
894	715
894	723
894	746
894	774
894	790
894	933
894	946
894	951
894	956
894	981
894	983
895	138
895	286
895	464
895	551
895	698
895	713
895	714
895	736
895	747
895	758
895	762
895	829
895	831
895	860
895	892
895	905
895	929
895	937
895	961
895	965
895	970
896	4
896	34
896	105
896	144
896	363
896	456
896	543
896	582
896	676
896	741
896	776
896	777
896	809
896	847
896	862
896	886
896	891
896	898
896	955
896	969
896	974
896	992
897	52
897	63
897	72
897	101
897	145
897	207
897	217
897	425
897	461
897	482
897	585
897	611
897	630
897	650
897	767
897	852
897	857
897	869
897	883
897	917
897	936
897	947
898	64
898	105
898	144
898	304
898	316
898	347
898	363
898	516
898	562
898	586
898	619
898	676
898	773
898	777
898	809
898	821
898	847
898	886
898	896
898	955
898	969
898	974
899	8
899	155
899	296
899	361
899	484
899	522
899	635
899	641
899	666
899	689
899	732
899	745
899	795
899	821
899	840
899	841
899	843
899	878
899	885
899	923
899	986
899	990
900	21
900	24
900	114
900	134
900	135
900	174
900	181
900	244
900	287
900	342
900	404
900	434
900	495
900	613
900	639
900	668
900	759
900	775
900	830
900	836
900	922
900	949
901	90
901	100
901	131
901	193
901	260
901	274
901	368
901	444
901	459
901	627
901	710
901	742
901	797
901	805
901	855
901	860
901	865
901	881
901	926
901	931
901	936
901	991
902	31
902	42
902	74
902	103
902	113
902	169
902	350
902	414
902	561
902	569
902	627
902	644
902	683
902	723
902	731
902	757
902	832
902	833
902	871
902	879
902	916
902	932
903	47
903	125
903	296
903	507
903	601
903	603
903	617
903	621
903	643
903	654
903	688
903	716
903	783
903	863
903	882
903	884
903	909
903	919
903	938
903	943
903	993
903	996
904	224
904	262
904	263
904	343
904	347
904	441
904	451
904	472
904	485
904	504
904	518
904	577
904	606
904	652
904	695
904	710
904	728
904	731
904	786
904	817
904	952
904	999
905	7
905	25
905	306
905	349
905	398
905	448
905	534
905	608
905	689
905	698
905	713
905	736
905	750
905	758
905	762
905	826
905	892
905	895
905	929
905	961
905	965
905	970
906	84
906	94
906	166
906	176
906	276
906	355
906	452
906	480
906	518
906	527
906	558
906	605
906	659
906	698
906	729
906	794
906	800
906	823
906	858
906	940
906	941
906	947
907	98
907	192
907	266
907	392
907	395
907	445
907	450
907	517
907	560
907	596
907	677
907	679
907	738
907	751
907	798
907	801
907	816
907	830
907	844
907	885
907	890
907	975
908	49
908	143
908	268
908	294
908	331
908	385
908	386
908	413
908	443
908	452
908	705
908	727
908	739
908	770
908	782
908	807
908	825
908	872
908	910
908	924
908	958
908	973
909	125
909	300
909	479
909	507
909	525
909	601
909	621
909	626
909	643
909	654
909	712
909	716
909	863
909	882
909	884
909	903
909	919
909	938
909	943
909	959
909	993
909	996
910	121
910	143
910	193
910	232
910	313
910	399
910	412
910	462
910	474
910	546
910	548
910	560
910	620
910	673
910	765
910	780
910	802
910	812
910	813
910	856
910	908
910	913
911	57
911	162
911	172
911	234
911	388
911	513
911	551
911	578
911	600
911	626
911	655
911	672
911	675
911	737
911	755
911	768
911	772
911	804
911	871
911	929
911	945
911	964
912	392
912	395
912	445
912	450
912	571
912	597
912	679
912	703
912	713
912	724
912	738
912	768
912	792
912	816
912	822
912	844
912	864
912	890
912	917
912	975
912	988
912	994
913	6
913	33
913	136
913	215
913	223
913	235
913	271
913	317
913	412
913	462
913	499
913	520
913	524
913	535
913	548
913	637
913	776
913	799
913	802
913	856
913	910
913	964
913	987
914	26
914	70
914	78
914	247
914	297
914	340
914	401
914	547
914	558
914	622
914	633
914	638
914	642
914	686
914	690
914	704
914	711
914	734
914	854
914	880
914	920
914	948
914	996
915	23
915	41
915	109
915	150
915	165
915	194
915	265
915	496
915	528
915	598
915	614
915	645
915	656
915	681
915	791
915	848
915	873
915	876
915	939
915	944
915	957
915	973
915	979
916	31
916	42
916	55
916	74
916	103
916	233
916	350
916	354
916	561
916	569
916	644
916	660
916	683
916	685
916	723
916	731
916	757
916	832
916	833
916	879
916	902
916	932
916	941
917	52
917	63
917	72
917	145
917	207
917	217
917	406
917	425
917	461
917	482
917	585
917	611
917	630
917	650
917	661
917	767
917	857
917	869
917	883
917	897
917	912
917	961
917	998
918	95
918	159
918	341
918	370
918	375
918	421
918	453
918	628
918	685
918	743
918	749
918	781
918	820
918	845
918	859
918	867
918	875
918	887
918	888
918	927
918	966
918	994
918	999
919	47
919	300
919	354
919	432
919	479
919	507
919	580
919	601
919	603
919	617
919	621
919	654
919	716
919	783
919	863
919	882
919	884
919	903
919	909
919	938
919	947
919	976
919	993
920	26
920	78
920	227
920	247
920	297
920	393
920	394
920	446
920	547
920	562
920	573
920	592
920	622
920	633
920	638
920	642
920	686
920	690
920	854
920	914
920	948
920	987
920	992
921	118
921	228
921	244
921	255
921	489
921	515
921	568
921	636
921	665
921	706
921	707
921	744
921	764
921	782
921	827
921	839
921	889
921	950
921	960
921	963
921	980
921	998
921	1000
922	24
922	80
922	114
922	134
922	135
922	174
922	244
922	282
922	292
922	342
922	404
922	434
922	639
922	668
922	759
922	775
922	830
922	836
922	900
922	925
922	949
922	968
922	977
923	97
923	293
923	338
923	356
923	389
923	500
923	542
923	583
923	646
923	707
923	720
923	744
923	761
923	793
923	796
923	824
923	889
923	899
923	950
923	960
923	967
923	980
923	998
923	1000
924	322
924	334
924	346
924	357
924	384
924	519
924	537
924	607
924	649
924	727
924	735
924	739
924	742
924	770
924	782
924	818
924	872
924	908
924	944
924	958
924	969
924	973
924	995
924	996
925	38
925	59
925	82
925	102
925	123
925	139
925	166
925	238
925	248
925	298
925	429
925	470
925	532
925	564
925	663
925	691
925	735
925	754
925	803
925	820
925	852
925	861
925	893
925	922
926	90
926	100
926	131
926	140
926	210
926	218
926	260
926	274
926	368
926	444
926	459
926	577
926	627
926	657
926	742
926	797
926	805
926	851
926	860
926	865
926	870
926	881
926	901
926	966
927	27
927	89
927	128
927	197
927	203
927	209
927	321
927	387
927	597
927	610
927	631
927	678
927	779
927	834
927	835
927	883
927	918
927	928
927	934
927	942
927	956
927	968
927	972
927	985
928	27
928	62
928	128
928	137
928	197
928	387
928	391
928	445
928	467
928	480
928	597
928	610
928	631
928	678
928	750
928	779
928	834
928	835
928	927
928	934
928	942
928	968
928	972
928	985
929	25
929	301
929	349
929	448
929	533
929	534
929	551
929	563
929	698
929	713
929	714
929	758
929	762
929	776
929	826
929	829
929	892
929	895
929	905
929	911
929	937
929	961
929	965
929	970
930	39
930	214
930	239
930	365
930	390
930	511
930	569
930	570
930	581
930	680
930	684
930	711
930	718
930	721
930	725
930	732
930	788
930	808
930	828
930	838
930	842
930	853
930	984
930	997
931	16
931	119
931	154
931	230
931	254
931	280
931	304
931	364
931	373
931	424
931	426
931	455
931	540
931	572
931	590
931	648
931	651
931	681
931	763
931	811
931	827
931	866
931	901
931	983
932	31
932	55
932	74
932	103
932	113
932	138
932	169
932	233
932	350
932	354
932	414
932	569
932	636
932	644
932	647
932	683
932	685
932	723
932	757
932	832
932	833
932	879
932	902
932	916
933	2
933	30
933	119
933	269
933	289
933	336
933	355
933	380
933	417
933	476
933	565
933	653
933	662
933	715
933	746
933	774
933	790
933	824
933	894
933	946
933	951
933	956
933	981
933	983
934	86
934	89
934	137
934	197
934	203
934	387
934	467
934	573
934	597
934	610
934	631
934	678
934	709
934	750
934	779
934	835
934	927
934	928
934	942
934	956
934	959
934	968
934	972
934	985
935	128
935	141
935	178
935	246
935	358
935	374
935	422
935	447
935	466
935	489
935	557
935	559
935	588
935	624
935	694
935	700
935	753
935	789
935	874
935	877
935	885
935	962
935	978
935	989
936	101
936	193
936	279
936	406
936	459
936	585
936	630
936	661
936	767
936	797
936	805
936	832
936	857
936	860
936	865
936	869
936	870
936	881
936	883
936	897
936	901
936	989
936	990
936	991
937	84
937	138
937	206
937	211
937	251
937	286
937	301
937	349
937	533
937	534
937	544
937	584
937	698
937	713
937	714
937	736
937	758
937	762
937	826
937	892
937	895
937	929
937	961
937	970
937	988
938	111
938	125
938	180
938	300
938	324
938	507
938	580
938	601
938	603
938	643
938	654
938	712
938	716
938	863
938	882
938	884
938	903
938	909
938	919
938	943
938	974
938	976
938	993
938	996
938	997
939	41
939	63
939	109
939	127
939	150
939	171
939	194
939	272
939	281
939	311
939	403
939	496
939	528
939	544
939	614
939	645
939	650
939	711
939	848
939	873
939	876
939	915
939	957
939	977
939	979
940	21
940	40
940	43
940	94
940	166
940	276
940	352
940	427
940	490
940	491
940	527
940	539
940	558
940	602
940	605
940	659
940	729
940	794
940	800
940	823
940	858
940	906
940	941
940	953
940	985
941	176
941	276
941	352
941	355
941	427
941	480
941	490
941	491
941	527
941	558
941	602
941	605
941	640
941	684
941	728
941	729
941	794
941	800
941	823
941	858
941	906
941	916
941	940
941	947
941	953
942	62
942	86
942	137
942	203
942	391
942	467
942	597
942	610
942	631
942	675
942	678
942	680
942	779
942	834
942	835
942	848
942	927
942	928
942	934
942	956
942	959
942	960
942	968
942	972
942	985
943	61
943	111
943	155
943	216
943	469
943	474
943	484
943	522
943	603
943	609
943	643
943	654
943	666
943	712
943	716
943	795
943	840
943	843
943	885
943	903
943	909
943	938
943	960
943	993
943	996
944	53
944	191
944	195
944	268
944	322
944	367
944	384
944	519
944	607
944	624
944	649
944	674
944	727
944	739
944	770
944	782
944	784
944	818
944	872
944	915
944	924
944	958
944	973
944	995
944	996
945	18
945	136
945	179
945	215
945	223
945	312
945	314
945	317
945	378
945	396
945	535
945	578
945	611
945	626
945	637
945	655
945	672
945	675
945	762
945	776
945	799
945	810
945	911
945	971
945	987
946	2
946	30
946	106
946	226
946	269
946	289
946	380
946	417
946	423
946	476
946	504
946	565
946	653
946	662
946	715
946	746
946	758
946	774
946	790
946	894
946	933
946	951
946	956
946	981
946	983
947	40
947	43
947	94
947	176
947	276
947	352
947	427
947	480
947	490
947	491
947	602
947	605
947	659
947	684
947	707
947	729
947	794
947	800
947	823
947	858
947	897
947	906
947	919
947	941
947	953
948	26
948	60
948	70
948	76
948	201
948	227
948	340
948	401
948	446
948	558
948	573
948	584
948	622
948	633
948	642
948	686
948	690
948	704
948	734
948	747
948	790
948	880
948	914
948	920
948	992
949	24
949	80
949	134
949	135
949	174
949	181
949	244
949	282
949	287
949	292
949	342
949	404
949	434
949	495
949	639
949	668
949	712
949	759
949	775
949	830
949	836
949	900
949	922
949	961
949	983
950	97
950	118
950	181
950	307
950	310
950	542
950	568
950	593
950	628
950	636
950	707
950	747
950	764
950	787
950	793
950	796
950	824
950	827
950	849
950	889
950	921
950	923
950	967
950	980
950	1000
951	2
951	30
951	119
951	226
951	269
951	289
951	335
951	380
951	417
951	464
951	476
951	497
951	565
951	653
951	662
951	715
951	746
951	774
951	790
951	894
951	933
951	946
951	956
951	981
951	983
952	151
952	152
952	208
952	224
952	263
952	408
952	440
952	441
952	472
952	486
952	504
952	577
952	615
952	652
952	695
952	696
952	710
952	728
952	740
952	745
952	771
952	817
952	904
952	982
952	986
952	999
953	21
953	40
953	43
953	84
953	94
953	270
953	276
953	349
953	352
953	355
953	480
953	490
953	491
953	527
953	602
953	605
953	684
953	729
953	771
953	794
953	800
953	823
953	858
953	940
953	941
953	947
954	54
954	96
954	178
954	358
954	412
954	415
954	422
954	446
954	477
954	559
954	624
954	625
954	632
954	647
954	660
954	664
954	670
954	671
954	700
954	738
954	789
954	874
954	962
954	978
954	982
954	989
955	4
955	13
955	29
955	34
955	64
955	105
955	236
955	257
955	304
955	456
955	516
955	562
955	567
955	579
955	586
955	619
955	732
955	777
955	809
955	849
955	851
955	886
955	896
955	898
955	969
955	974
956	20
956	27
956	662
956	673
956	675
956	715
956	746
956	750
956	774
956	779
956	790
956	809
956	835
956	894
956	927
956	933
956	934
956	942
956	946
956	951
956	959
956	968
956	972
956	981
956	983
956	985
957	32
957	37
957	109
957	127
957	150
957	194
957	265
957	279
957	291
957	329
957	443
957	475
957	541
957	544
957	656
957	711
957	791
957	848
957	873
957	876
957	891
957	915
957	939
957	977
957	979
957	982
958	322
958	334
958	346
958	367
958	384
958	386
958	416
958	519
958	537
958	607
958	649
958	674
958	682
958	727
958	739
958	770
958	782
958	818
958	872
958	908
958	924
958	944
958	973
958	981
958	995
958	996
959	86
959	200
959	375
959	597
959	678
959	680
959	685
959	701
959	750
959	820
959	834
959	845
959	859
959	867
959	875
959	887
959	888
959	909
959	934
959	942
959	956
959	966
959	968
959	972
959	985
959	994
960	96
960	118
960	255
960	389
960	589
960	593
960	636
960	665
960	706
960	707
960	720
960	761
960	793
960	824
960	827
960	839
960	877
960	889
960	921
960	923
960	942
960	943
960	967
960	980
960	998
960	1000
961	7
961	25
961	138
961	251
961	286
961	448
961	464
961	477
961	551
961	563
961	698
961	713
961	714
961	736
961	758
961	762
961	829
961	892
961	895
961	905
961	917
961	929
961	937
961	949
961	965
961	970
962	19
962	141
962	271
962	335
962	374
962	466
962	521
962	557
962	559
962	624
962	625
962	657
962	660
962	664
962	671
962	694
962	700
962	756
962	789
962	874
962	878
962	885
962	935
962	954
962	964
962	978
962	989
963	66
963	97
963	155
963	253
963	285
963	389
963	500
963	515
963	525
963	550
963	593
963	628
963	665
963	706
963	744
963	764
963	787
963	793
963	796
963	824
963	827
963	839
963	877
963	889
963	921
963	967
963	1000
964	141
964	179
964	231
964	234
964	237
964	246
964	396
964	489
964	576
964	626
964	632
964	647
964	655
964	670
964	671
964	672
964	675
964	772
964	804
964	871
964	874
964	911
964	913
964	962
964	971
964	978
964	989
965	7
965	17
965	206
965	301
965	349
965	398
965	448
965	533
965	534
965	551
965	608
965	698
965	713
965	714
965	736
965	758
965	762
965	831
965	875
965	891
965	892
965	895
965	905
965	929
965	961
965	970
965	971
966	159
966	226
966	341
966	370
966	375
966	421
966	453
966	492
966	513
966	538
966	628
966	685
966	692
966	701
966	743
966	749
966	820
966	845
966	859
966	867
966	875
966	887
966	888
966	918
966	926
966	959
966	994
967	32
967	82
967	175
967	278
967	315
967	336
967	377
967	545
967	546
967	563
967	720
967	730
967	747
967	764
967	779
967	787
967	793
967	814
967	819
967	822
967	827
967	877
967	923
967	950
967	960
967	963
967	982
968	128
968	137
968	197
968	203
968	209
968	221
968	387
968	391
968	597
968	610
968	631
968	675
968	678
968	680
968	750
968	779
968	834
968	890
968	922
968	927
968	928
968	934
968	942
968	956
968	959
968	972
968	985
969	34
969	144
969	163
969	184
969	257
969	347
969	363
969	456
969	516
969	543
969	562
969	567
969	586
969	619
969	741
969	777
969	809
969	847
969	862
969	868
969	886
969	891
969	896
969	898
969	924
969	955
969	974
970	25
970	206
970	218
970	306
970	349
970	398
970	410
970	448
970	464
970	484
970	534
970	551
970	698
970	713
970	714
970	736
970	807
970	829
970	831
970	892
970	893
970	895
970	905
970	929
970	937
970	961
970	965
971	5
971	11
971	57
971	162
971	172
971	179
971	231
971	234
971	261
971	378
971	396
971	478
971	513
971	600
971	626
971	655
971	672
971	725
971	737
971	755
971	772
971	804
971	810
971	871
971	945
971	964
971	965
972	27
972	86
972	122
972	128
972	321
972	387
972	391
972	467
972	597
972	610
972	631
972	675
972	678
972	680
972	750
972	756
972	779
972	834
972	835
972	927
972	928
972	934
972	942
972	956
972	959
972	968
972	985
973	19
973	191
973	195
973	291
973	295
973	322
973	334
973	346
973	357
973	367
973	519
973	537
973	607
973	674
973	682
973	727
973	739
973	749
973	770
973	782
973	818
973	908
973	915
973	924
973	944
973	958
973	995
973	996
974	4
974	29
974	95
974	245
974	257
974	318
974	347
974	363
974	383
974	456
974	516
974	517
974	567
974	579
974	619
974	668
974	676
974	777
974	809
974	821
974	847
974	862
974	891
974	896
974	898
974	938
974	955
974	969
975	85
975	120
975	258
975	356
975	366
975	428
975	438
975	450
975	517
975	570
975	596
975	672
975	677
975	724
975	738
975	751
975	768
975	798
975	801
975	816
975	822
975	850
975	864
975	890
975	907
975	912
975	988
975	994
976	47
976	111
976	125
976	180
976	208
976	324
976	458
976	479
976	486
976	507
976	580
976	601
976	617
976	621
976	643
976	656
976	712
976	716
976	781
976	783
976	794
976	863
976	882
976	884
976	919
976	938
976	993
976	996
977	32
977	41
977	109
977	153
977	165
977	171
977	265
977	279
977	311
977	376
977	403
977	494
977	528
977	544
977	598
977	618
977	645
977	656
977	711
977	791
977	827
977	848
977	859
977	922
977	939
977	957
977	979
977	982
978	19
978	54
978	73
978	182
978	246
978	260
978	271
978	335
978	358
978	374
978	447
978	521
978	557
978	559
978	588
978	670
978	694
978	700
978	738
978	753
978	756
978	774
978	789
978	935
978	954
978	962
978	964
978	989
979	23
979	37
979	110
979	150
979	157
979	171
979	194
979	213
979	272
979	281
979	496
979	530
979	541
979	544
979	618
979	645
979	656
979	711
979	791
979	825
979	873
979	876
979	891
979	915
979	939
979	957
979	977
979	982
980	59
980	97
980	255
980	515
980	568
980	583
980	636
980	707
980	720
980	744
980	747
980	761
980	764
980	787
980	793
980	796
980	811
980	824
980	839
980	849
980	877
980	889
980	921
980	923
980	950
980	960
980	998
980	1000
981	2
981	30
981	106
981	119
981	164
981	226
981	269
981	289
981	355
981	380
981	417
981	476
981	565
981	623
981	653
981	662
981	715
981	746
981	774
981	787
981	790
981	894
981	933
981	946
981	951
981	956
981	958
981	983
982	10
982	32
982	50
982	122
982	278
982	281
982	348
982	475
982	541
982	544
982	546
982	614
982	618
982	645
982	711
982	730
982	787
982	798
982	814
982	819
982	822
982	873
982	952
982	954
982	957
982	967
982	977
982	979
983	2
983	30
983	37
983	106
983	119
983	164
983	226
983	269
983	289
983	355
983	380
983	417
983	476
983	565
983	653
983	662
983	715
983	746
983	774
983	790
983	894
983	931
983	933
983	946
983	949
983	951
983	956
983	981
984	80
984	93
984	132
984	146
984	173
984	214
984	365
984	372
984	390
984	498
984	509
984	511
984	569
984	581
984	613
984	722
984	725
984	788
984	806
984	808
984	815
984	828
984	838
984	842
984	846
984	853
984	930
984	997
985	62
985	197
985	209
985	221
985	238
985	321
985	387
985	391
985	597
985	610
985	631
985	670
985	678
985	680
985	750
985	779
985	818
985	834
985	835
985	927
985	928
985	934
985	940
985	942
985	956
985	959
985	968
985	972
986	8
986	115
986	156
986	177
986	182
986	296
986	430
986	463
986	471
986	520
986	589
986	595
986	635
986	699
986	702
986	743
986	745
986	765
986	766
986	773
986	821
986	837
986	855
986	867
986	878
986	899
986	952
986	990
987	18
987	22
987	89
987	168
987	235
987	296
987	314
987	317
987	320
987	338
987	341
987	360
987	487
987	499
987	505
987	514
987	526
987	535
987	556
987	590
987	637
987	688
987	719
987	776
987	799
987	913
987	920
987	945
988	86
988	98
988	192
988	258
988	303
988	392
988	395
988	450
988	517
988	570
988	596
988	677
988	703
988	751
988	792
988	798
988	801
988	816
988	822
988	830
988	844
988	850
988	864
988	875
988	890
988	912
988	937
988	975
988	994
989	7
989	28
989	69
989	126
989	178
989	237
989	271
989	353
989	415
989	422
989	477
989	557
989	560
989	625
989	632
989	660
989	664
989	670
989	671
989	738
989	756
989	789
989	874
989	935
989	936
989	954
989	962
989	964
989	978
990	8
990	156
990	182
990	190
990	213
990	270
990	273
990	306
990	345
990	366
990	382
990	407
990	420
990	635
990	689
990	699
990	745
990	748
990	766
990	773
990	792
990	821
990	837
990	841
990	867
990	878
990	899
990	936
990	986
991	88
991	90
991	100
991	112
991	184
991	242
991	279
991	294
991	302
991	323
991	327
991	328
991	353
991	457
991	554
991	566
991	585
991	657
991	759
991	797
991	851
991	865
991	870
991	881
991	901
991	936
992	60
992	76
992	78
992	227
992	247
992	321
992	340
992	393
992	394
992	401
992	405
992	490
992	547
992	552
992	558
992	573
992	584
992	592
992	622
992	633
992	638
992	642
992	686
992	704
992	854
992	880
992	896
992	920
992	948
993	48
993	49
993	180
993	208
993	233
993	300
993	324
993	534
993	580
993	601
993	603
993	617
993	621
993	643
993	654
993	712
993	716
993	721
993	781
993	783
993	863
993	884
993	903
993	909
993	919
993	938
993	943
993	976
993	996
994	120
994	258
994	453
994	570
994	596
994	628
994	648
994	692
994	701
994	703
994	724
994	749
994	793
994	801
994	820
994	831
994	844
994	845
994	859
994	864
994	875
994	888
994	890
994	912
994	918
994	959
994	966
994	975
994	988
995	53
995	191
995	195
995	225
995	268
995	291
995	295
995	346
995	357
995	367
995	384
995	386
995	519
995	649
995	658
995	682
995	727
995	737
995	739
995	770
995	782
995	818
995	872
995	874
995	924
995	944
995	958
995	973
995	996
996	53
996	162
996	195
996	309
996	324
996	525
996	537
996	580
996	621
996	674
996	712
996	770
996	782
996	818
996	867
996	882
996	884
996	903
996	909
996	914
996	924
996	938
996	943
996	944
996	958
996	973
996	976
996	993
996	995
997	39
997	56
997	146
997	214
997	239
997	267
997	299
997	326
997	339
997	372
997	375
997	407
997	444
997	581
997	718
997	721
997	732
997	788
997	806
997	808
997	815
997	828
997	838
997	842
997	846
997	853
997	878
997	930
997	938
997	984
998	255
998	336
998	389
998	524
998	550
998	568
998	583
998	593
998	628
998	636
998	665
998	706
998	720
998	744
998	761
998	764
998	787
998	793
998	824
998	839
998	849
998	877
998	881
998	889
998	917
998	921
998	923
998	960
998	980
998	1000
999	5
999	35
999	151
999	152
999	167
999	240
999	263
999	309
999	312
999	375
999	440
999	451
999	453
999	485
999	696
999	701
999	724
999	728
999	740
999	749
999	781
999	817
999	845
999	859
999	867
999	887
999	888
999	904
999	918
999	952
1000	66
1000	174
1000	228
1000	253
1000	293
1000	307
1000	336
1000	389
1000	498
1000	550
1000	593
1000	636
1000	665
1000	706
1000	707
1000	720
1000	761
1000	770
1000	827
1000	839
1000	849
1000	877
1000	889
1000	921
1000	923
1000	950
1000	960
1000	963
1000	980
1000	998
