1	779
1	988
2	928
2	992
3	932
3	990
4	741
4	850
5	189
5	697
6	917
6	961
7	809
7	890
8	940
8	987
9	833
9	915
10	233
10	933
11	838
11	986
12	622
12	701
13	883
13	927
14	689
14	933
15	583
15	650
16	192
16	571
17	303
17	794
18	854
18	921
19	51
19	987
20	726
20	992
21	897
21	937
22	731
22	904
23	831
23	992
24	995
24	997
25	763
25	914
26	941
26	954
27	650
27	772
28	774
28	992
29	610
29	954
30	897
30	933
31	110
31	889
32	968
32	976
33	125
33	844
34	984
34	999
35	774
35	928
36	486
36	986
37	995
37	997
38	835
38	979
39	490
39	998
40	860
40	915
41	615
41	969
42	938
42	948
43	873
43	962
44	865
44	974
45	788
45	975
46	994
46	1000
47	239
47	998
48	995
48	997
49	879
49	922
50	965
50	980
51	19
51	983
52	397
52	941
53	679
53	713
54	815
54	979
55	84
55	127
56	967
56	977
57	321
57	973
58	878
58	973
59	856
59	861
60	807
60	945
61	338
61	697
62	658
62	938
63	965
63	980
64	836
64	988
65	924
65	958
66	406
66	617
67	943
67	986
68	676
68	953
69	377
69	996
70	883
70	927
71	520
71	596
72	666
72	731
73	533
73	869
74	782
74	812
75	89
75	966
76	848
76	983
77	843
77	964
78	617
78	989
79	851
79	974
80	903
80	958
81	978
81	989
82	784
82	974
83	813
83	954
84	55
84	661
84	945
85	732
85	945
86	940
86	992
87	428
87	834
88	848
88	899
89	75
89	999
90	326
90	432
91	906
91	915
92	907
92	975
93	822
93	988
94	232
94	987
94	991
95	97
95	143
96	857
96	921
97	95
97	966
98	971
98	1000
99	812
99	823
100	898
100	919
101	511
101	713
102	442
102	999
103	696
103	989
104	936
104	961
105	557
105	922
106	806
106	966
107	957
107	978
108	959
108	971
109	854
109	921
110	31
110	889
111	922
111	996
112	519
112	957
113	755
113	914
114	950
114	975
115	708
115	998
116	868
116	999
117	908
117	920
118	302
118	654
119	933
119	952
120	760
120	986
121	378
121	992
122	368
122	610
123	847
123	986
124	904
124	996
125	33
125	906
126	768
126	992
127	55
127	983
128	845
128	954
129	714
129	962
130	620
130	854
131	195
131	766
132	778
132	969
133	862
133	950
134	373
134	748
135	886
135	922
136	310
136	944
137	923
137	955
138	338
138	410
139	901
139	951
140	978
140	989
141	487
141	808
142	836
142	962
143	95
143	582
144	849
144	981
145	806
145	818
146	941
146	958
147	916
147	924
148	291
148	633
149	697
149	993
150	506
150	916
151	818
151	957
152	831
152	973
153	993
153	1000
154	984
154	999
155	965
155	980
156	968
156	976
157	867
157	997
158	696
158	989
159	413
159	628
160	968
160	976
161	193
161	983
162	614
162	886
163	950
163	975
164	499
164	874
165	855
165	928
166	342
166	782
167	959
167	979
168	843
168	964
169	679
169	845
170	947
170	956
171	568
171	957
172	845
172	994
173	719
173	957
174	848
174	911
175	991
175	997
176	749
176	817
177	443
177	999
178	794
178	948
179	630
179	998
180	317
180	653
181	984
181	999
182	377
182	996
183	198
183	743
184	906
184	911
185	964
185	990
186	951
186	958
186	975
187	553
187	698
188	995
188	997
189	5
189	410
190	641
190	974
191	432
191	444
192	16
192	902
193	161
193	941
194	459
194	989
195	131
195	858
196	870
196	919
197	598
197	930
198	183
198	887
199	502
199	966
200	958
200	988
201	984
201	999
202	389
202	730
203	467
203	945
204	493
204	730
205	976
205	995
206	826
206	847
207	909
207	927
208	877
208	966
209	242
209	685
210	228
210	869
211	821
211	974
212	931
212	949
213	648
213	969
214	739
214	954
215	939
215	987
216	843
216	861
217	982
217	999
218	572
218	976
219	931
219	949
220	919
220	953
221	807
221	828
222	820
222	998
223	994
223	1000
224	985
224	1000
225	668
225	715
226	657
226	724
227	562
227	986
228	210
228	799
229	976
229	996
230	781
230	807
231	639
231	782
232	94
232	949
233	10
233	897
234	857
234	921
235	876
235	895
236	891
236	911
237	873
237	897
238	277
238	932
239	47
239	998
240	458
240	819
241	573
241	817
242	209
242	969
243	712
243	986
244	470
244	613
245	421
245	832
246	761
246	787
247	732
247	771
248	754
248	953
249	972
249	993
250	448
250	869
251	429
251	665
252	620
252	921
253	835
253	940
254	758
254	945
255	759
255	997
256	640
256	957
257	594
257	817
258	913
258	980
259	936
259	961
260	524
260	962
261	822
261	949
262	591
262	998
263	896
263	996
264	414
264	810
265	891
265	991
266	897
266	969
267	890
267	920
268	287
268	870
269	613
269	660
270	993
270	1000
271	655
271	998
272	872
272	980
273	764
273	843
274	958
274	990
275	687
275	852
276	866
276	975
277	238
277	976
278	952
278	957
279	960
279	982
280	977
280	987
281	680
281	980
282	869
282	914
283	858
283	990
284	995
284	997
285	824
285	993
286	780
286	787
287	268
287	699
288	941
288	983
289	909
289	927
290	941
290	983
291	148
291	537
292	883
292	909
293	917
293	961
294	924
294	940
295	944
295	988
296	978
296	989
297	666
297	996
298	959
298	971
299	536
299	733
300	990
300	993
301	919
301	974
302	118
302	646
303	17
303	873
304	903
304	958
305	967
305	977
306	360
306	986
307	932
307	988
308	438
308	998
309	931
309	949
310	136
310	999
311	831
311	973
312	830
312	921
313	917
313	961
314	913
314	980
315	507
315	615
316	808
316	982
317	180
317	947
318	972
318	993
319	784
319	998
320	784
320	998
321	57
321	976
322	880
322	907
323	516
323	856
324	551
324	943
325	804
325	945
326	90
326	952
327	768
327	821
328	631
328	998
329	592
329	993
330	764
330	916
331	920
331	991
332	931
332	949
333	981
333	990
334	967
334	987
335	467
335	508
336	771
336	880
337	959
337	971
338	61
338	138
339	925
339	973
340	984
340	995
341	595
341	633
342	166
342	668
343	784
343	998
344	595
344	613
345	865
345	974
346	904
346	996
347	735
347	928
348	585
348	706
349	865
349	974
350	837
350	952
351	367
351	757
352	984
352	999
353	692
353	893
354	994
354	1000
355	947
355	950
356	914
356	982
357	947
357	956
358	400
358	996
359	981
359	990
360	306
360	816
361	804
361	945
362	795
362	864
363	984
363	999
364	984
364	999
365	970
365	998
366	653
366	697
367	351
367	744
368	122
368	594
369	970
369	1000
370	470
370	633
371	911
371	981
372	764
372	989
373	134
373	963
374	939
374	987
375	915
375	983
376	682
376	920
377	69
377	182
378	121
378	855
379	994
379	1000
380	758
380	812
381	909
381	927
382	476
382	571
383	734
383	829
384	851
384	944
385	984
385	999
386	936
386	961
387	739
387	865
388	945
389	202
389	937
390	491
390	988
391	981
391	989
392	717
392	933
393	985
393	1000
394	657
394	966
395	880
395	969
396	995
396	997
397	52
397	954
398	962
398	986
399	810
399	964
400	358
400	878
401	886
401	922
402	979
402	996
403	475
403	986
404	836
404	995
405	817
405	989
406	66
406	922
407	924
407	983
408	925
408	973
409	631
409	998
410	138
410	189
411	645
411	912
412	969
412	984
413	159
413	942
414	264
414	891
415	965
415	988
416	612
416	947
416	963
417	558
417	978
417	979
418	538
418	656
418	998
419	653
419	771
419	969
420	503
420	667
420	758
421	245
421	985
421	994
422	527
422	530
422	864
423	944
423	981
423	990
424	737
424	787
424	832
425	800
425	958
425	986
426	838
426	859
426	937
427	913
427	965
427	980
428	87
428	658
428	991
429	251
429	850
429	916
430	970
430	985
430	993
431	599
431	910
431	990
432	90
432	191
432	989
433	867
433	995
433	997
434	854
434	857
434	973
435	968
435	976
436	917
436	936
436	961
437	944
437	984
437	999
438	308
438	577
438	998
439	661
439	901
439	952
440	872
440	913
440	965
441	735
441	768
441	992
442	102
442	839
442	882
443	177
443	649
443	953
444	191
444	465
444	676
445	942
445	995
445	997
446	981
446	988
446	990
447	760
447	969
447	986
448	250
448	911
448	951
449	522
449	858
449	978
450	482
450	769
450	889
451	826
451	896
451	991
452	873
452	933
452	973
453	939
453	977
453	987
454	910
454	950
454	990
455	865
455	870
455	902
456	554
456	887
456	995
457	904
457	965
457	996
458	240
458	685
458	988
459	194
459	558
459	989
460	717
460	897
460	933
461	887
461	941
461	983
462	972
462	985
462	994
463	985
463	994
463	1000
464	939
464	977
464	987
465	444
465	696
465	989
466	777
466	920
466	991
467	203
467	335
467	736
468	846
468	900
468	938
469	849
469	912
469	991
470	244
470	370
470	633
471	869
471	874
471	938
472	932
472	981
472	990
473	591
473	903
473	958
474	713
474	755
474	845
475	403
475	760
475	859
476	382
476	898
476	974
477	747
477	925
477	973
478	572
478	783
478	850
479	710
479	925
479	973
480	833
480	968
480	976
481	967
481	977
481	987
482	450
482	889
482	893
483	713
483	772
483	845
484	628
484	832
484	886
485	731
485	904
485	996
486	36
486	847
486	986
487	141
487	718
487	991
488	888
488	936
488	961
489	809
489	956
489	972
490	39
490	790
490	912
491	390
491	988
491	990
492	854
492	972
492	994
493	204
493	838
493	937
494	823
494	954
494	983
495	955
495	963
495	982
496	725
496	982
496	996
497	872
497	913
497	980
498	766
498	981
498	993
499	164
499	696
499	706
500	880
500	967
500	987
501	647
501	804
501	945
502	199
502	771
502	969
503	420
503	758
503	812
504	728
504	767
504	971
505	506
505	783
505	924
506	150
506	505
506	916
507	315
507	738
507	912
508	335
508	709
508	736
509	798
509	951
509	967
510	657
510	901
510	951
511	101
511	845
511	976
512	555
512	972
512	994
513	738
513	790
513	912
514	808
514	924
514	996
515	720
515	868
515	999
516	323
516	847
516	856
517	843
517	861
517	964
518	917
518	936
518	961
519	112
519	722
519	978
520	71
520	597
520	918
521	665
521	820
521	998
522	449
522	978
522	989
523	734
523	923
523	960
524	260
524	984
524	999
525	597
525	862
525	881
526	722
526	793
526	957
527	422
527	709
527	864
528	763
528	944
528	990
529	701
529	829
529	989
530	422
530	598
530	864
531	705
531	882
531	962
532	573
532	594
532	817
533	73
533	937
533	986
534	993
534	994
534	1000
535	909
535	927
535	945
536	299
536	949
536	962
537	291
537	595
537	988
538	418
538	997
538	998
539	790
539	893
539	912
540	791
540	940
540	992
541	921
541	984
541	999
542	894
542	984
542	999
543	846
543	900
543	948
544	652
544	681
544	701
545	797
545	968
545	976
546	609
546	675
546	912
547	816
547	914
547	951
548	581
548	843
548	980
549	900
549	934
549	948
550	562
550	691
550	838
551	324
551	925
551	973
552	557
552	922
552	985
553	187
553	875
553	891
554	456
554	887
554	995
555	512
555	985
555	994
556	895
556	995
556	997
557	105
557	552
557	639
558	417
558	459
558	989
559	661
559	903
559	958
560	735
560	928
560	992
561	711
561	730
561	847
562	227
562	550
562	986
563	945
563	968
563	976
564	833
564	848
564	915
565	762
565	889
565	893
566	625
566	911
566	971
567	705
567	995
567	997
568	171
568	963
568	978
569	877
569	935
569	966
570	745
570	886
570	922
571	16
571	382
571	919
572	218
572	478
572	924
573	241
573	532
573	817
574	791
574	928
574	992
575	700
575	757
575	768
576	757
576	855
576	992
577	438
577	656
577	998
578	915
578	941
578	954
579	727
579	859
579	986
580	884
580	903
580	958
581	548
581	744
581	965
582	143
582	817
582	955
583	15
583	938
583	948
584	869
584	880
584	969
585	348
585	877
585	966
586	819
586	957
586	978
587	797
587	968
587	976
588	878
588	925
588	973
589	605
589	926
589	970
590	607
590	715
590	994
591	262
591	473
591	998
592	329
592	787
592	832
593	967
593	977
593	987
594	257
594	368
594	532
594	610
595	341
595	344
595	537
595	613
596	71
596	774
596	781
596	930
597	520
597	525
597	828
597	918
598	197
598	530
598	604
598	930
599	431
599	766
599	935
599	988
600	690
600	814
600	904
600	996
601	970
601	985
601	993
601	994
602	858
602	902
602	919
602	973
603	748
603	907
603	943
603	956
604	598
604	702
604	918
604	930
605	589
605	905
605	993
605	1000
606	698
606	765
606	891
606	911
607	590
607	946
607	960
607	982
608	774
608	940
608	991
608	992
609	546
609	737
609	951
609	952
610	29
610	122
610	594
610	998
611	756
611	824
611	910
611	981
612	416
612	837
612	864
612	975
613	244
613	269
613	344
613	595
614	162
614	668
614	745
614	886
615	41
615	315
615	771
615	969
616	800
616	937
616	974
616	986
617	66
617	78
617	978
617	989
618	816
618	901
618	951
618	952
619	967
619	977
619	980
619	987
620	130
620	252
620	635
620	921
621	895
621	942
621	995
621	997
622	12
622	623
622	701
622	887
623	622
623	681
623	734
623	887
624	813
624	877
624	935
624	966
625	566
625	757
625	870
625	992
626	876
626	942
626	995
626	997
627	846
627	874
627	938
627	948
628	159
628	484
628	832
628	920
629	815
629	835
629	896
629	996
630	179
630	965
630	980
630	998
631	328
631	409
631	820
631	998
632	884
632	885
632	919
632	974
633	148
633	341
633	370
633	470
634	942
634	943
634	995
634	997
635	620
635	854
635	857
635	921
636	667
636	758
636	812
636	838
637	972
637	993
637	994
637	1000
638	721
638	868
638	984
638	999
639	231
639	557
639	745
639	922
640	256
640	878
640	925
640	973
641	190
641	821
641	902
641	974
642	721
642	868
642	984
642	999
643	860
643	915
643	941
643	983
644	939
644	967
644	977
644	987
645	411
645	675
645	790
645	912
646	302
646	778
646	880
646	969
647	501
647	732
647	804
647	945
648	213
648	771
648	872
648	969
649	443
649	947
649	953
649	963
650	15
650	27
650	655
650	772
651	789
651	792
651	881
651	918
652	544
652	829
652	887
652	908
653	180
653	366
653	419
653	697
654	118
654	753
654	802
654	853
655	271
655	650
655	753
655	802
656	418
656	577
656	820
656	998
657	226
657	394
657	510
657	952
658	62
658	428
658	900
658	948
659	888
659	892
659	960
659	982
660	269
660	839
660	873
660	882
661	84
661	439
661	559
661	901
662	729
662	750
662	931
662	949
663	910
663	932
663	987
663	988
664	834
664	908
664	920
664	991
665	251
665	521
665	982
665	998
666	72
666	297
666	996
666	999
667	420
667	636
667	812
667	994
668	225
668	342
668	614
668	715
669	775
669	942
669	995
669	997
670	896
670	969
670	979
670	996
671	952
671	972
671	993
671	994
672	876
672	895
672	995
672	997
673	905
673	970
673	993
673	1000
674	842
674	906
674	971
674	1000
675	546
675	645
675	893
675	912
676	68
676	444
676	706
676	989
677	693
677	872
677	965
677	980
678	840
678	891
678	938
678	948
679	53
679	169
679	841
679	845
680	281
680	913
680	965
680	980
681	544
681	623
681	728
681	829
682	376
682	709
682	746
682	864
683	950
683	953
683	956
683	963
684	791
684	940
684	957
684	992
685	209
685	458
685	984
685	999
686	803
686	855
686	940
686	992
687	275
687	836
687	839
687	906
688	741
688	906
688	916
688	959
689	14
689	752
689	848
689	933
690	600
690	904
690	907
690	996
691	550
691	859
691	937
691	986
692	353
692	790
692	893
692	949
693	677
693	913
693	965
693	980
694	827
694	884
694	903
694	958
695	813
695	877
695	910
695	935
695	966
696	103
696	158
696	465
696	499
696	989
697	5
697	61
697	149
697	366
697	653
698	187
698	606
698	869
698	891
698	911
699	287
699	796
699	810
699	851
699	991
700	575
700	827
700	884
700	903
700	958
701	12
701	529
701	544
701	622
701	728
702	604
702	789
702	918
702	931
702	949
703	810
703	826
703	849
703	851
703	991
704	871
704	883
704	909
704	927
705	531
705	567
705	733
705	839
705	962
706	348
706	499
706	676
706	959
706	989
707	770
707	929
707	959
707	971
707	985
708	115
708	820
708	965
708	980
708	983
709	508
709	527
709	682
709	736
709	864
710	479
710	796
710	834
710	920
710	991
711	561
711	871
711	883
711	909
711	927
712	243
712	847
712	937
712	948
712	986
713	53
713	101
713	474
713	483
713	755
714	129
714	773
714	785
714	882
714	962
715	225
715	590
715	668
715	745
715	886
716	737
716	798
716	914
716	951
716	956
717	392
717	460
717	752
717	897
717	933
718	487
718	810
718	834
718	908
718	991
719	173
719	793
719	819
719	957
719	978
720	515
720	746
720	868
720	984
720	999
721	638
721	642
721	868
721	984
721	999
722	519
722	526
722	806
722	818
722	983
723	934
723	939
723	967
723	977
723	987
724	226
724	811
724	856
724	953
724	964
725	496
725	950
725	953
725	963
725	975
726	20
726	768
726	928
726	940
726	992
727	579
727	779
727	896
727	979
727	996
728	504
728	681
728	701
728	879
728	887
729	662
729	750
729	776
729	931
729	949
730	202
730	204
730	561
730	760
730	986
731	22
731	72
731	485
731	904
731	996
732	85
732	247
732	647
732	804
732	945
733	299
733	705
733	836
733	882
733	962
734	383
734	523
734	623
734	829
734	887
735	347
735	441
735	560
735	928
735	992
736	467
736	508
736	709
736	795
736	864
737	424
737	609
737	716
737	951
737	952
738	507
738	513
738	777
738	790
738	912
739	214
739	387
739	823
739	954
739	983
740	848
740	860
740	941
740	954
740	983
741	4
741	688
741	850
741	916
741	924
742	934
742	939
742	967
742	977
742	987
743	183
743	843
743	856
743	881
743	964
744	367
744	581
744	872
744	965
744	980
745	570
745	614
745	639
745	715
745	922
746	682
746	720
746	868
746	984
746	999
747	477
747	831
747	878
747	925
747	973
748	134
748	603
748	907
748	956
748	975
749	176
749	826
749	849
749	971
749	991
750	662
750	729
750	776
750	931
750	949
751	865
751	902
751	919
751	974
751	979
752	689
752	717
752	897
752	933
752	982
753	654
753	655
753	772
753	802
753	923
754	248
754	857
754	890
754	921
754	943
755	113
755	474
755	713
755	845
755	850
756	611
756	910
756	964
756	981
756	990
757	351
757	575
757	576
757	625
757	992
758	254
758	380
758	420
758	503
758	636
758	782
759	255
759	852
759	985
759	993
759	994
759	1000
760	120
760	447
760	475
760	730
760	800
760	847
761	246
761	787
761	797
761	832
761	968
761	976
762	565
762	769
762	805
762	863
762	889
762	893
763	25
763	528
763	859
763	910
763	944
763	990
764	273
764	330
764	372
764	856
764	978
764	989
765	606
765	773
765	785
765	891
765	911
765	962
766	131
766	498
766	599
766	910
766	932
766	988
767	504
767	879
767	906
767	959
767	971
767	979
768	126
768	327
768	441
768	575
768	726
768	940
769	450
769	762
769	805
769	871
769	889
769	893
770	707
770	786
770	842
770	879
770	959
770	971
771	247
771	336
771	419
771	502
771	615
771	648
772	27
772	483
772	650
772	753
772	802
772	853
773	714
773	765
773	862
773	882
773	943
773	950
774	28
774	35
774	596
774	608
774	855
774	928
775	669
775	846
775	867
775	942
775	995
775	997
776	729
776	750
776	805
776	898
776	931
776	949
777	466
777	738
777	795
777	851
777	908
777	991
778	132
778	646
778	805
778	814
778	880
778	969
779	1
779	727
779	815
779	835
779	896
779	996
780	286
780	867
780	876
780	942
780	995
780	997
781	230
781	596
781	807
781	828
781	918
781	930
782	74
782	166
782	231
782	758
782	886
782	922
783	478
783	505
783	808
783	916
783	924
783	962
784	82
784	319
784	320
784	343
784	820
784	998
785	714
785	765
785	839
785	861
785	962
785	997
786	770
786	801
786	879
786	959
786	971
786	979
787	246
787	286
787	424
787	592
787	761
787	832
788	45
788	907
788	953
788	956
788	963
788	975
789	651
789	702
789	792
789	881
789	918
789	930
790	490
790	513
790	539
790	645
790	692
790	738
791	540
791	574
791	684
791	855
791	940
791	992
792	651
792	789
792	807
792	881
792	918
792	930
793	526
793	719
793	806
793	818
793	957
793	978
794	17
794	178
794	874
794	900
794	938
794	948
795	362
795	736
795	777
795	864
795	908
795	991
796	699
796	710
796	834
796	849
796	908
796	991
797	545
797	587
797	761
797	809
797	968
797	976
798	509
798	716
798	885
798	914
798	951
798	952
799	228
799	946
799	955
799	960
799	982
799	999
800	425
800	616
800	760
800	838
800	859
800	937
801	786
801	832
801	867
801	966
801	995
801	997
802	654
802	655
802	753
802	772
802	818
802	853
803	686
803	970
803	985
803	993
803	994
803	1000
804	325
804	361
804	501
804	647
804	732
804	945
805	762
805	769
805	776
805	778
805	880
805	889
806	106
806	145
806	722
806	793
806	819
806	957
806	978
807	60
807	221
807	230
807	781
807	792
807	881
807	930
808	141
808	316
808	514
808	783
808	850
808	916
808	924
809	7
809	489
809	797
809	862
809	907
809	963
809	975
810	264
810	399
810	699
810	703
810	718
810	908
810	991
811	724
811	910
811	943
811	963
811	975
811	981
811	988
812	74
812	99
812	380
812	503
812	636
812	667
812	886
813	83
813	624
813	695
813	814
813	877
813	935
813	966
814	600
814	778
814	813
814	877
814	904
814	966
814	996
815	54
815	629
815	779
815	833
815	896
815	979
815	996
816	360
816	547
816	618
816	901
816	914
816	951
816	952
817	176
817	241
817	257
817	405
817	532
817	573
817	582
818	145
818	151
818	722
818	793
818	802
818	819
818	957
819	240
819	586
819	719
819	806
819	818
819	957
819	978
820	222
820	521
820	631
820	656
820	708
820	784
820	998
821	211
821	327
821	641
821	858
821	919
821	968
821	974
822	93
822	261
822	824
822	893
822	981
822	988
822	990
823	99
823	494
823	739
823	860
823	915
823	954
823	983
824	285
824	611
824	822
824	944
824	981
824	988
824	990
825	856
825	866
825	905
825	970
825	972
825	993
825	1000
826	206
826	451
826	703
826	749
826	830
826	908
826	991
827	694
827	700
827	884
827	903
827	958
827	991
828	221
828	597
828	781
828	881
828	918
828	930
828	974
829	383
829	529
829	652
829	681
829	734
829	887
829	946
830	312
830	826
830	834
830	849
830	851
830	908
830	991
831	23
831	152
831	311
831	747
831	878
831	925
831	973
832	245
832	424
832	484
832	592
832	628
832	761
832	787
832	801
833	9
833	480
833	564
833	815
833	941
833	968
833	976
833	983
834	87
834	664
834	710
834	718
834	796
834	830
834	920
834	933
835	38
835	253
835	629
835	779
835	896
835	966
835	979
835	996
836	64
836	142
836	404
836	687
836	733
836	861
836	882
836	962
837	350
837	612
837	890
837	907
837	943
837	947
837	963
837	975
838	11
838	426
838	493
838	550
838	636
838	800
838	859
838	986
839	442
839	660
839	687
839	705
839	785
839	861
839	873
839	962
840	678
840	885
840	899
840	923
840	926
840	955
840	960
840	982
841	679
841	934
841	939
841	967
841	977
841	987
842	674
842	770
842	879
842	906
842	929
842	959
842	971
842	979
843	77
843	168
843	216
843	273
843	517
843	548
843	743
843	964
844	33
844	888
844	894
844	917
844	929
844	936
844	961
845	128
845	169
845	172
845	474
845	483
845	511
845	679
845	755
846	468
846	543
846	627
846	775
846	874
846	900
846	938
846	948
847	123
847	206
847	486
847	516
847	561
847	712
847	760
847	937
848	76
848	88
848	174
848	564
848	689
848	740
848	954
848	983
849	144
849	469
849	703
849	749
849	796
849	830
849	920
849	991
850	4
850	429
850	478
850	741
850	755
850	808
850	916
850	924
851	79
851	384
851	699
851	703
851	777
851	830
851	932
851	991
852	275
852	759
852	970
852	972
852	985
852	993
852	994
852	1000
853	654
853	772
853	802
853	939
853	967
853	977
853	987
853	999
854	18
854	109
854	130
854	434
854	492
854	635
854	857
854	921
855	165
855	378
855	576
855	686
855	774
855	791
855	970
855	992
856	59
856	323
856	516
856	724
856	743
856	764
856	825
856	964
857	96
857	234
857	434
857	635
857	754
857	854
857	919
857	921
858	195
858	283
858	449
858	602
858	821
858	898
858	902
858	919
858	974
859	426
859	475
859	579
859	691
859	763
859	800
859	838
859	937
859	986
860	40
860	643
860	740
860	823
860	874
860	915
860	941
860	954
860	983
861	59
861	216
861	517
861	785
861	836
861	839
861	962
861	964
861	995
862	133
862	525
862	773
862	809
862	890
862	947
862	950
862	953
862	963
863	762
863	875
863	892
863	923
863	926
863	946
863	955
863	960
863	982
864	362
864	422
864	527
864	530
864	612
864	682
864	709
864	736
864	795
865	44
865	345
865	349
865	387
865	455
865	751
865	870
865	902
865	938
866	276
866	825
866	970
866	972
866	981
866	985
866	993
866	994
866	1000
867	157
867	433
867	775
867	780
867	801
867	895
867	942
867	995
867	997
868	116
868	515
868	638
868	642
868	720
868	721
868	746
868	984
868	999
869	73
869	210
869	250
869	282
869	471
869	584
869	698
869	891
869	911
870	196
870	268
870	455
870	625
870	865
870	940
870	964
870	974
870	992
871	704
871	711
871	769
871	883
871	909
871	927
872	272
872	440
872	497
872	648
872	677
872	744
872	913
872	965
872	980
873	43
873	237
873	303
873	452
873	660
873	839
873	897
873	928
873	933
874	164
874	471
874	627
874	794
874	846
874	860
874	900
874	938
874	948
875	553
875	863
875	892
875	899
875	926
875	946
875	955
875	960
875	982
876	235
876	626
876	672
876	780
876	895
876	937
876	942
876	995
876	997
877	208
877	569
877	585
877	624
877	695
877	813
877	814
877	935
877	966
878	58
878	400
878	588
878	640
878	747
878	831
878	925
878	955
878	973
879	49
879	728
879	767
879	770
879	786
879	842
879	959
879	971
879	979
880	322
880	336
880	395
880	500
880	584
880	646
880	778
880	805
880	969
881	525
881	651
881	743
881	789
881	792
881	807
881	828
881	918
881	930
882	442
882	531
882	660
882	714
882	733
882	773
882	836
882	927
882	962
883	13
883	70
883	292
883	704
883	711
883	871
883	909
883	917
883	927
884	580
884	632
884	694
884	700
884	827
884	903
884	958
885	632
885	798
885	840
885	892
885	899
885	923
885	926
885	946
885	955
885	960
886	135
886	162
886	401
886	484
886	570
886	614
886	715
886	782
886	812
886	922
887	198
887	456
887	461
887	554
887	622
887	623
887	652
887	728
887	734
887	829
888	488
888	659
888	844
888	894
888	917
888	929
888	936
888	961
889	31
889	110
889	450
889	482
889	565
889	762
889	769
889	805
889	893
889	898
890	7
890	267
890	754
890	837
890	862
890	943
890	947
890	956
890	963
890	975
891	236
891	265
891	414
891	553
891	606
891	678
891	698
891	765
891	869
891	911
892	659
892	863
892	875
892	885
892	926
892	930
892	946
892	955
892	960
892	982
893	353
893	482
893	539
893	565
893	675
893	692
893	762
893	769
893	822
893	889
894	542
894	844
894	888
894	917
894	929
894	936
894	961
895	235
895	556
895	621
895	672
895	867
895	876
895	942
895	989
895	995
895	997
896	263
896	451
896	629
896	670
896	727
896	779
896	815
896	835
896	979
896	996
897	21
897	30
897	233
897	237
897	266
897	460
897	717
897	752
897	873
897	933
898	100
898	476
898	776
898	858
898	889
898	902
898	931
898	949
898	974
899	88
899	840
899	875
899	885
899	923
899	926
899	946
899	955
899	960
899	982
900	468
900	543
900	549
900	658
900	794
900	846
900	874
900	938
900	948
900	955
901	139
901	439
901	510
901	618
901	661
901	816
901	914
901	929
901	951
901	952
902	192
902	455
902	602
902	641
902	751
902	858
902	865
902	898
902	919
902	936
902	974
903	80
903	304
903	473
903	559
903	580
903	694
903	700
903	827
903	884
903	958
904	22
904	124
904	346
904	457
904	485
904	600
904	690
904	731
904	814
904	956
904	996
905	605
905	673
905	825
905	935
905	947
905	970
905	972
905	985
905	993
905	994
905	1000
906	91
906	125
906	184
906	674
906	687
906	688
906	767
906	842
906	959
906	971
906	979
907	92
907	322
907	603
907	690
907	748
907	788
907	809
907	837
907	950
907	953
907	956
908	117
908	652
908	664
908	718
908	777
908	795
908	796
908	810
908	826
908	830
908	920
909	207
909	289
909	292
909	381
909	535
909	704
909	711
909	871
909	883
909	927
909	939
910	431
910	454
910	611
910	663
910	695
910	756
910	763
910	766
910	811
910	981
910	990
911	174
911	184
911	236
911	371
911	448
911	566
911	606
911	698
911	765
911	869
911	891
912	411
912	469
912	490
912	507
912	513
912	539
912	546
912	645
912	675
912	738
912	996
913	258
913	314
913	427
913	440
913	497
913	680
913	693
913	872
913	961
913	965
913	980
914	25
914	113
914	282
914	356
914	547
914	716
914	798
914	816
914	901
914	951
914	952
915	9
915	40
915	91
915	375
915	564
915	578
915	643
915	823
915	860
915	941
915	954
915	983
916	147
916	150
916	330
916	429
916	506
916	688
916	741
916	783
916	808
916	850
916	924
916	942
917	6
917	293
917	313
917	436
917	518
917	844
917	883
917	888
917	894
917	929
917	936
917	961
918	520
918	597
918	604
918	651
918	702
918	781
918	789
918	792
918	828
918	881
918	930
918	985
919	100
919	196
919	220
919	301
919	571
919	602
919	632
919	751
919	821
919	857
919	858
919	902
920	117
920	267
920	331
920	376
920	466
920	628
920	664
920	710
920	834
920	849
920	908
920	991
921	18
921	96
921	109
921	234
921	252
921	312
921	541
921	620
921	635
921	754
921	854
921	857
922	49
922	105
922	111
922	135
922	401
922	406
922	552
922	570
922	639
922	745
922	782
922	886
923	137
923	523
923	753
923	840
923	863
923	885
923	899
923	926
923	946
923	955
923	960
923	982
924	65
924	147
924	294
924	407
924	505
924	514
924	572
924	741
924	783
924	808
924	850
924	916
925	339
925	408
925	477
925	479
925	551
925	588
925	640
925	747
925	831
925	878
925	973
925	989
926	589
926	840
926	863
926	875
926	885
926	892
926	899
926	923
926	946
926	955
926	960
926	982
927	13
927	70
927	207
927	289
927	381
927	535
927	704
927	711
927	871
927	882
927	883
927	909
928	2
928	35
928	165
928	347
928	560
928	574
928	726
928	735
928	774
928	873
928	940
928	992
929	707
929	842
929	844
929	888
929	894
929	901
929	917
929	936
929	959
929	961
929	971
929	979
930	197
930	596
930	598
930	604
930	781
930	789
930	792
930	807
930	828
930	881
930	892
930	918
931	212
931	219
931	309
931	332
931	662
931	702
931	729
931	750
931	776
931	898
931	949
932	3
932	238
932	307
932	472
932	663
932	766
932	851
932	944
932	964
932	981
932	988
932	990
932	1000
933	10
933	14
933	30
933	119
933	392
933	452
933	460
933	689
933	717
933	752
933	834
933	873
933	897
934	549
934	723
934	742
934	841
934	939
934	967
934	977
934	987
935	569
935	599
935	624
935	695
935	813
935	877
935	905
935	966
935	970
935	972
935	985
935	993
935	1000
936	104
936	259
936	386
936	436
936	488
936	518
936	844
936	888
936	894
936	902
936	917
936	929
936	961
937	21
937	389
937	426
937	493
937	533
937	616
937	691
937	712
937	800
937	847
937	859
937	876
937	986
938	42
938	62
938	468
938	471
938	583
938	627
938	678
938	794
938	846
938	865
938	874
938	900
938	948
939	215
939	374
939	453
939	464
939	644
939	723
939	742
939	841
939	853
939	909
939	934
939	967
939	977
939	987
940	8
940	86
940	253
940	294
940	540
940	608
940	684
940	686
940	726
940	768
940	791
940	870
940	928
940	992
941	26
941	52
941	146
941	193
941	288
941	290
941	461
941	578
941	643
941	740
941	833
941	860
941	915
941	983
942	413
942	445
942	621
942	626
942	634
942	669
942	775
942	780
942	867
942	876
942	895
942	916
942	995
942	997
943	67
943	324
943	603
943	634
943	754
943	773
943	811
943	837
943	890
943	947
943	950
943	953
943	956
943	975
944	136
944	295
944	384
944	423
944	437
944	528
944	763
944	824
944	932
944	964
944	966
944	981
944	988
944	990
945	60
945	84
945	85
945	203
945	254
945	325
945	361
945	388
945	501
945	535
945	563
945	647
945	732
945	804
946	607
946	799
946	829
946	863
946	875
946	885
946	892
946	899
946	923
946	926
946	955
946	960
946	976
946	982
947	170
947	317
947	355
947	357
947	416
947	649
947	837
947	862
947	890
947	905
947	943
947	950
947	953
947	956
947	963
948	42
948	178
948	543
948	549
948	583
948	627
948	658
948	678
948	712
948	794
948	846
948	874
948	900
948	938
948	979
949	212
949	219
949	232
949	261
949	309
949	332
949	536
949	662
949	692
949	702
949	729
949	750
949	776
949	898
949	931
950	114
950	133
950	163
950	355
950	454
950	683
950	725
950	773
950	862
950	907
950	943
950	947
950	953
950	956
950	975
951	139
951	186
951	448
951	509
951	510
951	547
951	609
951	618
951	716
951	737
951	798
951	816
951	901
951	914
951	952
952	119
952	278
952	326
952	350
952	439
952	609
952	618
952	657
952	671
952	737
952	798
952	816
952	901
952	914
952	951
952	968
953	68
953	220
953	248
953	443
953	649
953	683
953	724
953	725
953	788
953	862
953	907
953	943
953	947
953	950
953	963
953	975
954	26
954	29
954	83
954	128
954	214
954	397
954	494
954	578
954	739
954	740
954	823
954	848
954	860
954	915
954	983
954	988
955	137
955	495
955	582
955	799
955	840
955	863
955	875
955	878
955	885
955	892
955	899
955	900
955	923
955	926
955	946
955	960
956	170
956	357
956	489
956	603
956	683
956	716
956	748
956	788
956	890
956	904
956	907
956	943
956	947
956	950
956	963
956	975
957	107
957	112
957	151
957	171
957	173
957	256
957	278
957	526
957	586
957	684
957	719
957	793
957	806
957	818
957	819
957	978
958	65
958	80
958	146
958	186
958	200
958	274
958	304
958	425
958	473
958	559
958	580
958	694
958	700
958	827
958	884
958	903
959	108
959	167
959	298
959	337
959	688
959	706
959	707
959	767
959	770
959	786
959	842
959	879
959	906
959	929
959	971
959	979
960	279
960	523
960	607
960	659
960	799
960	840
960	863
960	875
960	885
960	892
960	899
960	923
960	926
960	946
960	955
960	982
961	6
961	104
961	259
961	293
961	313
961	386
961	436
961	488
961	518
961	844
961	888
961	894
961	913
961	917
961	929
961	936
961	978
962	43
962	129
962	142
962	260
962	398
962	531
962	536
962	705
962	714
962	733
962	765
962	783
962	785
962	836
962	839
962	861
962	882
963	373
963	416
963	495
963	568
963	649
963	683
963	725
963	788
963	809
963	811
963	837
963	862
963	890
963	947
963	953
963	956
963	975
964	77
964	168
964	185
964	399
964	517
964	724
964	743
964	756
964	843
964	856
964	861
964	870
964	932
964	944
964	981
964	988
964	990
965	50
965	63
965	155
965	415
965	427
965	440
965	457
965	581
965	630
965	677
965	680
965	693
965	708
965	744
965	872
965	913
965	980
966	75
966	97
966	106
966	199
966	208
966	394
966	569
966	585
966	624
966	695
966	801
966	813
966	814
966	835
966	877
966	935
966	944
967	56
967	305
967	334
967	481
967	500
967	509
967	593
967	619
967	644
967	723
967	742
967	841
967	853
967	934
967	939
967	977
967	987
968	32
968	156
968	160
968	435
968	480
968	545
968	563
968	587
968	761
968	797
968	821
968	833
968	952
968	976
969	41
969	132
969	213
969	242
969	266
969	395
969	412
969	419
969	447
969	502
969	584
969	615
969	646
969	648
969	670
969	778
969	880
969	977
970	365
970	369
970	430
970	589
970	601
970	673
970	803
970	825
970	852
970	855
970	866
970	905
970	935
970	972
970	985
970	993
970	994
970	1000
971	98
971	108
971	298
971	337
971	504
971	566
971	674
971	707
971	749
971	767
971	770
971	786
971	842
971	879
971	906
971	929
971	959
971	979
972	249
972	318
972	462
972	489
972	492
972	512
972	637
972	671
972	825
972	852
972	866
972	905
972	935
972	970
972	982
972	985
972	993
972	994
972	1000
973	57
973	58
973	152
973	311
973	339
973	408
973	434
973	452
973	477
973	479
973	551
973	588
973	602
973	640
973	747
973	831
973	878
973	925
973	992
974	44
974	79
974	82
974	190
974	211
974	301
974	345
974	349
974	476
974	616
974	632
974	641
974	751
974	821
974	828
974	858
974	870
974	898
974	902
975	45
975	92
975	114
975	163
975	186
975	276
975	612
975	725
975	748
975	788
975	809
975	811
975	837
975	890
975	943
975	950
975	953
975	956
975	963
976	32
976	156
976	160
976	205
976	218
976	229
976	277
976	321
976	435
976	480
976	511
976	545
976	563
976	587
976	761
976	797
976	833
976	946
976	968
977	56
977	280
977	305
977	453
977	464
977	481
977	593
977	619
977	644
977	723
977	742
977	841
977	853
977	934
977	939
977	967
977	969
977	987
977	1000
978	81
978	107
978	140
978	296
978	417
978	449
978	519
978	522
978	568
978	586
978	617
978	719
978	764
978	793
978	806
978	819
978	957
978	961
978	989
978	994
979	38
979	54
979	167
979	402
979	417
979	670
979	727
979	751
979	767
979	786
979	815
979	835
979	842
979	879
979	896
979	906
979	929
979	948
979	959
979	971
979	996
980	50
980	63
980	155
980	258
980	272
980	281
980	314
980	427
980	497
980	548
980	619
980	630
980	677
980	680
980	693
980	708
980	744
980	872
980	913
980	965
980	997
981	144
981	333
981	359
981	371
981	391
981	423
981	446
981	472
981	498
981	611
981	756
981	811
981	822
981	824
981	866
981	910
981	932
981	944
981	964
981	988
981	990
982	217
982	279
982	316
982	356
982	495
982	496
982	607
982	659
982	665
982	752
982	799
982	840
982	863
982	875
982	892
982	899
982	923
982	926
982	946
982	960
982	972
983	51
983	76
983	127
983	161
983	288
983	290
983	375
983	407
983	461
983	494
983	643
983	708
983	722
983	739
983	740
983	823
983	833
983	848
983	860
983	915
983	941
983	954
984	34
984	154
984	181
984	201
984	340
984	352
984	363
984	364
984	385
984	412
984	437
984	524
984	541
984	542
984	638
984	642
984	685
984	720
984	721
984	746
984	868
984	999
985	224
985	393
985	421
985	430
985	462
985	463
985	552
985	555
985	601
985	707
985	759
985	803
985	852
985	866
985	905
985	918
985	935
985	970
985	972
985	993
985	994
985	1000
986	11
986	36
986	67
986	120
986	123
986	227
986	243
986	306
986	398
986	403
986	425
986	447
986	486
986	533
986	562
986	579
986	616
986	691
986	712
986	730
986	838
986	859
986	937
987	8
987	19
987	94
987	215
987	280
987	334
987	374
987	453
987	464
987	481
987	500
987	593
987	619
987	644
987	663
987	723
987	742
987	841
987	853
987	934
987	939
987	967
987	977
988	1
988	64
988	93
988	200
988	295
988	307
988	390
988	415
988	446
988	458
988	491
988	537
988	599
988	663
988	766
988	811
988	822
988	824
988	932
988	944
988	954
988	964
988	981
988	990
989	78
989	81
989	103
989	140
989	158
989	194
989	296
989	372
989	391
989	405
989	432
989	459
989	465
989	522
989	529
989	558
989	617
989	676
989	696
989	706
989	764
989	895
989	925
989	978
990	3
990	185
990	274
990	283
990	300
990	333
990	359
990	423
990	431
990	446
990	454
990	472
990	491
990	528
990	756
990	763
990	822
990	824
990	910
990	932
990	944
990	964
990	981
990	988
991	94
991	175
991	265
991	331
991	428
991	451
991	466
991	469
991	487
991	608
991	664
991	699
991	703
991	710
991	718
991	749
991	777
991	795
991	796
991	810
991	826
991	827
991	830
991	849
991	851
991	920
992	2
992	20
992	23
992	28
992	86
992	121
992	126
992	441
992	540
992	560
992	574
992	576
992	608
992	625
992	684
992	686
992	726
992	735
992	757
992	791
992	855
992	870
992	928
992	940
992	973
992	998
993	149
993	153
993	249
993	270
993	285
993	300
993	318
993	329
993	430
993	498
993	534
993	601
993	605
993	637
993	671
993	673
993	759
993	803
993	825
993	852
993	866
993	905
993	935
993	970
993	972
993	985
993	994
993	1000
994	46
994	172
994	223
994	354
994	379
994	421
994	462
994	463
994	492
994	512
994	534
994	555
994	590
994	601
994	637
994	667
994	671
994	759
994	803
994	852
994	866
994	905
994	970
994	972
994	978
994	985
994	993
994	1000
995	24
995	37
995	48
995	188
995	205
995	284
995	340
995	396
995	404
995	433
995	445
995	456
995	554
995	556
995	567
995	621
995	626
995	634
995	669
995	672
995	775
995	780
995	801
995	861
995	867
995	876
995	895
995	942
995	997
996	69
996	111
996	124
996	182
996	229
996	263
996	297
996	346
996	358
996	402
996	457
996	485
996	496
996	514
996	600
996	629
996	666
996	670
996	690
996	727
996	731
996	779
996	814
996	815
996	835
996	896
996	904
996	912
996	979
997	24
997	37
997	48
997	157
997	175
997	188
997	255
997	284
997	396
997	433
997	445
997	538
997	556
997	567
997	621
997	626
997	634
997	669
997	672
997	775
997	780
997	785
997	801
997	867
997	876
997	895
997	942
997	980
997	995
998	39
998	47
998	115
998	179
998	222
998	239
998	262
998	271
998	308
998	319
998	320
998	328
998	343
998	365
998	409
998	418
998	438
998	521
998	538
998	577
998	591
998	610
998	630
998	631
998	656
998	665
998	784
998	820
998	992
999	34
999	89
999	102
999	116
999	154
999	177
999	181
999	201
999	217
999	310
999	352
999	363
999	364
999	385
999	437
999	515
999	524
999	541
999	542
999	638
999	642
999	666
999	685
999	720
999	721
999	746
999	799
999	853
999	868
999	984
1000	46
1000	98
1000	153
1000	223
1000	224
1000	270
1000	354
1000	369
1000	379
1000	393
1000	463
1000	534
1000	605
1000	637
1000	673
1000	674
1000	759
1000	803
1000	825
1000	852
1000	866
1000	905
1000	932
1000	935
1000	970
1000	972
1000	977
1000	985
1000	993
1000	994
