1	890
1	942
1	955
1	962
2	349
2	857
2	929
2	960
3	586
3	763
3	897
3	917
4	90
4	428
4	908
4	1000
5	373
5	445
5	717
5	957
6	74
6	806
6	831
6	899
7	630
7	801
7	863
7	924
8	212
8	255
8	797
8	977
9	655
9	793
9	960
9	961
10	464
10	681
10	779
10	828
11	446
11	758
11	779
11	831
12	825
12	857
12	917
12	960
13	58
13	818
13	864
13	865
14	897
14	945
14	958
14	972
15	35
15	351
15	465
15	671
16	655
16	950
16	970
16	979
17	617
17	945
17	958
17	972
18	119
18	295
18	378
18	744
19	225
19	657
19	775
19	980
20	778
20	870
20	901
20	952
21	278
21	864
21	951
21	956
22	307
22	323
22	476
22	770
23	698
23	769
23	788
23	909
24	771
24	856
24	930
24	987
25	675
25	814
25	966
25	986
26	467
26	847
26	981
26	994
27	551
27	911
27	965
27	966
28	219
28	276
28	863
28	961
29	545
29	781
29	888
29	938
30	873
30	876
30	884
30	999
31	124
31	507
31	721
31	897
32	163
32	402
32	686
32	988
33	358
33	869
33	875
33	974
34	139
34	317
34	907
34	929
35	15
35	376
35	744
35	752
36	277
36	574
36	719
36	937
37	620
37	853
37	912
37	926
38	450
38	859
38	925
38	964
39	549
39	763
39	777
39	906
40	534
40	626
40	907
40	980
41	824
41	950
41	970
41	979
42	92
42	413
42	613
42	618
43	726
43	940
43	959
43	982
44	708
44	958
44	963
44	972
45	222
45	965
45	968
45	996
46	640
46	897
46	926
46	934
47	447
47	490
47	752
47	998
48	570
48	753
48	945
48	958
49	555
49	584
49	703
49	870
50	834
50	850
50	873
50	876
51	384
51	550
51	777
51	838
52	811
52	847
52	971
52	981
53	284
53	891
53	951
53	956
54	397
54	768
54	831
54	899
55	325
55	391
55	799
55	990
56	720
56	907
56	944
56	989
57	259
57	665
57	669
57	930
58	13
58	710
58	864
58	896
59	94
59	546
59	885
59	998
60	679
60	750
60	776
60	802
61	226
61	503
61	702
61	935
62	380
62	529
62	625
62	700
63	768
63	831
63	899
63	920
64	834
64	850
64	873
64	876
65	97
65	350
65	976
65	993
66	77
66	376
66	465
66	752
67	688
67	907
67	929
67	980
68	90
68	518
68	658
68	948
69	775
69	973
69	975
69	990
70	553
70	628
70	958
70	972
71	148
71	281
71	448
71	474
72	839
72	943
72	982
72	985
73	110
73	274
73	966
73	997
74	6
74	552
74	742
74	899
75	324
75	439
75	541
75	765
76	709
76	954
76	998
76	999
77	66
77	123
77	487
77	752
78	620
78	686
78	934
78	967
79	847
79	981
79	984
79	994
80	519
80	547
80	804
80	914
81	731
81	961
81	980
81	984
82	185
82	837
82	918
82	967
83	793
83	960
83	961
83	980
84	747
84	757
84	759
84	920
85	769
85	850
85	873
85	876
86	231
86	745
86	795
86	882
87	534
87	555
87	703
87	870
88	505
88	687
88	849
88	865
89	562
89	719
89	895
89	937
90	4
90	68
90	858
90	996
91	572
91	581
91	648
91	904
92	42
92	901
92	932
92	952
93	754
93	837
93	867
93	894
94	59
94	851
94	885
94	998
95	356
95	703
95	781
95	896
96	239
96	359
96	474
96	656
97	65
97	786
97	926
97	934
98	652
98	766
98	771
98	905
99	120
99	942
99	955
99	962
100	817
100	932
100	947
100	952
101	391
101	484
101	944
101	977
102	912
102	942
102	955
102	962
103	335
103	812
103	877
103	889
104	738
104	874
104	943
104	949
105	675
105	929
105	961
105	980
106	577
106	759
106	796
106	803
107	108
107	581
107	648
107	904
108	107
108	488
108	664
108	904
109	481
109	645
109	723
109	844
110	73
110	740
110	965
110	966
111	130
111	880
111	903
111	964
112	209
112	324
112	354
112	975
113	172
113	299
113	541
113	765
114	666
114	732
114	896
114	981
115	623
115	757
115	770
115	794
116	185
116	674
116	727
116	918
117	308
117	872
117	902
117	999
118	228
118	386
118	528
118	988
119	18
119	559
119	711
119	744
120	99
120	536
120	734
120	931
121	720
121	881
121	918
121	967
122	354
122	439
122	765
122	962
123	77
123	351
123	465
123	671
124	31
124	708
124	721
124	897
125	938
125	975
125	986
125	990
126	331
126	665
126	867
126	894
127	886
127	963
127	969
127	991
128	695
128	754
128	828
128	967
129	613
129	654
129	734
129	754
130	111
130	775
130	960
130	980
131	196
131	714
131	820
131	957
132	345
132	600
132	652
132	905
133	191
133	352
133	718
133	922
134	329
134	342
134	622
134	873
135	274
135	341
135	493
135	627
136	495
136	740
136	878
136	997
137	441
137	907
137	927
137	992
138	807
138	892
138	947
138	952
139	34
139	857
139	917
139	980
140	199
140	357
140	523
140	936
141	650
141	850
141	876
141	882
142	722
142	913
142	964
142	996
143	737
143	927
143	976
143	992
144	356
144	513
144	703
144	781
145	178
145	767
145	916
145	955
146	208
146	547
146	566
146	804
147	472
147	718
147	877
147	939
148	71
148	448
148	474
148	656
149	706
149	933
149	947
149	952
150	416
150	590
150	982
150	983
151	191
151	472
151	939
151	957
152	407
152	453
152	756
152	803
153	611
153	730
153	971
153	994
154	640
154	875
154	897
154	974
155	561
155	810
155	823
155	872
156	313
156	679
156	776
156	802
157	911
157	965
157	986
157	997
158	351
158	465
158	671
158	914
159	651
159	856
159	915
159	987
160	300
160	647
160	745
160	882
161	862
161	923
161	940
161	941
162	278
162	754
162	861
162	918
163	32
163	548
163	831
163	851
164	612
164	940
164	946
164	959
165	289
165	699
165	902
165	999
166	561
166	689
166	810
166	872
167	927
167	963
167	992
167	993
168	615
168	782
168	858
168	996
169	763
169	895
169	929
169	961
170	944
170	977
170	989
170	994
171	597
171	785
171	867
171	894
172	113
172	209
172	765
172	864
173	879
173	908
173	925
173	964
174	713
174	853
174	912
174	934
175	213
175	508
175	698
175	951
176	601
176	851
176	943
176	959
177	688
177	775
177	857
177	961
178	145
178	889
178	916
178	933
179	357
179	526
179	709
179	999
180	455
180	674
180	861
180	866
181	683
181	928
181	930
181	987
182	682
182	826
182	976
182	993
183	506
183	654
183	868
183	931
184	230
184	466
184	818
184	946
185	82
185	116
185	436
185	967
186	313
186	362
186	776
186	802
187	847
187	971
187	981
187	994
188	363
188	686
188	941
188	985
189	199
189	751
189	978
189	999
190	726
190	745
190	795
190	882
191	133
191	151
191	738
191	874
192	230
192	849
192	909
192	949
193	782
193	908
193	974
193	1000
194	637
194	737
194	764
194	963
195	923
195	940
195	982
195	985
196	131
196	401
196	500
196	870
197	554
197	596
197	809
197	944
198	487
198	671
198	968
198	974
199	140
199	189
199	892
199	978
200	423
200	809
200	968
200	996
201	540
201	717
201	939
201	949
202	546
202	701
202	885
202	998
203	533
203	552
203	893
203	938
204	808
204	921
204	958
204	972
205	252
205	688
205	783
205	857
206	321
206	773
206	805
206	823
207	520
207	524
207	772
207	888
208	146
208	223
208	422
208	519
209	112
209	172
209	354
209	765
210	397
210	840
210	899
210	938
211	552
211	759
211	899
211	920
212	8
212	473
212	944
212	995
213	175
213	931
213	946
213	951
214	254
214	980
214	981
214	984
215	846
215	973
215	975
215	990
216	887
216	948
216	974
216	996
217	773
217	805
217	810
217	872
218	714
218	812
218	874
218	949
219	28
219	498
219	919
219	924
220	504
220	860
220	916
220	933
221	668
221	761
221	838
221	937
222	45
222	343
222	974
222	996
223	208
223	364
223	434
223	547
224	297
224	597
224	867
224	894
225	19
225	684
225	721
225	883
226	61
226	750
226	928
226	999
227	512
227	743
227	770
227	794
228	118
228	817
228	851
228	988
229	477
229	830
229	987
229	1000
230	184
230	192
230	868
230	956
231	86
231	788
231	956
231	991
232	726
232	795
232	882
232	918
233	821
233	898
233	975
233	990
234	352
234	715
234	939
234	949
235	513
235	545
235	555
235	584
236	617
236	808
236	958
236	972
237	646
237	678
237	748
237	795
238	239
238	359
238	950
238	979
239	96
239	238
239	656
239	973
240	770
240	840
240	888
240	986
241	673
241	889
241	949
241	957
242	682
242	866
242	927
242	993
243	433
243	797
243	977
243	989
244	582
244	913
244	964
244	987
245	291
245	915
245	930
245	987
246	674
246	828
246	866
246	967
247	911
247	966
247	986
247	997
248	449
248	478
248	981
248	994
249	285
249	729
249	804
249	989
250	260
250	485
250	758
250	779
251	338
251	460
251	574
251	723
252	205
252	374
252	783
252	929
253	748
253	780
253	795
253	882
254	214
254	805
254	823
254	923
255	8
255	944
255	977
255	995
256	653
256	813
256	827
256	994
257	471
257	877
257	949
257	1000
258	695
258	788
258	861
258	881
259	57
259	387
259	538
259	988
260	250
260	892
260	932
260	947
261	367
261	559
261	595
261	711
261	744
262	749
262	751
262	935
262	936
262	999
263	693
263	928
263	943
263	982
263	983
264	638
264	697
264	871
264	950
264	970
265	466
265	767
265	818
265	891
265	951
266	818
266	864
266	891
266	951
266	956
267	510
267	730
267	787
267	981
267	994
268	653
268	658
268	827
268	981
268	994
269	790
269	880
269	913
269	925
269	964
270	723
270	859
270	879
270	913
270	964
271	495
271	814
271	911
271	965
271	997
272	701
272	742
272	901
272	932
272	952
273	302
273	438
273	532
273	600
273	766
274	73
274	135
274	341
274	885
274	997
275	305
275	600
275	811
275	827
275	981
276	28
276	433
276	829
276	924
276	935
277	36
277	318
277	719
277	749
277	843
278	21
278	162
278	489
278	686
278	967
279	427
279	580
279	857
279	907
279	980
280	474
280	656
280	865
280	883
280	951
281	71
281	359
281	448
281	599
281	656
282	653
282	732
282	787
282	813
282	847
283	698
283	788
283	891
283	946
283	951
284	53
284	687
284	864
284	951
284	983
285	249
285	515
285	965
285	977
285	989
286	287
286	844
286	853
286	855
286	926
287	286
287	361
287	479
287	616
287	855
288	426
288	591
288	719
288	838
288	937
289	165
289	644
289	676
289	799
289	999
290	484
290	488
290	598
290	648
290	904
291	245
291	446
291	485
291	758
291	779
292	854
292	896
292	965
292	966
292	997
293	705
293	801
293	863
293	919
293	924
294	304
294	819
294	853
294	912
294	926
295	18
295	537
295	595
295	606
295	711
296	395
296	652
296	667
296	774
296	995
297	224
297	325
297	661
297	867
297	894
298	580
298	812
298	907
298	917
298	960
299	113
299	354
299	439
299	541
299	765
300	160
300	647
300	678
300	748
300	882
301	902
301	955
301	962
301	998
301	999
302	273
302	667
302	771
302	895
302	995
303	901
303	926
303	932
303	947
303	952
304	294
304	573
304	912
304	926
304	934
305	275
305	811
305	813
305	827
305	847
306	457
306	607
306	772
306	888
306	986
307	22
307	382
307	470
307	574
307	937
308	117
308	780
308	857
308	935
308	936
309	420
309	973
309	975
309	990
309	1000
310	405
310	422
310	698
310	818
310	956
311	942
311	955
311	962
311	984
311	988
312	655
312	824
312	898
312	970
312	979
313	156
313	186
313	750
313	802
313	916
314	509
314	776
314	802
314	928
314	992
315	696
315	785
315	821
315	973
315	975
316	800
316	890
316	942
316	955
316	962
317	34
317	677
317	793
317	929
317	961
318	277
318	349
318	746
318	906
318	937
319	890
319	942
319	955
319	962
319	980
320	445
320	668
320	869
320	968
320	1000
321	206
321	488
321	572
321	581
321	904
322	463
322	694
322	736
322	860
322	933
323	22
323	556
323	770
323	794
323	883
324	75
324	112
324	541
324	765
324	840
325	55
325	297
325	809
325	815
325	977
326	486
326	651
326	905
326	915
326	987
327	593
327	630
327	829
327	863
327	919
328	437
328	824
328	921
328	945
328	972
329	134
329	586
329	708
329	721
329	897
330	533
330	830
330	856
330	930
330	987
331	126
331	392
331	798
331	870
331	894
332	346
332	566
332	804
332	914
332	955
333	571
333	705
333	863
333	924
333	941
334	520
334	820
334	874
334	949
334	954
335	103
335	718
335	849
335	939
335	954
336	338
336	645
336	723
336	844
336	967
337	763
337	777
337	825
337	869
337	937
338	251
338	336
338	409
338	645
338	855
339	539
339	736
339	767
339	916
339	933
340	440
340	469
340	696
340	975
340	990
341	135
341	274
341	965
341	966
341	997
342	134
342	526
342	657
342	883
342	897
343	222
343	858
343	900
343	968
343	1000
344	443
344	713
344	819
344	849
344	946
345	132
345	600
345	632
345	715
345	995
346	332
346	422
346	556
346	804
346	836
347	393
347	659
347	808
347	945
347	972
348	839
348	921
348	943
348	982
348	985
349	2
349	318
349	793
349	837
349	918
350	65
350	374
350	764
350	910
350	992
351	15
351	123
351	158
351	671
351	752
352	133
352	234
352	874
352	922
352	957
353	786
353	927
353	969
353	991
353	992
354	112
354	122
354	209
354	299
354	765
355	890
355	942
355	955
355	962
355	999
356	95
356	144
356	555
356	781
356	870
357	140
357	179
357	526
357	935
357	999
358	33
358	478
358	653
358	670
358	787
359	96
359	238
359	281
359	385
359	474
360	799
360	914
360	973
360	975
360	990
361	287
361	511
361	645
361	844
361	855
362	186
362	446
362	485
362	681
362	758
363	188
363	567
363	915
363	928
363	987
364	223
364	434
364	566
364	804
364	914
365	507
365	622
365	708
365	883
365	966
366	493
366	538
366	835
366	854
366	997
367	261
367	537
367	559
367	711
367	744
368	491
368	573
368	819
368	912
368	934
369	487
369	767
369	871
369	898
369	979
370	572
370	598
370	648
370	664
370	904
371	378
371	757
371	768
371	831
371	893
372	871
372	898
372	950
372	970
372	979
373	5
373	650
373	673
373	939
373	954
374	252
374	350
374	580
374	960
374	980
375	387
375	475
375	548
375	669
375	988
376	35
376	66
376	465
376	487
376	671
377	499
377	819
377	853
377	912
377	926
378	18
378	371
378	537
378	595
378	744
379	650
379	834
379	850
379	873
379	876
380	62
380	708
380	845
380	897
380	987
381	869
381	875
381	948
381	996
381	1000
382	307
382	441
382	783
382	857
382	984
383	459
383	621
383	756
383	796
383	803
384	51
384	746
384	838
384	895
384	906
385	359
385	410
385	585
385	656
385	911
386	118
386	475
386	528
386	851
386	988
387	259
387	375
387	528
387	669
387	988
388	449
388	715
388	922
388	944
388	949
389	639
389	792
389	953
389	969
389	991
390	432
390	885
390	900
390	908
390	996
391	55
391	101
391	848
391	925
391	989
392	331
392	401
392	468
392	798
392	894
393	347
393	427
393	870
393	958
393	980
394	890
394	942
394	955
394	962
394	988
395	296
395	600
395	771
395	905
395	995
396	753
396	822
396	945
396	958
396	972
397	54
397	210
397	757
397	902
397	920
398	557
398	714
398	874
398	954
398	957
399	765
399	931
399	951
399	996
399	1000
400	440
400	536
400	654
400	868
400	931
401	196
401	392
401	407
401	634
401	870
402	32
402	834
402	850
402	873
402	876
403	623
403	681
403	743
403	794
403	883
404	855
404	874
404	954
404	957
404	990
405	310
405	602
405	687
405	849
405	919
406	420
406	433
406	635
406	919
406	924
407	152
407	401
407	609
407	796
407	803
408	646
408	841
408	854
408	925
408	966
409	338
409	460
409	511
409	723
409	844
410	385
410	685
410	824
410	970
410	979
411	701
411	892
411	901
411	947
411	952
412	482
412	678
412	726
412	745
412	882
413	42
413	443
413	596
413	816
413	989
414	828
414	837
414	866
414	905
414	918
415	577
415	599
415	609
415	756
415	803
416	150
416	644
416	862
416	910
416	923
417	704
417	914
417	973
417	975
417	990
418	690
418	824
418	950
418	970
418	979
419	650
419	834
419	850
419	873
419	876
420	309
420	406
420	435
420	821
420	990
421	440
421	613
421	654
421	734
421	931
422	208
422	310
422	346
422	547
422	804
423	200
423	576
423	858
423	887
423	1000
424	685
424	836
424	862
424	910
424	959
425	526
425	699
425	751
425	832
425	998
426	288
426	562
426	574
426	895
426	917
427	279
427	393
427	783
427	917
427	929
428	4
428	875
428	948
428	968
428	1000
429	826
429	953
429	976
429	991
429	992
430	464
430	681
430	758
430	779
430	812
431	753
431	842
431	933
431	945
431	972
432	390
432	668
432	825
432	947
432	996
433	243
433	276
433	406
433	575
433	863
434	223
434	364
434	519
434	556
434	804
435	420
435	696
435	973
435	975
435	990
436	185
436	728
436	828
436	973
436	990
437	328
437	553
437	921
437	945
437	972
438	273
438	766
438	771
438	832
438	995
439	75
439	122
439	299
439	541
439	765
440	340
440	400
440	421
440	654
440	734
440	931
441	137
441	382
441	534
441	907
441	980
441	984
442	497
442	697
442	871
442	950
442	970
442	979
443	344
443	413
443	456
443	716
443	944
443	989
444	761
444	799
444	821
444	973
444	975
444	990
445	5
445	320
445	480
445	905
445	968
445	1000
446	11
446	291
446	362
446	681
446	758
446	779
447	47
447	490
447	546
447	601
447	885
447	998
448	71
448	148
448	281
448	474
448	656
448	833
449	248
449	388
449	471
449	939
449	971
449	994
450	38
450	713
450	819
450	853
450	912
450	926
451	570
451	729
451	816
451	970
451	979
451	995
452	486
452	638
452	850
452	868
452	873
452	987
453	152
453	609
453	621
453	796
453	803
453	904
454	648
454	666
454	732
454	820
454	847
454	904
455	180
455	739
455	892
455	901
455	932
455	947
456	443
456	618
456	816
456	944
456	978
456	989
457	306
457	689
457	755
457	772
457	888
457	986
458	747
458	768
458	840
458	848
458	893
458	899
459	383
459	466
459	621
459	756
459	796
459	803
460	251
460	409
460	481
460	645
460	723
460	844
461	470
461	476
461	514
461	746
461	906
461	937
462	512
462	560
462	743
462	794
462	825
462	883
463	322
463	504
463	592
463	694
463	889
463	933
464	10
464	430
464	681
464	758
464	779
464	975
465	15
465	66
465	123
465	158
465	376
465	487
466	184
466	265
466	459
466	687
466	818
466	956
467	26
467	494
467	811
467	847
467	981
467	994
468	392
468	597
468	661
468	798
468	867
468	894
469	340
469	525
469	821
469	884
469	973
469	990
470	307
470	461
470	476
470	514
470	777
470	906
471	257
471	449
471	760
471	855
471	874
471	889
472	147
472	151
472	820
472	939
472	949
472	957
473	212
473	515
473	716
473	733
473	815
473	816
474	71
474	96
474	148
474	280
474	359
474	448
475	375
475	386
475	563
475	669
475	851
475	988
476	22
476	461
476	470
476	562
476	838
476	937
477	229
477	567
477	830
477	915
477	987
477	994
478	248
478	358
478	532
478	591
478	981
478	994
479	287
479	723
479	844
479	868
479	910
479	940
480	445
480	782
480	948
480	968
480	974
480	996
481	109
481	460
481	511
481	616
481	844
481	914
482	412
482	557
482	647
482	726
482	795
482	882
483	689
483	773
483	805
483	810
483	823
483	872
484	101
484	290
484	572
484	581
484	664
484	904
485	250
485	291
485	362
485	681
485	758
485	779
486	326
486	452
486	569
486	631
486	915
486	987
487	77
487	198
487	369
487	376
487	465
487	671
488	108
488	290
488	321
488	598
488	829
488	904
489	278
489	727
489	837
489	881
489	967
489	979
490	47
490	447
490	546
490	752
490	885
490	998
491	368
491	510
491	642
491	732
491	926
491	934
492	790
492	879
492	880
492	913
492	925
492	964
493	135
493	366
493	854
493	878
493	965
493	997
494	467
494	787
494	813
494	872
494	981
494	994
495	136
495	271
495	835
495	854
495	965
495	997
496	810
496	812
496	820
496	877
496	922
496	949
497	442
497	766
497	771
497	969
497	992
497	995
498	219
498	725
498	801
498	829
498	919
498	924
499	377
499	521
499	819
499	912
499	934
499	945
500	196
500	718
500	755
500	820
500	949
500	954
501	886
501	910
501	958
501	976
501	992
501	993
502	608
502	656
502	658
502	869
502	908
502	948
503	61
503	688
503	857
503	907
503	961
503	980
504	220
504	463
504	860
504	889
504	916
504	933
505	88
505	568
505	672
505	865
505	956
505	1000
506	183
506	536
506	654
506	734
506	756
506	868
507	31
507	365
507	640
507	721
507	897
507	997
508	175
508	602
508	619
508	891
508	896
508	956
509	314
509	750
509	776
509	802
509	859
509	928
510	267
510	491
510	732
510	787
510	811
510	981
511	361
511	409
511	481
511	616
511	844
511	855
512	227
512	462
512	560
512	743
512	794
512	827
513	144
513	235
513	545
513	584
513	781
513	931
514	461
514	470
514	550
514	838
514	895
514	906
515	285
515	473
515	554
515	800
515	833
515	989
516	531
516	603
516	741
516	762
516	978
516	980
517	782
517	887
517	948
517	968
517	996
517	1000
518	68
518	593
518	850
518	873
518	879
518	903
519	80
519	208
519	434
519	556
519	566
519	914
520	207
520	334
520	636
520	755
520	888
520	938
521	499
521	620
521	853
521	912
521	926
521	934
522	584
522	737
522	786
522	963
522	969
522	992
523	140
523	527
523	659
523	945
523	958
523	972
524	207
524	637
524	643
524	888
524	938
524	986
525	469
525	680
525	704
525	973
525	975
525	991
526	179
526	342
526	357
526	425
526	978
526	999
527	523
527	880
527	921
527	945
527	958
527	972
528	118
528	386
528	387
528	548
528	972
528	988
529	62
529	569
529	751
529	884
529	935
529	999
530	539
530	592
530	706
530	736
530	916
530	933
531	516
531	624
531	741
531	884
531	935
531	998
532	273
532	478
532	632
532	652
532	771
532	995
533	203
533	330
533	583
533	747
533	757
533	920
534	40
534	87
534	441
534	688
534	960
534	980
535	689
535	690
535	773
535	805
535	810
535	872
536	120
536	400
536	506
536	654
536	734
536	868
537	295
537	367
537	378
537	595
537	711
537	744
538	259
538	366
538	854
538	885
538	911
538	997
539	339
539	530
539	860
539	916
539	933
539	948
540	201
540	580
540	877
540	889
540	922
540	939
541	75
541	113
541	299
541	324
541	439
541	765
542	704
542	853
542	934
542	960
542	973
542	990
543	601
543	641
543	927
543	963
543	992
543	993
544	564
544	836
544	921
544	923
544	941
544	971
545	29
545	235
545	513
545	703
545	781
545	861
545	870
546	59
546	202
546	447
546	490
546	752
546	885
546	998
547	80
547	146
547	223
547	422
547	556
547	746
547	804
548	163
548	375
548	528
548	669
548	851
548	969
548	988
549	39
549	591
549	605
549	690
549	746
549	823
549	872
550	51
550	514
550	562
550	719
550	746
550	895
550	937
551	27
551	846
551	854
551	878
551	956
551	965
551	966
552	74
552	203
552	211
552	572
552	742
552	840
552	938
553	70
553	437
553	753
553	768
553	945
553	958
553	972
554	197
554	515
554	800
554	809
554	848
554	977
554	989
555	49
555	87
555	235
555	356
555	584
555	781
555	870
556	323
556	346
556	434
556	519
556	547
556	606
556	914
557	398
557	482
557	812
557	877
557	922
557	939
557	954
558	562
558	763
558	834
558	873
558	876
558	937
558	970
559	119
559	261
559	367
559	595
559	711
559	744
559	878
560	462
560	512
560	623
560	743
560	770
560	794
560	883
561	155
561	166
561	773
561	805
561	823
561	872
561	985
562	89
562	426
562	476
562	550
562	558
562	749
562	906
563	475
563	817
563	892
563	901
563	932
563	947
563	952
564	544
564	923
564	940
564	943
564	959
564	983
564	985
565	675
565	814
565	846
565	911
565	932
565	966
565	986
566	146
566	332
566	364
566	519
566	789
566	804
566	914
567	363
567	477
567	631
567	830
567	845
567	930
567	987
568	505
568	875
568	900
568	948
568	968
568	974
568	996
569	486
569	529
569	871
569	936
569	970
569	978
569	979
570	48
570	451
570	685
570	898
570	950
570	970
570	979
571	333
571	801
571	829
571	863
571	919
571	924
571	974
572	91
572	321
572	370
572	484
572	552
572	664
572	904
573	304
573	368
573	819
573	853
573	912
573	926
573	934
574	36
574	251
574	307
574	426
574	895
574	906
574	917
575	433
575	740
575	801
575	854
575	919
575	924
575	997
576	423
576	588
576	825
576	900
576	968
576	996
576	1000
577	106
577	415
577	599
577	621
577	756
577	796
577	925
578	583
578	598
578	664
578	799
578	904
578	975
578	990
579	662
579	694
579	940
579	941
579	943
579	983
579	985
580	279
580	298
580	374
580	540
580	929
580	960
580	961
581	91
581	107
581	321
581	484
581	664
581	904
581	918
582	244
582	790
582	859
582	903
582	913
582	925
582	964
583	533
583	578
583	806
583	831
583	893
583	899
583	920
584	49
584	235
584	513
584	522
584	555
584	703
584	781
585	385
585	835
585	878
585	885
585	965
585	986
585	997
586	3
586	329
586	640
586	721
586	883
586	897
586	915
587	778
587	817
587	892
587	901
587	932
587	947
587	952
588	576
588	649
588	794
588	875
588	968
588	974
588	996
589	673
589	877
589	885
589	957
589	965
589	966
589	997
590	150
590	686
590	692
590	866
590	921
590	923
590	983
591	288
591	478
591	549
591	730
591	761
591	895
591	981
592	463
592	530
592	731
592	819
592	860
592	916
592	933
593	327
593	518
593	790
593	879
593	903
593	925
593	964
594	629
594	695
594	740
594	754
594	852
594	866
594	967
595	261
595	295
595	378
595	537
595	559
595	711
595	744
596	197
596	413
596	741
596	800
596	944
596	977
596	989
597	171
597	224
597	468
597	798
597	867
597	870
597	942
598	290
598	370
598	488
598	578
598	648
598	664
598	904
599	281
599	415
599	577
599	621
599	756
599	796
599	803
600	132
600	273
600	275
600	345
600	395
600	766
600	995
601	176
601	447
601	543
601	707
601	774
601	959
601	985
602	405
602	508
602	616
602	691
602	849
602	864
602	956
603	516
603	738
603	884
603	923
603	936
603	982
603	983
604	605
604	697
604	824
604	898
604	950
604	970
604	979
605	549
605	604
605	824
605	871
605	898
605	950
605	970
606	295
606	556
606	787
606	804
606	843
606	914
606	994
607	306
607	636
607	643
607	755
607	772
607	888
607	986
608	502
608	825
608	887
608	908
608	974
608	996
608	1000
609	407
609	415
609	453
609	756
609	796
609	803
609	877
610	625
610	719
610	725
610	761
610	838
610	936
610	978
611	153
611	666
611	813
611	827
611	977
611	981
611	994
612	164
612	769
612	788
612	891
612	896
612	946
612	956
613	42
613	129
613	421
613	734
613	845
613	868
613	931
614	692
614	836
614	910
614	923
614	943
614	982
614	983
615	168
615	705
615	725
615	801
615	863
615	919
615	924
616	287
616	481
616	511
616	602
616	645
616	723
616	844
617	17
617	236
617	628
617	753
617	921
617	945
617	958
617	972
618	42
618	456
618	729
618	815
618	944
618	977
618	989
618	993
619	508
619	769
619	865
619	891
619	896
619	909
619	946
619	951
620	37
620	78
620	521
620	814
620	819
620	912
620	926
620	934
621	383
621	453
621	459
621	577
621	599
621	756
621	796
621	998
622	134
622	365
622	640
622	657
622	708
622	721
622	842
622	897
623	115
623	403
623	560
623	743
623	770
623	794
623	883
623	893
624	531
624	712
624	741
624	780
624	935
624	944
624	998
624	999
625	62
625	610
625	644
625	700
625	702
625	856
625	978
625	999
626	40
626	677
626	775
626	907
626	929
626	960
626	980
626	984
627	135
627	835
627	846
627	878
627	909
627	911
627	986
627	997
628	70
628	617
628	645
628	659
628	921
628	945
628	958
628	972
629	594
629	639
629	710
629	828
629	837
629	963
629	976
629	993
630	7
630	327
630	705
630	725
630	775
630	829
630	919
630	924
631	486
631	567
631	830
631	845
631	915
631	930
631	956
631	987
632	345
632	532
632	652
632	667
632	766
632	890
632	905
632	995
633	657
633	693
633	839
633	862
633	923
633	941
633	982
633	985
634	401
634	661
634	731
634	781
634	785
634	798
634	867
634	894
635	406
635	725
635	801
635	829
635	863
635	919
635	924
635	974
636	520
636	607
636	643
636	736
636	755
636	772
636	888
636	986
637	194
637	524
637	643
637	755
637	772
637	888
637	938
637	986
638	264
638	452
638	830
638	845
638	856
638	915
638	930
638	987
639	389
639	629
639	663
639	764
639	963
639	969
639	991
639	993
640	46
640	154
640	507
640	586
640	622
640	657
640	677
640	708
641	543
641	748
641	764
641	927
641	969
641	991
641	992
641	993
642	491
642	735
642	921
642	940
642	941
642	943
642	959
642	985
643	524
643	607
643	636
643	637
643	755
643	888
643	900
643	986
644	289
644	416
644	625
644	709
644	884
644	935
644	936
644	999
645	109
645	336
645	338
645	361
645	460
645	616
645	628
645	723
646	237
646	408
646	745
646	882
646	884
646	902
646	978
646	999
647	160
647	300
647	482
647	678
647	745
647	748
647	795
647	882
648	91
648	107
648	290
648	370
648	454
648	598
648	904
648	955
649	588
649	782
649	840
649	875
649	887
649	900
649	948
649	1000
650	141
650	373
650	379
650	419
650	834
650	850
650	873
650	876
651	159
651	326
651	845
651	856
651	915
651	928
651	930
651	987
652	98
652	132
652	296
652	532
652	632
652	771
652	989
652	995
653	256
653	268
653	282
653	358
653	670
653	672
653	787
653	994
654	129
654	183
654	400
654	421
654	440
654	506
654	536
654	931
655	9
655	16
655	312
655	871
655	898
655	950
655	970
655	979
656	96
656	148
656	239
656	280
656	281
656	385
656	448
656	502
657	19
657	342
657	622
657	633
657	640
657	708
657	897
657	994
658	68
658	268
658	502
658	668
658	672
658	887
658	900
658	1000
659	347
659	523
659	628
659	753
659	921
659	945
659	958
659	972
660	665
660	730
660	830
660	845
660	856
660	915
660	930
660	987
661	297
661	468
661	634
661	731
661	798
661	810
661	867
661	894
662	579
662	839
662	940
662	943
662	959
662	983
662	985
662	989
663	639
663	737
663	758
663	886
663	953
663	976
663	991
663	992
664	108
664	370
664	484
664	572
664	578
664	581
664	598
664	904
665	57
665	126
665	660
665	830
665	845
665	915
665	928
665	987
666	114
666	454
666	611
666	769
666	827
666	864
666	891
666	994
667	296
667	302
667	632
667	766
667	771
667	905
667	988
667	995
668	221
668	320
668	432
668	658
668	789
668	887
668	948
668	974
669	57
669	375
669	387
669	475
669	548
669	851
669	988
669	995
670	358
670	653
670	711
670	730
670	813
670	843
670	847
670	994
671	15
671	123
671	158
671	198
671	351
671	376
671	487
671	752
672	505
672	653
672	658
672	858
672	869
672	900
672	948
672	1000
673	241
673	373
673	589
673	717
673	718
673	922
673	949
673	969
674	116
674	180
674	246
674	695
674	779
674	866
674	918
674	967
675	25
675	105
675	565
675	814
675	846
675	965
675	966
675	997
676	289
676	699
676	762
676	832
676	884
676	936
676	978
676	999
677	317
677	626
677	640
677	783
677	793
677	907
677	960
677	961
678	237
678	300
678	412
678	647
678	726
678	748
678	882
678	888
679	60
679	156
679	750
679	776
679	785
679	802
679	928
679	997
680	525
680	704
680	799
680	821
680	914
680	973
680	974
680	975
680	990
681	10
681	362
681	403
681	430
681	446
681	464
681	485
681	758
681	779
682	182
682	242
682	792
682	953
682	963
682	969
682	976
682	991
682	993
683	181
683	830
683	845
683	856
683	915
683	928
683	930
683	964
683	987
684	225
684	791
684	890
684	942
684	955
684	962
684	971
684	984
684	988
685	410
685	424
685	570
685	824
685	871
685	898
685	950
685	970
685	979
686	32
686	78
686	188
686	278
686	590
686	728
686	852
686	982
686	983
687	88
687	284
687	405
687	466
687	788
687	896
687	909
687	946
687	956
688	67
688	177
688	205
688	503
688	534
688	907
688	929
688	960
688	961
689	166
689	457
689	483
689	535
689	690
689	773
689	805
689	823
689	872
690	418
690	535
690	549
690	689
690	773
690	805
690	810
690	823
690	872
691	602
691	698
691	769
691	858
691	865
691	909
691	946
691	951
691	956
692	590
692	614
692	750
692	836
692	851
692	941
692	982
692	983
692	985
693	263
693	633
693	939
693	940
693	941
693	959
693	982
693	983
693	985
694	322
694	463
694	579
694	706
694	842
694	860
694	889
694	916
694	933
695	128
695	258
695	594
695	674
695	714
695	727
695	754
695	828
695	918
696	315
696	340
696	435
696	799
696	821
696	833
696	973
696	975
696	990
697	264
697	442
697	604
697	824
697	871
697	898
697	950
697	970
697	979
698	23
698	175
698	283
698	310
698	691
698	868
698	876
698	931
698	956
699	165
699	425
699	676
699	709
699	712
699	935
699	978
699	998
699	999
700	62
700	625
700	764
700	832
700	902
700	935
700	936
700	978
700	998
701	202
701	272
701	411
701	807
701	817
701	901
701	932
701	947
701	952
702	61
702	625
702	722
702	859
702	881
702	903
702	936
702	964
702	978
703	49
703	87
703	95
703	144
703	545
703	584
703	781
703	870
703	988
704	417
704	525
704	542
704	680
704	799
704	821
704	973
704	975
704	990
705	293
705	333
705	615
705	630
705	801
705	862
705	863
705	919
705	924
706	149
706	530
706	694
706	731
706	767
706	860
706	889
706	916
706	933
707	601
707	786
707	822
707	826
707	913
707	976
707	991
707	992
707	993
708	44
708	124
708	329
708	365
708	380
708	622
708	640
708	657
708	883
709	76
709	179
709	644
709	699
709	760
709	762
709	800
709	936
709	978
710	58
710	629
710	727
710	754
710	852
710	861
710	881
710	918
710	967
711	119
711	261
711	295
711	367
711	537
711	559
711	595
711	670
711	744
712	624
712	699
712	751
712	760
712	902
712	936
712	966
712	978
712	999
713	174
713	344
713	450
713	819
713	843
713	853
713	912
713	926
713	934
714	131
714	218
714	398
714	695
714	855
714	877
714	949
714	954
714	957
715	234
715	345
715	388
715	717
715	874
715	877
715	922
715	954
715	957
716	443
716	473
716	797
716	809
716	815
716	944
716	968
716	977
716	989
717	5
717	201
717	673
717	715
717	738
717	820
717	874
717	954
717	957
717	973
718	133
718	147
718	335
718	500
718	673
718	812
718	922
718	939
718	957
718	992
719	36
719	89
719	277
719	288
719	550
719	610
719	838
719	895
719	906
719	983
720	56
720	121
720	728
720	848
720	852
720	866
720	957
720	967
720	977
720	989
721	31
721	124
721	225
721	329
721	507
721	586
721	622
721	883
721	891
721	897
722	142
722	702
722	859
722	879
722	880
722	903
722	913
722	925
722	964
722	990
723	109
723	251
723	270
723	336
723	409
723	460
723	479
723	616
723	645
723	844
724	728
724	784
724	791
724	890
724	942
724	955
724	962
724	971
724	984
724	988
725	498
725	610
725	615
725	630
725	635
725	801
725	829
725	863
725	919
725	924
726	43
726	190
726	232
726	412
726	482
726	678
726	745
726	748
726	795
726	882
727	116
727	489
727	695
727	710
727	728
727	852
727	861
727	866
727	892
727	967
728	436
728	686
728	720
728	724
728	727
728	763
728	837
728	852
728	861
728	881
729	249
729	451
729	618
729	733
729	797
729	848
729	946
729	977
729	989
729	995
730	153
730	267
730	591
730	660
730	670
730	811
730	827
730	843
730	981
730	994
731	81
731	592
731	634
731	661
731	706
731	798
731	860
731	867
731	894
731	933
732	114
732	282
732	454
732	491
732	510
732	813
732	843
732	969
732	981
732	994
733	473
733	729
733	751
733	800
733	809
733	815
733	816
733	977
733	989
733	995
734	120
734	129
734	421
734	440
734	506
734	536
734	613
734	735
734	868
734	931
735	642
735	734
735	836
735	923
735	940
735	941
735	943
735	982
735	983
735	985
736	322
736	339
736	530
736	636
736	862
736	916
736	959
736	982
736	983
736	985
737	143
737	194
737	522
737	663
737	826
737	927
737	953
737	963
737	972
737	976
738	104
738	191
738	603
738	717
738	858
738	908
738	954
738	974
738	996
738	1000
739	455
739	778
739	807
739	817
739	892
739	901
739	932
739	947
739	952
739	958
740	110
740	136
740	575
740	594
740	814
740	835
740	878
740	885
740	965
740	997
741	516
741	531
741	596
741	624
741	760
741	780
741	832
741	902
741	935
741	999
742	74
742	272
742	552
742	759
742	768
742	831
742	840
742	893
742	920
742	938
743	227
743	403
743	462
743	512
743	560
743	623
743	770
743	794
743	883
743	978
744	18
744	35
744	119
744	261
744	367
744	378
744	537
744	559
744	595
744	711
745	86
745	160
745	190
745	412
745	646
745	647
745	726
745	748
745	795
745	818
746	318
746	384
746	461
746	547
746	549
746	550
746	749
746	761
746	906
746	937
747	84
747	458
747	533
747	759
747	768
747	841
747	893
747	899
747	920
747	947
748	237
748	253
748	300
748	641
748	647
748	678
748	726
748	745
748	795
748	882
749	262
749	277
749	562
749	746
749	763
749	832
749	922
749	935
749	978
749	999
750	60
750	226
750	313
750	509
750	679
750	692
750	776
750	785
750	802
750	928
751	189
751	262
751	425
751	529
751	712
751	733
751	760
751	884
751	936
751	998
752	35
752	47
752	66
752	77
752	351
752	490
752	546
752	671
752	948
752	998
753	48
753	396
753	431
753	553
753	617
753	659
753	945
753	958
753	972
753	981
754	93
754	128
754	129
754	162
754	594
754	695
754	710
754	828
754	881
754	967
755	457
755	500
755	520
755	607
755	636
755	637
755	643
755	772
755	938
755	986
756	152
756	383
756	415
756	459
756	506
756	577
756	599
756	609
756	621
756	796
756	803
757	84
757	115
757	371
757	397
757	533
757	806
757	893
757	899
757	920
757	938
757	957
758	11
758	250
758	291
758	362
758	430
758	446
758	464
758	485
758	663
758	681
758	779
759	84
759	106
759	211
759	742
759	747
759	768
759	806
759	831
759	840
759	899
759	938
760	471
760	709
760	712
760	741
760	751
760	762
760	780
760	902
760	936
760	978
760	999
761	221
761	444
761	591
761	610
761	746
761	763
761	777
761	813
761	825
761	906
761	917
762	516
762	676
762	709
762	760
762	832
762	902
762	935
762	936
762	953
762	978
762	998
763	3
763	39
763	169
763	337
763	558
763	728
763	749
763	761
763	777
763	838
763	937
764	194
764	350
764	639
764	641
764	700
764	822
764	953
764	969
764	976
764	991
764	993
765	75
765	113
765	122
765	172
765	209
765	299
765	324
765	354
765	399
765	439
765	541
766	98
766	273
766	438
766	497
766	600
766	632
766	667
766	771
766	905
766	950
766	995
767	145
767	265
767	339
767	369
767	706
767	860
767	898
767	916
767	950
767	970
767	979
768	54
768	63
768	371
768	458
768	553
768	742
768	747
768	759
768	806
768	893
768	920
769	23
769	85
769	612
769	619
769	666
769	691
769	849
769	864
769	865
769	896
769	909
770	22
770	115
770	227
770	240
770	323
770	560
770	623
770	743
770	776
770	794
770	883
771	24
771	98
771	302
771	395
771	438
771	497
771	532
771	652
771	667
771	766
771	905
772	207
772	306
772	457
772	607
772	636
772	637
772	755
772	888
772	938
772	982
772	986
773	206
773	217
773	483
773	535
773	561
773	689
773	690
773	810
773	823
773	872
773	898
774	296
774	601
774	822
774	826
774	886
774	953
774	969
774	976
774	991
774	992
774	993
775	19
775	69
775	130
775	177
775	626
775	630
775	793
775	857
775	929
775	961
775	980
776	60
776	156
776	186
776	314
776	509
776	679
776	750
776	770
776	785
776	802
776	928
777	39
777	51
777	337
777	470
777	761
777	763
777	825
777	876
777	895
777	906
777	937
778	20
778	587
778	739
778	807
778	817
778	867
778	892
778	901
778	932
778	947
778	952
779	10
779	11
779	250
779	291
779	430
779	446
779	464
779	485
779	674
779	681
779	758
780	253
780	308
780	624
780	741
780	760
780	832
780	884
780	902
780	978
780	998
780	999
781	29
781	95
781	144
781	356
781	513
781	545
781	555
781	584
781	634
781	703
781	870
782	168
782	193
782	480
782	517
782	649
782	858
782	900
782	950
782	968
782	974
782	996
783	205
783	252
783	382
783	427
783	677
783	929
783	960
783	961
783	967
783	980
783	984
784	724
784	791
784	890
784	942
784	955
784	962
784	971
784	984
784	986
784	988
785	171
785	315
785	634
785	679
785	750
785	776
785	798
785	802
785	867
785	894
785	928
786	97
786	353
786	522
786	707
786	792
786	807
786	826
786	963
786	969
786	991
786	992
786	993
787	267
787	282
787	358
787	494
787	510
787	606
787	653
787	843
787	859
787	971
787	981
787	994
788	23
788	231
788	258
788	283
788	612
788	687
788	818
788	849
788	891
788	896
788	909
788	946
789	566
789	668
789	800
789	833
789	869
789	908
789	944
789	948
789	977
789	989
789	995
789	996
790	269
790	492
790	582
790	593
790	842
790	859
790	880
790	903
790	913
790	925
790	933
790	964
791	684
791	724
791	784
791	890
791	897
791	942
791	955
791	962
791	971
791	984
791	988
792	389
792	682
792	786
792	797
792	886
792	927
792	953
792	959
792	963
792	976
792	991
792	993
793	9
793	83
793	317
793	349
793	677
793	775
793	917
793	960
793	961
793	966
793	980
793	984
794	115
794	227
794	323
794	403
794	462
794	512
794	560
794	588
794	623
794	743
794	770
794	883
795	86
795	190
795	232
795	237
795	253
795	482
795	647
795	726
795	745
795	748
795	882
795	940
796	106
796	383
796	407
796	453
796	459
796	577
796	599
796	609
796	621
796	756
796	803
796	839
797	8
797	243
797	716
797	729
797	792
797	800
797	809
797	816
797	848
797	946
797	977
797	995
798	331
798	392
798	468
798	597
798	634
798	661
798	731
798	785
798	867
798	870
798	875
798	894
799	55
799	289
799	360
799	444
799	578
799	680
799	696
799	704
799	914
799	973
799	975
799	990
800	316
800	515
800	554
800	596
800	709
800	733
800	789
800	797
800	816
800	829
800	848
800	977
801	7
801	293
801	498
801	571
801	575
801	615
801	635
801	705
801	725
801	829
801	834
801	919
802	60
802	156
802	186
802	313
802	314
802	509
802	679
802	750
802	776
802	785
802	928
802	939
803	106
803	152
803	383
803	407
803	415
803	453
803	459
803	599
803	609
803	756
803	796
803	911
804	80
804	146
804	249
804	332
804	346
804	364
804	422
804	434
804	547
804	566
804	606
804	914
805	206
805	217
805	254
805	483
805	535
805	561
805	689
805	690
805	810
805	823
805	872
805	993
806	6
806	583
806	757
806	759
806	768
806	840
806	841
806	893
806	899
806	911
806	920
806	982
807	138
807	701
807	739
807	778
807	786
807	817
807	892
807	901
807	932
807	937
807	947
807	952
808	204
808	236
808	347
808	846
808	911
808	945
808	958
808	965
808	966
808	972
808	984
808	997
809	197
809	200
809	325
809	554
809	716
809	733
809	797
809	815
809	848
809	944
809	977
809	995
810	155
810	166
810	217
810	483
810	496
810	535
810	661
810	690
810	773
810	805
810	823
810	872
811	52
811	275
811	305
811	467
811	510
811	730
811	827
811	843
811	863
811	971
811	981
811	994
812	103
812	218
812	298
812	430
812	496
812	557
812	718
812	877
812	939
812	949
812	954
812	957
813	256
813	282
813	305
813	494
813	611
813	670
813	732
813	761
813	827
813	843
813	847
813	981
814	25
814	271
814	565
814	620
814	675
814	740
814	846
814	854
814	878
814	965
814	966
814	981
815	325
815	473
815	618
815	716
815	733
815	809
815	816
815	833
815	848
815	886
815	944
815	989
815	995
816	413
816	451
816	456
816	473
816	733
816	797
816	800
816	815
816	848
816	949
816	977
816	989
816	995
817	100
817	228
817	563
817	587
817	701
817	739
817	778
817	807
817	892
817	901
817	932
817	947
817	952
818	13
818	184
818	265
818	266
818	310
818	466
818	745
818	788
818	849
818	864
818	868
818	909
818	946
819	294
819	344
819	368
819	377
819	450
819	499
819	573
819	592
819	620
819	713
819	912
819	926
819	934
820	131
820	334
820	454
820	472
820	496
820	500
820	717
820	855
820	877
820	922
820	939
820	954
820	957
821	233
821	315
821	420
821	444
821	469
821	680
821	696
821	704
821	833
821	903
821	973
821	975
821	990
822	396
822	707
822	764
822	774
822	886
822	910
822	927
822	953
822	963
822	976
822	991
822	992
822	993
823	155
823	206
823	254
823	483
823	549
823	561
823	689
823	690
823	773
823	805
823	810
823	872
823	933
824	41
824	312
824	328
824	410
824	418
824	604
824	605
824	685
824	697
824	871
824	950
824	970
824	979
825	12
825	337
825	432
825	462
825	576
825	608
825	761
825	777
825	887
825	895
825	906
825	917
825	1000
826	182
826	429
826	707
826	737
826	774
826	786
826	886
826	953
826	963
826	969
826	987
826	991
826	993
827	256
827	268
827	275
827	305
827	512
827	611
827	666
827	730
827	811
827	813
827	919
827	971
827	994
828	10
828	128
828	246
828	414
828	436
828	629
828	695
828	754
828	861
828	866
828	881
828	918
828	967
829	276
829	327
829	488
829	498
829	571
829	630
829	635
829	725
829	800
829	801
829	863
829	919
829	924
830	229
830	330
830	477
830	567
830	631
830	638
830	660
830	665
830	683
830	856
830	930
830	968
830	987
831	6
831	11
831	54
831	63
831	163
831	371
831	583
831	742
831	759
831	840
831	841
831	893
831	920
832	425
832	438
832	676
832	700
832	741
832	749
832	762
832	780
832	884
832	902
832	936
832	998
832	999
833	448
833	515
833	696
833	789
833	815
833	821
833	888
833	914
833	944
833	973
833	975
833	989
833	990
834	50
834	64
834	379
834	402
834	419
834	558
834	650
834	801
834	850
834	873
834	876
834	942
834	988
835	366
835	495
835	585
835	627
835	740
835	854
835	878
835	879
835	885
835	911
835	966
835	986
835	997
836	346
836	424
836	544
836	614
836	692
836	735
836	839
836	862
836	940
836	941
836	943
836	983
836	985
837	82
837	93
837	349
837	414
837	489
837	629
837	728
837	852
837	861
837	881
837	918
837	943
837	967
838	51
838	221
838	288
838	384
838	476
838	514
838	610
838	719
838	763
838	906
838	910
838	917
838	937
839	72
839	348
839	633
839	662
839	796
839	836
839	862
839	923
839	941
839	943
839	959
839	982
839	983
840	210
840	240
840	324
840	458
840	552
840	649
840	742
840	759
840	806
840	831
840	841
840	893
840	920
841	408
841	747
841	806
841	831
841	840
841	860
841	880
841	893
841	903
841	913
841	920
841	925
841	964
842	431
842	622
842	694
842	790
842	860
842	879
842	880
842	903
842	913
842	916
842	933
842	964
842	990
843	277
843	606
843	670
843	713
843	730
843	732
843	787
843	811
843	813
843	847
843	971
843	981
843	994
844	109
844	286
844	336
844	361
844	409
844	460
844	479
844	481
844	511
844	616
844	723
844	855
844	999
845	380
845	567
845	613
845	631
845	638
845	651
845	660
845	665
845	683
845	850
845	856
845	930
845	987
846	215
846	551
846	565
846	627
846	675
846	808
846	814
846	854
846	911
846	936
846	965
846	966
846	997
847	26
847	52
847	79
847	187
847	282
847	305
847	454
847	467
847	670
847	813
847	843
847	853
847	994
848	391
848	458
848	554
848	720
848	729
848	797
848	800
848	809
848	815
848	816
848	882
848	944
848	977
848	989
849	88
849	192
849	335
849	344
849	405
849	602
849	769
849	788
849	818
849	891
849	931
849	946
849	951
849	956
850	50
850	64
850	85
850	141
850	379
850	402
850	419
850	452
850	518
850	650
850	834
850	845
850	873
850	876
851	94
851	163
851	176
851	228
851	386
851	475
851	548
851	669
851	692
851	959
851	982
851	983
851	985
851	988
852	594
852	686
852	710
852	720
852	727
852	728
852	837
852	861
852	866
852	881
852	918
852	932
852	967
852	991
853	37
853	174
853	286
853	294
853	377
853	450
853	521
853	542
853	573
853	713
853	847
853	912
853	926
853	934
854	292
854	366
854	408
854	493
854	495
854	538
854	551
854	575
854	814
854	835
854	846
854	928
854	965
854	997
855	286
855	287
855	338
855	361
855	404
855	471
855	511
855	714
855	820
855	844
855	886
855	922
855	949
855	979
856	24
856	159
856	330
856	625
856	638
856	651
856	660
856	683
856	830
856	845
856	915
856	930
856	972
856	987
857	2
857	12
857	139
857	177
857	205
857	279
857	308
857	382
857	503
857	775
857	907
857	960
857	961
857	993
858	90
858	168
858	343
858	423
858	672
858	691
858	738
858	782
858	875
858	900
858	905
858	908
858	968
858	1000
859	38
859	270
859	509
859	582
859	702
859	722
859	787
859	790
859	879
859	880
859	903
859	913
859	925
859	964
860	220
860	322
860	504
860	539
860	592
860	694
860	706
860	731
860	767
860	841
860	842
860	889
860	916
860	933
861	162
861	180
861	258
861	545
861	710
861	727
861	728
861	828
861	837
861	852
861	866
861	881
861	918
861	967
862	161
862	416
862	424
862	633
862	705
862	736
862	836
862	839
862	910
862	921
862	941
862	959
862	983
862	985
863	7
863	28
863	293
863	327
863	333
863	433
863	571
863	615
863	635
863	705
863	725
863	811
863	829
863	919
864	13
864	21
864	58
864	172
864	266
864	284
864	602
864	666
864	769
864	818
864	865
864	891
864	896
864	946
864	951
865	13
865	88
865	280
865	505
865	619
865	691
865	769
865	864
865	868
865	909
865	915
865	931
865	946
865	951
865	956
866	180
866	242
866	246
866	414
866	590
866	594
866	674
866	720
866	727
866	828
866	852
866	861
866	881
866	918
866	967
867	93
867	126
867	171
867	224
867	297
867	468
867	597
867	634
867	661
867	731
867	778
867	785
867	798
867	894
867	938
868	183
868	230
868	400
868	452
868	479
868	506
868	536
868	613
868	698
868	734
868	818
868	865
868	896
868	909
868	931
869	33
869	320
869	337
869	381
869	502
869	672
869	789
869	875
869	887
869	900
869	908
869	968
869	996
869	998
869	1000
870	20
870	49
870	87
870	196
870	331
870	356
870	393
870	401
870	545
870	555
870	597
870	703
870	781
870	798
870	894
871	264
871	369
871	372
871	442
871	569
871	605
871	655
871	685
871	697
871	824
871	898
871	909
871	950
871	970
871	979
872	117
872	155
872	166
872	217
872	483
872	494
872	535
872	549
872	561
872	689
872	690
872	773
872	805
872	810
872	823
873	30
873	50
873	64
873	85
873	134
873	379
873	402
873	419
873	452
873	518
873	558
873	650
873	834
873	850
873	876
874	104
874	191
874	218
874	334
874	352
874	398
874	404
874	471
874	715
874	717
874	889
874	939
874	954
874	957
874	967
875	33
875	154
875	381
875	428
875	568
875	588
875	649
875	798
875	858
875	869
875	878
875	905
875	948
875	974
875	996
876	30
876	50
876	64
876	85
876	141
876	379
876	402
876	419
876	558
876	650
876	698
876	777
876	834
876	850
876	873
877	103
877	147
877	257
877	496
877	540
877	557
877	589
877	609
877	714
877	715
877	812
877	820
877	922
877	954
877	957
878	136
878	493
878	551
878	559
878	585
878	627
878	740
878	814
878	835
878	875
878	911
878	965
878	966
878	986
878	997
879	173
879	270
879	492
879	518
879	593
879	722
879	835
879	842
879	859
879	880
879	903
879	913
879	925
879	964
879	989
880	111
880	269
880	492
880	527
880	722
880	790
880	841
880	842
880	859
880	879
880	903
880	913
880	925
880	964
880	976
881	121
881	258
881	489
881	702
881	710
881	728
881	754
881	828
881	837
881	852
881	861
881	866
881	918
881	967
881	985
882	86
882	141
882	160
882	190
882	232
882	253
882	300
882	412
882	482
882	646
882	647
882	678
882	726
882	748
882	795
882	848
883	225
883	280
883	323
883	342
883	365
883	403
883	462
883	560
883	586
883	623
883	708
883	721
883	743
883	770
883	794
883	897
884	30
884	469
884	529
884	531
884	603
884	644
884	646
884	676
884	751
884	780
884	832
884	902
884	904
884	935
884	978
884	998
885	59
885	94
885	202
885	274
885	390
885	447
885	490
885	538
885	546
885	585
885	589
885	740
885	835
885	924
885	966
885	998
886	127
886	501
886	663
886	774
886	792
886	815
886	822
886	826
886	855
886	953
886	963
886	969
886	976
886	991
886	992
886	993
887	216
887	423
887	517
887	608
887	649
887	658
887	668
887	825
887	869
887	889
887	900
887	936
887	968
887	974
887	996
887	1000
888	29
888	207
888	240
888	306
888	457
888	520
888	524
888	607
888	636
888	637
888	643
888	678
888	772
888	833
888	938
888	986
889	103
889	178
889	241
889	463
889	471
889	504
889	540
889	694
889	706
889	860
889	874
889	887
889	916
889	929
889	949
889	954
890	1
890	316
890	319
890	355
890	394
890	632
890	684
890	724
890	784
890	791
890	942
890	955
890	962
890	971
890	984
890	988
891	53
891	265
891	266
891	283
891	508
891	612
891	619
891	666
891	721
891	788
891	849
891	864
891	909
891	931
891	946
891	951
892	138
892	199
892	260
892	411
892	455
892	563
892	587
892	727
892	739
892	778
892	807
892	817
892	901
892	932
892	947
892	952
893	203
893	371
893	458
893	583
893	623
893	742
893	747
893	757
893	768
893	806
893	831
893	840
893	841
893	899
893	920
893	938
894	93
894	126
894	171
894	224
894	297
894	331
894	392
894	468
894	634
894	661
894	731
894	785
894	798
894	867
894	870
894	971
895	89
895	169
895	302
895	384
895	426
895	514
895	550
895	574
895	591
895	719
895	777
895	825
895	906
895	917
895	937
895	996
896	58
896	95
896	114
896	292
896	508
896	612
896	619
896	687
896	769
896	788
896	864
896	868
896	909
896	931
896	951
896	956
897	3
897	14
897	31
897	46
897	124
897	154
897	329
897	342
897	380
897	507
897	586
897	622
897	657
897	721
897	791
897	883
898	233
898	312
898	369
898	372
898	570
898	604
898	605
898	655
898	685
898	697
898	767
898	773
898	871
898	950
898	970
898	979
899	6
899	54
899	63
899	74
899	210
899	211
899	458
899	583
899	747
899	757
899	759
899	806
899	893
899	920
899	938
899	979
900	343
900	390
900	568
900	576
900	643
900	649
900	658
900	672
900	782
900	858
900	869
900	887
900	905
900	908
900	948
900	974
900	996
901	20
901	92
901	272
901	303
901	411
901	455
901	563
901	587
901	701
901	739
901	778
901	807
901	817
901	892
901	932
901	947
901	952
902	117
902	165
902	301
902	397
902	646
902	700
902	712
902	741
902	760
902	762
902	780
902	832
902	884
902	935
902	936
902	978
902	998
903	111
903	518
903	582
903	593
903	702
903	722
903	790
903	821
903	841
903	842
903	859
903	879
903	880
903	913
903	925
903	952
903	964
904	91
904	107
904	108
904	290
904	321
904	370
904	453
904	454
904	484
904	488
904	572
904	578
904	581
904	598
904	648
904	664
904	884
905	98
905	132
905	326
905	395
905	414
905	445
905	632
905	667
905	766
905	771
905	858
905	875
905	900
905	908
905	948
905	995
905	1000
906	39
906	318
906	384
906	461
906	470
906	514
906	562
906	574
906	719
906	746
906	761
906	777
906	825
906	838
906	895
906	917
906	982
907	34
907	40
907	56
907	67
907	137
907	279
907	298
907	441
907	503
907	626
907	677
907	688
907	857
907	960
907	980
907	984
907	998
908	4
908	173
908	193
908	390
908	502
908	608
908	738
908	789
908	858
908	869
908	900
908	905
908	948
908	968
908	974
908	996
908	1000
909	23
909	192
909	619
909	627
909	687
909	691
909	769
909	788
909	818
909	865
909	868
909	871
909	891
909	896
909	931
909	946
909	956
910	350
910	416
910	424
910	479
910	501
910	614
910	822
910	838
910	862
910	927
910	943
910	953
910	954
910	959
910	969
910	991
910	992
911	27
911	157
911	247
911	271
911	385
911	538
911	565
911	627
911	803
911	806
911	808
911	835
911	846
911	878
911	965
911	966
911	986
911	997
912	37
912	102
912	174
912	294
912	304
912	368
912	377
912	450
912	499
912	521
912	573
912	620
912	713
912	819
912	853
912	926
912	934
912	977
913	142
913	244
913	269
913	270
913	492
913	582
913	707
913	722
913	790
913	841
913	842
913	859
913	879
913	880
913	903
913	925
913	964
913	992
914	80
914	158
914	332
914	360
914	364
914	417
914	481
914	519
914	556
914	566
914	606
914	680
914	799
914	804
914	833
914	973
914	975
914	990
915	159
915	245
915	326
915	363
915	477
915	486
915	586
915	631
915	638
915	651
915	660
915	665
915	683
915	856
915	865
915	928
915	930
915	987
916	145
916	178
916	220
916	313
916	339
916	504
916	530
916	539
916	592
916	694
916	706
916	736
916	767
916	842
916	860
916	889
916	933
916	984
917	3
917	12
917	139
917	298
917	426
917	427
917	574
917	761
917	793
917	825
917	838
917	895
917	906
917	937
917	960
917	961
917	976
917	980
918	82
918	116
918	121
918	162
918	232
918	349
918	414
918	581
918	674
918	695
918	710
918	828
918	837
918	852
918	861
918	866
918	881
918	967
919	219
919	293
919	327
919	405
919	406
919	498
919	571
919	575
919	615
919	630
919	635
919	705
919	725
919	801
919	827
919	829
919	863
919	924
920	63
920	84
920	211
920	397
920	533
920	583
920	742
920	747
920	757
920	768
920	806
920	831
920	840
920	841
920	893
920	899
920	927
920	938
921	204
921	328
921	348
921	437
921	527
921	544
921	590
921	617
921	628
921	642
921	659
921	862
921	958
921	968
921	982
921	983
921	985
921	996
922	133
922	352
922	388
922	496
922	540
922	557
922	673
922	715
922	718
922	749
922	820
922	855
922	877
922	930
922	939
922	949
922	954
922	957
923	161
923	195
923	254
923	416
923	544
923	564
923	590
923	603
923	614
923	633
923	735
923	839
923	940
923	941
923	943
923	959
923	982
923	983
924	7
924	219
924	276
924	293
924	333
924	406
924	498
924	571
924	575
924	615
924	630
924	635
924	705
924	725
924	829
924	885
924	919
924	941
925	38
925	173
925	269
925	391
925	408
925	492
925	577
925	582
925	593
925	722
925	790
925	841
925	859
925	879
925	880
925	903
925	913
925	964
926	37
926	46
926	97
926	286
926	294
926	303
926	304
926	377
926	450
926	491
926	521
926	573
926	620
926	713
926	819
926	853
926	912
926	934
927	137
927	143
927	167
927	242
927	353
927	543
927	641
927	737
927	792
927	822
927	910
927	920
927	953
927	969
927	976
927	991
927	992
927	993
928	181
928	226
928	263
928	314
928	363
928	509
928	651
928	665
928	679
928	683
928	750
928	776
928	785
928	802
928	854
928	915
928	930
928	987
929	2
929	34
929	67
929	105
929	169
929	252
929	317
929	427
929	580
929	626
929	688
929	775
929	783
929	889
929	952
929	960
929	961
929	980
930	24
930	57
930	181
930	245
930	330
930	567
930	631
930	638
930	651
930	660
930	683
930	830
930	845
930	856
930	915
930	922
930	928
930	971
930	987
931	120
931	183
931	213
931	399
931	400
931	421
931	440
931	513
931	613
931	654
931	698
931	734
931	849
931	865
931	868
931	891
931	896
931	909
931	985
932	92
932	100
932	260
932	272
932	303
932	455
932	563
932	565
932	587
932	701
932	739
932	778
932	807
932	817
932	852
932	892
932	901
932	947
932	952
933	149
933	178
933	220
933	322
933	339
933	431
933	463
933	504
933	530
933	539
933	592
933	694
933	706
933	731
933	790
933	823
933	842
933	860
933	916
934	46
934	78
934	97
934	174
934	304
934	368
934	491
934	499
934	521
934	542
934	573
934	620
934	713
934	819
934	853
934	912
934	926
934	964
934	999
935	61
935	262
935	276
935	308
935	357
935	529
935	531
935	624
935	644
935	699
935	700
935	741
935	749
935	762
935	884
935	902
935	978
935	995
935	999
936	140
936	262
936	308
936	569
936	603
936	610
936	644
936	676
936	700
936	702
936	709
936	712
936	751
936	760
936	762
936	832
936	846
936	887
936	902
937	36
937	89
937	221
937	288
937	307
937	318
937	337
937	461
937	476
937	550
937	558
937	746
937	763
937	777
937	807
937	838
937	895
937	917
937	975
938	29
938	125
938	203
938	210
938	520
938	524
938	552
938	637
938	742
938	755
938	757
938	759
938	772
938	867
938	888
938	893
938	899
938	920
938	986
939	147
939	151
939	201
939	234
939	335
939	373
939	449
939	472
939	540
939	557
939	693
939	718
939	802
939	812
939	820
939	874
939	922
939	954
939	957
940	43
940	161
940	164
940	195
940	479
940	564
940	579
940	642
940	662
940	693
940	735
940	795
940	836
940	923
940	941
940	951
940	959
940	982
940	983
940	985
941	161
941	188
941	333
941	544
941	579
941	633
941	642
941	692
941	693
941	735
941	836
941	839
941	862
941	923
941	924
941	940
941	959
941	982
941	983
941	985
942	1
942	99
942	102
942	311
942	316
942	319
942	355
942	394
942	597
942	684
942	724
942	784
942	791
942	834
942	890
942	955
942	962
942	971
942	984
942	988
943	72
943	104
943	176
943	263
943	348
943	564
943	579
943	614
943	642
943	662
943	735
943	836
943	837
943	839
943	910
943	923
943	959
943	982
943	983
943	985
944	56
944	101
944	170
944	197
944	212
944	255
944	388
944	443
944	456
944	596
944	618
944	624
944	716
944	789
944	809
944	815
944	833
944	848
944	977
944	995
945	14
945	17
945	48
945	328
945	347
945	396
945	431
945	437
945	499
945	523
945	527
945	553
945	617
945	628
945	659
945	753
945	808
945	958
945	962
945	972
946	164
946	184
946	213
946	283
946	344
946	612
946	619
946	687
946	691
946	729
946	788
946	797
946	818
946	849
946	864
946	865
946	891
946	909
946	951
946	956
947	100
947	138
947	149
947	260
947	303
947	411
947	432
947	455
947	563
947	587
947	701
947	739
947	747
947	778
947	807
947	817
947	892
947	901
947	932
947	952
948	68
948	216
948	381
948	428
948	480
948	502
948	517
948	539
948	568
948	649
948	668
948	672
948	752
948	789
948	875
948	900
948	905
948	908
948	968
948	974
948	1000
949	104
949	192
949	201
949	218
949	234
949	241
949	257
949	334
949	388
949	472
949	496
949	500
949	673
949	714
949	812
949	816
949	855
949	889
949	922
949	954
949	957
950	16
950	41
950	238
950	264
950	372
950	418
950	442
950	570
950	604
950	605
950	655
950	685
950	697
950	766
950	767
950	782
950	824
950	871
950	898
950	970
950	979
951	21
951	53
951	175
951	213
951	265
951	266
951	280
951	283
951	284
951	399
951	619
951	691
951	849
951	864
951	865
951	891
951	896
951	940
951	946
951	956
951	959
952	20
952	92
952	100
952	138
952	149
952	272
952	303
952	411
952	563
952	587
952	701
952	739
952	778
952	807
952	817
952	892
952	901
952	903
952	929
952	932
952	947
953	389
953	429
953	663
953	682
953	737
953	762
953	764
953	774
953	792
953	822
953	826
953	886
953	910
953	927
953	963
953	969
953	976
953	991
953	992
953	993
953	995
954	76
954	334
954	335
954	373
954	398
954	404
954	500
954	557
954	714
954	715
954	717
954	738
954	812
954	820
954	874
954	877
954	889
954	910
954	922
954	939
954	949
955	1
955	99
955	102
955	145
955	301
955	311
955	316
955	319
955	332
955	355
955	394
955	648
955	684
955	724
955	784
955	791
955	890
955	942
955	962
955	971
955	984
955	988
956	21
956	53
956	230
956	231
956	266
956	310
956	466
956	505
956	508
956	551
956	602
956	612
956	631
956	687
956	691
956	698
956	849
956	865
956	896
956	909
956	946
956	951
957	5
957	131
957	151
957	241
957	352
957	398
957	404
957	472
957	589
957	714
957	715
957	717
957	718
957	720
957	757
957	812
957	820
957	874
957	877
957	922
957	939
957	949
958	14
958	17
958	44
958	48
958	70
958	204
958	236
958	393
958	396
958	501
958	523
958	527
958	553
958	617
958	628
958	659
958	739
958	753
958	808
958	921
958	945
958	972
959	43
959	164
959	176
959	424
959	564
959	601
959	642
959	662
959	693
959	736
959	792
959	839
959	851
959	862
959	910
959	923
959	940
959	941
959	943
959	951
959	982
959	983
960	2
960	9
960	12
960	83
960	130
960	298
960	374
960	534
960	542
960	580
960	626
960	677
960	688
960	783
960	793
960	857
960	907
960	917
960	929
960	961
960	984
960	997
961	9
961	28
961	81
961	83
961	105
961	169
961	177
961	317
961	503
961	580
961	677
961	688
961	775
961	783
961	793
961	857
961	917
961	929
961	960
961	976
961	980
961	984
962	1
962	99
962	102
962	122
962	301
962	311
962	316
962	319
962	355
962	394
962	684
962	724
962	784
962	791
962	890
962	942
962	945
962	955
962	970
962	971
962	984
962	988
963	44
963	127
963	167
963	194
963	522
963	543
963	629
963	639
963	682
963	737
963	786
963	792
963	822
963	826
963	886
963	953
963	969
963	973
963	976
963	991
963	992
963	993
964	38
964	111
964	142
964	173
964	244
964	269
964	270
964	492
964	582
964	593
964	683
964	702
964	722
964	790
964	841
964	842
964	859
964	879
964	880
964	903
964	913
964	925
964	934
965	27
965	45
965	110
965	157
965	271
965	285
965	292
965	341
965	493
965	495
965	551
965	585
965	589
965	675
965	740
965	808
965	814
965	846
965	854
965	878
965	911
965	986
965	997
966	25
966	27
966	73
966	110
966	247
966	292
966	341
966	365
966	408
966	551
966	565
966	589
966	675
966	712
966	793
966	808
966	814
966	835
966	846
966	878
966	885
966	911
966	986
966	997
967	78
967	82
967	121
967	128
967	185
967	246
967	278
967	336
967	489
967	594
967	674
967	710
967	720
967	727
967	754
967	783
967	828
967	837
967	852
967	861
967	866
967	874
967	881
967	918
968	45
968	198
968	200
968	320
968	343
968	428
968	445
968	480
968	517
968	568
968	576
968	588
968	716
968	782
968	830
968	858
968	869
968	887
968	908
968	921
968	948
968	974
968	996
968	1000
969	127
969	353
969	389
969	497
969	522
969	548
969	639
969	641
969	673
969	682
969	732
969	764
969	774
969	786
969	826
969	886
969	910
969	927
969	953
969	963
969	976
969	991
969	992
969	993
970	16
970	41
970	264
970	312
970	372
970	410
970	418
970	442
970	451
970	558
970	569
970	570
970	604
970	605
970	655
970	685
970	697
970	767
970	824
970	871
970	898
970	950
970	962
970	979
971	52
971	153
971	187
971	449
971	544
971	684
971	724
971	784
971	787
971	791
971	811
971	827
971	843
971	890
971	894
971	930
971	942
971	955
971	962
971	981
971	984
971	988
971	994
972	14
972	17
972	44
972	70
972	204
972	236
972	328
972	347
972	396
972	431
972	437
972	523
972	527
972	528
972	553
972	617
972	628
972	659
972	737
972	753
972	808
972	856
972	945
972	958
973	69
973	215
973	239
973	309
973	315
973	360
973	417
973	435
973	436
973	444
973	469
973	525
973	542
973	680
973	696
973	704
973	717
973	799
973	821
973	833
973	914
973	963
973	975
973	990
974	33
974	154
974	193
974	198
974	216
974	222
974	480
974	568
974	571
974	588
974	608
974	635
974	668
974	680
974	738
974	782
974	875
974	887
974	900
974	908
974	948
974	968
974	996
974	1000
975	69
975	112
975	125
975	215
975	233
975	309
975	315
975	340
975	360
975	417
975	435
975	444
975	464
975	525
975	578
975	680
975	696
975	704
975	799
975	821
975	833
975	914
975	937
975	973
975	990
976	65
976	143
976	182
976	429
976	501
976	629
976	663
976	682
976	707
976	737
976	764
976	774
976	792
976	822
976	880
976	886
976	917
976	927
976	953
976	961
976	963
976	969
976	991
976	992
976	993
977	8
977	101
977	170
977	243
977	255
977	285
977	325
977	554
977	596
977	611
977	618
977	716
977	720
977	729
977	733
977	789
977	797
977	800
977	809
977	816
977	848
977	912
977	944
977	989
977	995
978	189
978	199
978	456
978	516
978	526
978	569
978	610
978	625
978	646
978	676
978	699
978	700
978	702
978	709
978	712
978	743
978	749
978	760
978	762
978	780
978	884
978	902
978	935
978	998
978	999
979	16
979	41
979	238
979	312
979	369
979	372
979	410
979	418
979	442
979	451
979	489
979	569
979	570
979	604
979	655
979	685
979	697
979	767
979	824
979	855
979	871
979	898
979	899
979	950
979	970
980	19
980	40
980	67
980	81
980	83
980	105
980	130
980	139
980	214
980	279
980	319
980	374
980	393
980	441
980	503
980	516
980	534
980	626
980	775
980	783
980	793
980	907
980	917
980	929
980	961
980	984
981	26
981	52
981	79
981	114
981	187
981	214
981	248
981	267
981	268
981	275
981	467
981	478
981	494
981	510
981	591
981	611
981	730
981	732
981	753
981	787
981	811
981	813
981	814
981	843
981	971
981	994
982	43
982	72
982	150
982	195
982	263
982	348
982	603
982	614
982	633
982	686
982	692
982	693
982	735
982	736
982	772
982	806
982	839
982	851
982	906
982	921
982	923
982	940
982	941
982	943
982	959
982	985
983	150
983	263
983	284
983	564
983	579
983	590
983	603
983	614
983	662
983	686
983	692
983	693
983	719
983	735
983	736
983	836
983	839
983	851
983	862
983	921
983	923
983	940
983	941
983	943
983	959
983	985
984	79
984	81
984	214
984	311
984	382
984	441
984	626
984	684
984	724
984	783
984	784
984	791
984	793
984	808
984	890
984	907
984	916
984	942
984	955
984	960
984	961
984	962
984	971
984	980
984	988
985	72
985	188
985	195
985	348
985	561
985	564
985	579
985	601
985	633
985	642
985	662
985	692
985	693
985	735
985	736
985	836
985	851
985	862
985	881
985	921
985	931
985	940
985	941
985	943
985	982
985	983
986	25
986	125
986	157
986	240
986	247
986	306
986	457
986	524
986	565
986	585
986	607
986	627
986	636
986	637
986	643
986	755
986	772
986	784
986	835
986	878
986	888
986	911
986	938
986	965
986	966
986	991
986	997
987	24
987	159
987	181
987	229
987	244
987	245
987	326
987	330
987	363
987	380
987	452
987	477
987	486
987	567
987	631
987	638
987	651
987	660
987	665
987	683
987	826
987	830
987	845
987	856
987	915
987	928
987	930
988	32
988	118
988	228
988	259
988	311
988	375
988	386
988	387
988	394
988	475
988	528
988	548
988	667
988	669
988	684
988	703
988	724
988	784
988	791
988	834
988	851
988	890
988	942
988	955
988	962
988	971
988	984
989	56
989	170
989	243
989	249
989	285
989	391
989	413
989	443
989	456
989	515
989	554
989	596
989	618
989	652
989	662
989	716
989	720
989	729
989	733
989	789
989	815
989	816
989	833
989	848
989	879
989	977
989	995
990	55
990	69
990	125
990	215
990	233
990	309
990	340
990	360
990	404
990	417
990	420
990	435
990	436
990	444
990	469
990	542
990	578
990	680
990	696
990	704
990	722
990	799
990	821
990	833
990	842
990	914
990	973
990	975
991	127
991	231
991	353
991	389
991	429
991	525
991	639
991	641
991	663
991	682
991	707
991	764
991	774
991	786
991	792
991	822
991	826
991	852
991	886
991	910
991	927
991	953
991	963
991	969
991	976
991	986
991	992
991	993
992	137
992	143
992	167
992	314
992	350
992	353
992	429
992	497
992	501
992	522
992	543
992	641
992	663
992	707
992	718
992	774
992	786
992	822
992	886
992	910
992	913
992	927
992	953
992	963
992	969
992	976
992	991
992	993
993	65
993	167
993	182
993	242
993	501
993	543
993	618
993	629
993	639
993	641
993	682
993	707
993	764
993	774
993	786
993	792
993	805
993	822
993	826
993	857
993	886
993	927
993	953
993	963
993	969
993	976
993	991
993	992
994	26
994	79
994	153
994	170
994	187
994	248
994	256
994	267
994	268
994	449
994	467
994	477
994	478
994	494
994	606
994	611
994	653
994	657
994	666
994	670
994	730
994	732
994	787
994	811
994	827
994	843
994	847
994	971
994	981
995	212
995	255
995	296
995	302
995	345
995	395
995	438
995	451
995	497
995	532
995	600
995	632
995	652
995	667
995	669
995	729
995	733
995	766
995	789
995	797
995	809
995	815
995	816
995	905
995	935
995	944
995	953
995	977
995	989
996	45
996	90
996	142
996	168
996	200
996	216
996	222
996	381
996	390
996	399
996	432
996	480
996	517
996	568
996	576
996	588
996	608
996	738
996	782
996	789
996	869
996	875
996	887
996	895
996	900
996	908
996	921
996	968
996	974
996	1000
997	73
997	136
997	157
997	247
997	271
997	274
997	292
997	341
997	366
997	493
997	495
997	507
997	538
997	575
997	585
997	589
997	627
997	675
997	679
997	740
997	808
997	835
997	846
997	854
997	878
997	911
997	960
997	965
997	966
997	986
998	47
998	59
998	76
998	94
998	202
998	301
998	425
998	447
998	490
998	531
998	546
998	621
998	624
998	699
998	700
998	751
998	752
998	762
998	780
998	832
998	869
998	884
998	885
998	902
998	907
998	978
999	30
999	76
999	117
999	165
999	179
999	189
999	226
999	262
999	289
999	301
999	355
999	357
999	526
999	529
999	624
999	625
999	644
999	646
999	676
999	699
999	712
999	741
999	749
999	760
999	780
999	832
999	844
999	934
999	935
999	978
1000	4
1000	193
1000	229
1000	257
1000	309
1000	320
1000	343
1000	381
1000	399
1000	423
1000	428
1000	445
1000	505
1000	517
1000	576
1000	608
1000	649
1000	658
1000	672
1000	738
1000	825
1000	858
1000	869
1000	887
1000	905
1000	908
1000	948
1000	968
1000	974
1000	996
